Delta = 4.490e-01 gamma
 step      t        T_in_plane/mK   T_out_of_plane/mK   T_tot/mK
    0  0.00e+00      1.88638e-29       0.00000e+00       1.25759e-29
    1  1.00e-06      5.05072e-03       5.22881e-03       5.11008e-03
    2  2.00e-06      9.24911e-03       1.05341e-02       9.67743e-03
    3  3.00e-06      1.29262e-02       1.32810e-02       1.30445e-02
    4  4.00e-06      1.50765e-02       1.88343e-02       1.63291e-02
    5  5.00e-06      1.86742e-02       1.87944e-02       1.87143e-02
    6  6.00e-06      2.23668e-02       2.49176e-02       2.32170e-02
    7  7.00e-06      2.46200e-02       2.63046e-02       2.51815e-02
    8  8.00e-06      2.67729e-02       3.54996e-02       2.96818e-02
    9  9.00e-06      3.07507e-02       3.48652e-02       3.21222e-02
   10  1.00e-05      3.73011e-02       3.97527e-02       3.81183e-02
   11  1.10e-05      4.02070e-02       3.87695e-02       3.97278e-02
   12  1.20e-05      4.21162e-02       6.17939e-02       4.86754e-02
   13  1.30e-05      4.80122e-02       5.60403e-02       5.06882e-02
   14  1.40e-05      5.29172e-02       5.91368e-02       5.49904e-02
   15  1.50e-05      5.58650e-02       5.74699e-02       5.64000e-02
   16  1.60e-05      5.66657e-02       7.78208e-02       6.37174e-02
   17  1.70e-05      6.19468e-02       6.25517e-02       6.21484e-02
   18  1.80e-05      6.08857e-02       6.76328e-02       6.31348e-02
   19  1.90e-05      6.33084e-02       6.76100e-02       6.47423e-02
   20  2.00e-05      6.28096e-02       7.74457e-02       6.76883e-02
   21  2.10e-05      6.79902e-02       7.20529e-02       6.93444e-02
   22  2.20e-05      7.01654e-02       9.02663e-02       7.68657e-02
   23  2.30e-05      7.36764e-02       7.97483e-02       7.57003e-02
   24  2.40e-05      7.72839e-02       1.01254e-01       8.52738e-02
   25  2.50e-05      7.91082e-02       9.32819e-02       8.38328e-02
   26  2.60e-05      8.57964e-02       9.16644e-02       8.77524e-02
   27  2.70e-05      9.01703e-02       8.81520e-02       8.94976e-02
   28  2.80e-05      9.09055e-02       9.82470e-02       9.33527e-02
   29  2.90e-05      9.72588e-02       1.01587e-01       9.87014e-02
   30  3.00e-05      9.90615e-02       1.10193e-01       1.02772e-01
   31  3.10e-05      1.00979e-01       1.10291e-01       1.04083e-01
   32  3.20e-05      1.04518e-01       1.08238e-01       1.05758e-01
   33  3.30e-05      1.05779e-01       1.21816e-01       1.11125e-01
   34  3.40e-05      1.08506e-01       1.14392e-01       1.10468e-01
   35  3.50e-05      1.16098e-01       1.15501e-01       1.15899e-01
   36  3.60e-05      1.15994e-01       1.20359e-01       1.17449e-01
   37  3.70e-05      1.19842e-01       1.14519e-01       1.18068e-01
   38  3.80e-05      1.18260e-01       1.15583e-01       1.17368e-01
   39  3.90e-05      1.22238e-01       1.27853e-01       1.24110e-01
   40  4.00e-05      1.27844e-01       1.09878e-01       1.21855e-01
   41  4.10e-05      1.34720e-01       1.29159e-01       1.32867e-01
   42  4.20e-05      1.39088e-01       1.35159e-01       1.37778e-01
   43  4.30e-05      1.42688e-01       1.25589e-01       1.36988e-01
   44  4.40e-05      1.47722e-01       1.36905e-01       1.44116e-01
   45  4.50e-05      1.49563e-01       1.48675e-01       1.49267e-01
   46  4.60e-05      1.61993e-01       1.58110e-01       1.60699e-01
   47  4.70e-05      1.65434e-01       1.52350e-01       1.61073e-01
   48  4.80e-05      1.68404e-01       1.72307e-01       1.69705e-01
   49  4.90e-05      1.73033e-01       1.21742e-01       1.55936e-01
   50  5.00e-05      1.78150e-01       1.47547e-01       1.67949e-01
   51  5.10e-05      1.79578e-01       1.26502e-01       1.61886e-01
   52  5.20e-05      1.82153e-01       1.40390e-01       1.68232e-01
   53  5.30e-05      1.86101e-01       1.29794e-01       1.67332e-01
   54  5.40e-05      1.91333e-01       1.59923e-01       1.80863e-01
   55  5.50e-05      1.92567e-01       1.43027e-01       1.76054e-01
   56  5.60e-05      1.94964e-01       1.49424e-01       1.79784e-01
   57  5.70e-05      2.01133e-01       1.55626e-01       1.85964e-01
   58  5.80e-05      2.04192e-01       1.38604e-01       1.82329e-01
   59  5.90e-05      2.04292e-01       1.61485e-01       1.90023e-01
   60  6.00e-05      2.08527e-01       1.54235e-01       1.90430e-01
   61  6.10e-05      2.10634e-01       1.67889e-01       1.96386e-01
   62  6.20e-05      2.13943e-01       1.78620e-01       2.02169e-01
   63  6.30e-05      2.15288e-01       1.58903e-01       1.96493e-01
   64  6.40e-05      2.28846e-01       1.44940e-01       2.00877e-01
   65  6.50e-05      2.33952e-01       1.65268e-01       2.11057e-01
   66  6.60e-05      2.39689e-01       1.70048e-01       2.16475e-01
   67  6.70e-05      2.41924e-01       1.69010e-01       2.17619e-01
   68  6.80e-05      2.40771e-01       1.70060e-01       2.17201e-01
   69  6.90e-05      2.53500e-01       2.04568e-01       2.37189e-01
   70  7.00e-05      2.57493e-01       2.34784e-01       2.49923e-01
   71  7.10e-05      2.62792e-01       1.68767e-01       2.31450e-01
   72  7.20e-05      2.65161e-01       2.17950e-01       2.49424e-01
   73  7.30e-05      2.64954e-01       1.86644e-01       2.38851e-01
   74  7.40e-05      2.72834e-01       2.04318e-01       2.49995e-01
   75  7.50e-05      2.76881e-01       1.51026e-01       2.34930e-01
   76  7.60e-05      2.84750e-01       2.09288e-01       2.59596e-01
   77  7.70e-05      2.84131e-01       2.11559e-01       2.59940e-01
   78  7.80e-05      2.93564e-01       1.94883e-01       2.60670e-01
   79  7.90e-05      2.93664e-01       2.44899e-01       2.77409e-01
   80  8.00e-05      2.95163e-01       2.11314e-01       2.67213e-01
   81  8.10e-05      2.92737e-01       2.40050e-01       2.75174e-01
   82  8.20e-05      2.98023e-01       2.19958e-01       2.72001e-01
   83  8.30e-05      2.97412e-01       2.06308e-01       2.67044e-01
   84  8.40e-05      2.99986e-01       2.43955e-01       2.81309e-01
   85  8.50e-05      2.97617e-01       2.11017e-01       2.68750e-01
   86  8.60e-05      2.98107e-01       2.37373e-01       2.77862e-01
   87  8.70e-05      3.02428e-01       2.59838e-01       2.88231e-01
   88  8.80e-05      3.09762e-01       2.30603e-01       2.83375e-01
   89  8.90e-05      3.17397e-01       2.34101e-01       2.89632e-01
   90  9.00e-05      3.26441e-01       2.28610e-01       2.93831e-01
   91  9.10e-05      3.29041e-01       2.32232e-01       2.96771e-01
   92  9.20e-05      3.25893e-01       2.08835e-01       2.86873e-01
   93  9.30e-05      3.28320e-01       2.00436e-01       2.85692e-01
   94  9.40e-05      3.28708e-01       2.07715e-01       2.88377e-01
   95  9.50e-05      3.34309e-01       2.14341e-01       2.94320e-01
   96  9.60e-05      3.38276e-01       2.30866e-01       3.02473e-01
   97  9.70e-05      3.42693e-01       2.34911e-01       3.06766e-01
   98  9.80e-05      3.44551e-01       2.35885e-01       3.08329e-01
   99  9.90e-05      3.49677e-01       2.39848e-01       3.13067e-01
  100  1.00e-04      3.56294e-01       2.32004e-01       3.14864e-01
  101  1.01e-04      3.56077e-01       1.94834e-01       3.02329e-01
  102  1.02e-04      3.59840e-01       2.47245e-01       3.22308e-01
  103  1.03e-04      3.62611e-01       2.24352e-01       3.16524e-01
  104  1.04e-04      3.68607e-01       2.19038e-01       3.18751e-01
  105  1.05e-04      3.75459e-01       2.27395e-01       3.26104e-01
  106  1.06e-04      3.79921e-01       2.07536e-01       3.22459e-01
  107  1.07e-04      3.83013e-01       2.22995e-01       3.29673e-01
  108  1.08e-04      3.85233e-01       2.53756e-01       3.41407e-01
  109  1.09e-04      3.93019e-01       2.12875e-01       3.32971e-01
  110  1.10e-04      3.96948e-01       2.22295e-01       3.38730e-01
  111  1.11e-04      4.18050e-01       2.30873e-01       3.55658e-01
  112  1.12e-04      4.19259e-01       2.37525e-01       3.58681e-01
  113  1.13e-04      4.34830e-01       2.47787e-01       3.72482e-01
  114  1.14e-04      4.38464e-01       2.45966e-01       3.74298e-01
  115  1.15e-04      4.32138e-01       2.43398e-01       3.69225e-01
  116  1.16e-04      4.36723e-01       2.45919e-01       3.73121e-01
  117  1.17e-04      4.44924e-01       2.09091e-01       3.66313e-01
  118  1.18e-04      4.49253e-01       2.36639e-01       3.78382e-01
  119  1.19e-04      4.64134e-01       2.67548e-01       3.98605e-01
  120  1.20e-04      4.67201e-01       2.69517e-01       4.01306e-01
  121  1.21e-04      4.67838e-01       2.66475e-01       4.00717e-01
  122  1.22e-04      4.70033e-01       2.80546e-01       4.06871e-01
  123  1.23e-04      4.78135e-01       2.81433e-01       4.12567e-01
  124  1.24e-04      4.88990e-01       3.26493e-01       4.34824e-01
  125  1.25e-04      4.89611e-01       2.64717e-01       4.14646e-01
  126  1.26e-04      4.93756e-01       2.81472e-01       4.22995e-01
  127  1.27e-04      5.05668e-01       3.10506e-01       4.40614e-01
  128  1.28e-04      5.07106e-01       2.68782e-01       4.27665e-01
  129  1.29e-04      5.19601e-01       2.91487e-01       4.43563e-01
  130  1.30e-04      5.30826e-01       3.27458e-01       4.63036e-01
  131  1.31e-04      5.36031e-01       3.09421e-01       4.60495e-01
  132  1.32e-04      5.36158e-01       2.60651e-01       4.44322e-01
  133  1.33e-04      5.51999e-01       2.90289e-01       4.64762e-01
  134  1.34e-04      5.50612e-01       2.81335e-01       4.60853e-01
  135  1.35e-04      5.50191e-01       2.58309e-01       4.52897e-01
  136  1.36e-04      5.60616e-01       3.12847e-01       4.78027e-01
  137  1.37e-04      5.66187e-01       2.91897e-01       4.74757e-01
  138  1.38e-04      5.64527e-01       3.14005e-01       4.81020e-01
  139  1.39e-04      5.72959e-01       2.57662e-01       4.67860e-01
  140  1.40e-04      5.66258e-01       2.43140e-01       4.58552e-01
  141  1.41e-04      5.81361e-01       2.79070e-01       4.80597e-01
  142  1.42e-04      5.85000e-01       2.32117e-01       4.67373e-01
  143  1.43e-04      5.87141e-01       2.42525e-01       4.72269e-01
  144  1.44e-04      5.94770e-01       2.58343e-01       4.82627e-01
  145  1.45e-04      5.99766e-01       2.74015e-01       4.91183e-01
  146  1.46e-04      5.96166e-01       2.32213e-01       4.74849e-01
  147  1.47e-04      5.97968e-01       2.22544e-01       4.72826e-01
  148  1.48e-04      5.90729e-01       2.74995e-01       4.85484e-01
  149  1.49e-04      6.07856e-01       2.23633e-01       4.79782e-01
  150  1.50e-04      6.09659e-01       2.07287e-01       4.75535e-01
  151  1.51e-04      6.10540e-01       2.43637e-01       4.88239e-01
  152  1.52e-04      6.14938e-01       2.13587e-01       4.81154e-01
  153  1.53e-04      6.22664e-01       2.21582e-01       4.88970e-01
  154  1.54e-04      6.30436e-01       2.12762e-01       4.91212e-01
  155  1.55e-04      6.31521e-01       2.73089e-01       5.12043e-01
  156  1.56e-04      6.34604e-01       2.29413e-01       4.99540e-01
  157  1.57e-04      6.40934e-01       2.36164e-01       5.06010e-01
  158  1.58e-04      6.46115e-01       2.40735e-01       5.10988e-01
  159  1.59e-04      6.54127e-01       2.46271e-01       5.18175e-01
  160  1.60e-04      6.63266e-01       2.58224e-01       5.28252e-01
  161  1.61e-04      6.69222e-01       2.57040e-01       5.31828e-01
  162  1.62e-04      6.77684e-01       2.78529e-01       5.44633e-01
  163  1.63e-04      6.78564e-01       2.68462e-01       5.41863e-01
  164  1.64e-04      6.74291e-01       2.76451e-01       5.41678e-01
  165  1.65e-04      6.79492e-01       2.92195e-01       5.50393e-01
  166  1.66e-04      6.67715e-01       2.72240e-01       5.35890e-01
  167  1.67e-04      6.70465e-01       2.85195e-01       5.42042e-01
  168  1.68e-04      6.75720e-01       2.90697e-01       5.47379e-01
  169  1.69e-04      6.67213e-01       3.14824e-01       5.49750e-01
  170  1.70e-04      6.76392e-01       2.85074e-01       5.45952e-01
  171  1.71e-04      6.85102e-01       3.03327e-01       5.57843e-01
  172  1.72e-04      6.82314e-01       3.30925e-01       5.65184e-01
  173  1.73e-04      6.86430e-01       3.01425e-01       5.58095e-01
  174  1.74e-04      6.88582e-01       3.16911e-01       5.64692e-01
  175  1.75e-04      6.91139e-01       3.40911e-01       5.74397e-01
  176  1.76e-04      6.97063e-01       3.18495e-01       5.70874e-01
  177  1.77e-04      6.95536e-01       2.93428e-01       5.61500e-01
  178  1.78e-04      7.11882e-01       3.16501e-01       5.80088e-01
  179  1.79e-04      7.12876e-01       3.36481e-01       5.87411e-01
  180  1.80e-04      7.30093e-01       3.32255e-01       5.97480e-01
  181  1.81e-04      7.44982e-01       3.07922e-01       5.99295e-01
  182  1.82e-04      7.50868e-01       3.25216e-01       6.08984e-01
  183  1.83e-04      7.53420e-01       2.79959e-01       5.95600e-01
  184  1.84e-04      7.64046e-01       2.79133e-01       6.02409e-01
  185  1.85e-04      7.63523e-01       2.66722e-01       5.97922e-01
  186  1.86e-04      7.65125e-01       3.12536e-01       6.14262e-01
  187  1.87e-04      7.70747e-01       3.06763e-01       6.16085e-01
  188  1.88e-04      7.72308e-01       2.83248e-01       6.09288e-01
  189  1.89e-04      7.60647e-01       3.06130e-01       6.09141e-01
  190  1.90e-04      7.66918e-01       2.56477e-01       5.96771e-01
  191  1.91e-04      7.68069e-01       3.19362e-01       6.18500e-01
  192  1.92e-04      7.71537e-01       2.75198e-01       6.06091e-01
  193  1.93e-04      7.79565e-01       3.04513e-01       6.21214e-01
  194  1.94e-04      7.81117e-01       3.39623e-01       6.33952e-01
  195  1.95e-04      7.83823e-01       3.14365e-01       6.27337e-01
  196  1.96e-04      7.98448e-01       3.17503e-01       6.38133e-01
  197  1.97e-04      7.86767e-01       3.05853e-01       6.26462e-01
  198  1.98e-04      7.90665e-01       2.70285e-01       6.17205e-01
  199  1.99e-04      7.93466e-01       2.99657e-01       6.28863e-01
  200  2.00e-04      8.03778e-01       2.73794e-01       6.27117e-01
  201  2.01e-04      8.01423e-01       3.18370e-01       6.40405e-01
  202  2.02e-04      7.97191e-01       3.65884e-01       6.53422e-01
  203  2.03e-04      7.99126e-01       3.49846e-01       6.49366e-01
  204  2.04e-04      8.03722e-01       3.57758e-01       6.55067e-01
  205  2.05e-04      8.11967e-01       2.93567e-01       6.39167e-01
  206  2.06e-04      8.06797e-01       3.23141e-01       6.45578e-01
  207  2.07e-04      8.00189e-01       3.53293e-01       6.51223e-01
  208  2.08e-04      7.89294e-01       2.84392e-01       6.20993e-01
  209  2.09e-04      8.01765e-01       3.35852e-01       6.46461e-01
  210  2.10e-04      8.08394e-01       3.29212e-01       6.48667e-01
  211  2.11e-04      8.11420e-01       2.85285e-01       6.36042e-01
  212  2.12e-04      8.16513e-01       3.51332e-01       6.61452e-01
  213  2.13e-04      8.19496e-01       2.92502e-01       6.43831e-01
  214  2.14e-04      8.13005e-01       2.98469e-01       6.41493e-01
  215  2.15e-04      8.22191e-01       3.40150e-01       6.61511e-01
  216  2.16e-04      8.34596e-01       3.05262e-01       6.58151e-01
  217  2.17e-04      8.26235e-01       3.43372e-01       6.65281e-01
  218  2.18e-04      8.35359e-01       3.40090e-01       6.70269e-01
  219  2.19e-04      8.41024e-01       3.49792e-01       6.77280e-01
  220  2.20e-04      8.43200e-01       2.88682e-01       6.58361e-01
  221  2.21e-04      8.56121e-01       3.59234e-01       6.90492e-01
  222  2.22e-04      8.59517e-01       3.04370e-01       6.74468e-01
  223  2.23e-04      8.69909e-01       3.11370e-01       6.83729e-01
  224  2.24e-04      8.70361e-01       3.42252e-01       6.94325e-01
  225  2.25e-04      8.79987e-01       3.32972e-01       6.97649e-01
  226  2.26e-04      8.98999e-01       3.33048e-01       7.10349e-01
  227  2.27e-04      8.99480e-01       3.38702e-01       7.12554e-01
  228  2.28e-04      9.08713e-01       3.23594e-01       7.13673e-01
  229  2.29e-04      9.09854e-01       3.00034e-01       7.06581e-01
  230  2.30e-04      9.04640e-01       2.97427e-01       7.02236e-01
  231  2.31e-04      9.01750e-01       2.83422e-01       6.95641e-01
  232  2.32e-04      9.08838e-01       3.36187e-01       7.17954e-01
  233  2.33e-04      9.10210e-01       2.96426e-01       7.05615e-01
  234  2.34e-04      9.07744e-01       2.90157e-01       7.01882e-01
  235  2.35e-04      9.17235e-01       2.87222e-01       7.07230e-01
  236  2.36e-04      9.13704e-01       3.29146e-01       7.18851e-01
  237  2.37e-04      9.22826e-01       2.75190e-01       7.06947e-01
  238  2.38e-04      9.34131e-01       2.40223e-01       7.02828e-01
  239  2.39e-04      9.36571e-01       3.19868e-01       7.31003e-01
  240  2.40e-04      9.33152e-01       2.39627e-01       7.01977e-01
  241  2.41e-04      9.41940e-01       2.68528e-01       7.17469e-01
  242  2.42e-04      9.43899e-01       3.13396e-01       7.33732e-01
  243  2.43e-04      9.43866e-01       2.79900e-01       7.22544e-01
  244  2.44e-04      9.38719e-01       2.77889e-01       7.18442e-01
  245  2.45e-04      9.49070e-01       3.09116e-01       7.35752e-01
  246  2.46e-04      9.55884e-01       2.85468e-01       7.32412e-01
  247  2.47e-04      9.58648e-01       2.71289e-01       7.29528e-01
  248  2.48e-04      9.59670e-01       2.89351e-01       7.36231e-01
  249  2.49e-04      9.64110e-01       2.37785e-01       7.22002e-01
  250  2.50e-04      9.74105e-01       3.04264e-01       7.50824e-01
  251  2.51e-04      9.73675e-01       2.90999e-01       7.46116e-01
  252  2.52e-04      9.73662e-01       3.00405e-01       7.49243e-01
  253  2.53e-04      9.72476e-01       2.52734e-01       7.32562e-01
  254  2.54e-04      9.82752e-01       3.10741e-01       7.58748e-01
  255  2.55e-04      9.88675e-01       2.93219e-01       7.56856e-01
  256  2.56e-04      9.88515e-01       2.79896e-01       7.52308e-01
  257  2.57e-04      1.00053e+00       2.83252e-01       7.61436e-01
  258  2.58e-04      9.93212e-01       2.82768e-01       7.56397e-01
  259  2.59e-04      9.99772e-01       2.54033e-01       7.51192e-01
  260  2.60e-04      1.00236e+00       2.64901e-01       7.56542e-01
  261  2.61e-04      1.00431e+00       2.56579e-01       7.55068e-01
  262  2.62e-04      1.00672e+00       2.15097e-01       7.42844e-01
  263  2.63e-04      1.01487e+00       2.69209e-01       7.66313e-01
  264  2.64e-04      1.02517e+00       2.87068e-01       7.79134e-01
  265  2.65e-04      1.01568e+00       2.87053e-01       7.72805e-01
  266  2.66e-04      1.02004e+00       3.15949e-01       7.85343e-01
  267  2.67e-04      1.03560e+00       3.35798e-01       8.02331e-01
  268  2.68e-04      1.03761e+00       2.84702e-01       7.86641e-01
  269  2.69e-04      1.05462e+00       2.77952e-01       7.95730e-01
  270  2.70e-04      1.06979e+00       3.10716e-01       8.16767e-01
  271  2.71e-04      1.06119e+00       2.60627e-01       7.94336e-01
  272  2.72e-04      1.06795e+00       2.70542e-01       8.02146e-01
  273  2.73e-04      1.06378e+00       2.78007e-01       8.01855e-01
  274  2.74e-04      1.06442e+00       2.40092e-01       7.89641e-01
  275  2.75e-04      1.07256e+00       2.52614e-01       7.99241e-01
  276  2.76e-04      1.07171e+00       2.97455e-01       8.13628e-01
  277  2.77e-04      1.07985e+00       2.65073e-01       8.08257e-01
  278  2.78e-04      1.07994e+00       2.85983e-01       8.15288e-01
  279  2.79e-04      1.08216e+00       3.17892e-01       8.27407e-01
  280  2.80e-04      1.08833e+00       3.07818e-01       8.28157e-01
  281  2.81e-04      1.08664e+00       2.59810e-01       8.11031e-01
  282  2.82e-04      1.10072e+00       3.10394e-01       8.37276e-01
  283  2.83e-04      1.10633e+00       2.66871e-01       8.26512e-01
  284  2.84e-04      1.11236e+00       2.73280e-01       8.32666e-01
  285  2.85e-04      1.12634e+00       2.70639e-01       8.41105e-01
  286  2.86e-04      1.12986e+00       2.31948e-01       8.30556e-01
  287  2.87e-04      1.12867e+00       3.10741e-01       8.56030e-01
  288  2.88e-04      1.13421e+00       2.63706e-01       8.44041e-01
  289  2.89e-04      1.14796e+00       3.04365e-01       8.66762e-01
  290  2.90e-04      1.13666e+00       2.71360e-01       8.48227e-01
  291  2.91e-04      1.13383e+00       3.15524e-01       8.61062e-01
  292  2.92e-04      1.14249e+00       2.61245e-01       8.48741e-01
  293  2.93e-04      1.16221e+00       3.04140e-01       8.76183e-01
  294  2.94e-04      1.15884e+00       2.82975e-01       8.66884e-01
  295  2.95e-04      1.16962e+00       3.48651e-01       8.95963e-01
  296  2.96e-04      1.18655e+00       3.08496e-01       8.93864e-01
  297  2.97e-04      1.18174e+00       3.48753e-01       9.04080e-01
  298  2.98e-04      1.19078e+00       3.36525e-01       9.06031e-01
  299  2.99e-04      1.18751e+00       3.36606e-01       9.03872e-01
  300  3.00e-04      1.19263e+00       3.79475e-01       9.21579e-01
  301  3.01e-04      1.21426e+00       3.15906e-01       9.14809e-01
  302  3.02e-04      1.21174e+00       3.29500e-01       9.17659e-01
  303  3.03e-04      1.21440e+00       3.28855e-01       9.19215e-01
  304  3.04e-04      1.20943e+00       3.32730e-01       9.17196e-01
  305  3.05e-04      1.20716e+00       2.72370e-01       8.95565e-01
  306  3.06e-04      1.23877e+00       3.52635e-01       9.43391e-01
  307  3.07e-04      1.24900e+00       3.58673e-01       9.52225e-01
  308  3.08e-04      1.25311e+00       3.38191e-01       9.48134e-01
  309  3.09e-04      1.25030e+00       3.18863e-01       9.39819e-01
  310  3.10e-04      1.25778e+00       3.26375e-01       9.47314e-01
  311  3.11e-04      1.25951e+00       3.27521e-01       9.48845e-01
  312  3.12e-04      1.26063e+00       2.73302e-01       9.31522e-01
  313  3.13e-04      1.25199e+00       2.69670e-01       9.24548e-01
  314  3.14e-04      1.25350e+00       2.98172e-01       9.35055e-01
  315  3.15e-04      1.24881e+00       3.29194e-01       9.42273e-01
  316  3.16e-04      1.23489e+00       2.96273e-01       9.22019e-01
  317  3.17e-04      1.22607e+00       2.95186e-01       9.15778e-01
  318  3.18e-04      1.22123e+00       2.69670e-01       9.04045e-01
  319  3.19e-04      1.22765e+00       2.51058e-01       9.02120e-01
  320  3.20e-04      1.22363e+00       2.62875e-01       9.03376e-01
  321  3.21e-04      1.22188e+00       2.67465e-01       9.03741e-01
  322  3.22e-04      1.23400e+00       3.02400e-01       9.23465e-01
  323  3.23e-04      1.21879e+00       2.61103e-01       8.99559e-01
  324  3.24e-04      1.21339e+00       3.10153e-01       9.12309e-01
  325  3.25e-04      1.23129e+00       2.53715e-01       9.05430e-01
  326  3.26e-04      1.22049e+00       2.99030e-01       9.13335e-01
  327  3.27e-04      1.23490e+00       2.82076e-01       9.17294e-01
  328  3.28e-04      1.22854e+00       2.74879e-01       9.10653e-01
  329  3.29e-04      1.23347e+00       3.48669e-01       9.38537e-01
  330  3.30e-04      1.24183e+00       2.94133e-01       9.25928e-01
  331  3.31e-04      1.23005e+00       3.27786e-01       9.29294e-01
  332  3.32e-04      1.23739e+00       2.87448e-01       9.20745e-01
  333  3.33e-04      1.23819e+00       3.31668e-01       9.36013e-01
  334  3.34e-04      1.25221e+00       2.86337e-01       9.30249e-01
  335  3.35e-04      1.25738e+00       3.14617e-01       9.43128e-01
  336  3.36e-04      1.25829e+00       3.39225e-01       9.51932e-01
  337  3.37e-04      1.25563e+00       3.02716e-01       9.37994e-01
  338  3.38e-04      1.26946e+00       3.17015e-01       9.51976e-01
  339  3.39e-04      1.26235e+00       3.46694e-01       9.57130e-01
  340  3.40e-04      1.26289e+00       2.87305e-01       9.37695e-01
  341  3.41e-04      1.26622e+00       3.54931e-01       9.62459e-01
  342  3.42e-04      1.27806e+00       3.24647e-01       9.60256e-01
  343  3.43e-04      1.28164e+00       2.94734e-01       9.52668e-01
  344  3.44e-04      1.28156e+00       3.13620e-01       9.58914e-01
  345  3.45e-04      1.28120e+00       3.09020e-01       9.57137e-01
  346  3.46e-04      1.29072e+00       2.77049e-01       9.52827e-01
  347  3.47e-04      1.29442e+00       3.30038e-01       9.72961e-01
  348  3.48e-04      1.29507e+00       3.22140e-01       9.70757e-01
  349  3.49e-04      1.29759e+00       3.03041e-01       9.66072e-01
  350  3.50e-04      1.32643e+00       3.65730e-01       1.00620e+00
  351  3.51e-04      1.32654e+00       2.55793e-01       9.69624e-01
  352  3.52e-04      1.33268e+00       2.84381e-01       9.83246e-01
  353  3.53e-04      1.32776e+00       3.54876e-01       1.00346e+00
  354  3.54e-04      1.34366e+00       3.21425e-01       1.00291e+00
  355  3.55e-04      1.35264e+00       2.95959e-01       1.00042e+00
  356  3.56e-04      1.36655e+00       3.41631e-01       1.02491e+00
  357  3.57e-04      1.38149e+00       2.98590e-01       1.02052e+00
  358  3.58e-04      1.39749e+00       3.37447e-01       1.04415e+00
  359  3.59e-04      1.41157e+00       2.76889e-01       1.03334e+00
  360  3.60e-04      1.40993e+00       3.63474e-01       1.06111e+00
  361  3.61e-04      1.42525e+00       3.46837e-01       1.06578e+00
  362  3.62e-04      1.43305e+00       3.79500e-01       1.08187e+00
  363  3.63e-04      1.43679e+00       3.15887e-01       1.06315e+00
  364  3.64e-04      1.43711e+00       2.88261e-01       1.05416e+00
  365  3.65e-04      1.43607e+00       3.31055e-01       1.06773e+00
  366  3.66e-04      1.45658e+00       2.75737e-01       1.06297e+00
  367  3.67e-04      1.45405e+00       3.04497e-01       1.07086e+00
  368  3.68e-04      1.46200e+00       3.20336e-01       1.08144e+00
  369  3.69e-04      1.46452e+00       3.29035e-01       1.08602e+00
  370  3.70e-04      1.46613e+00       2.68133e-01       1.06680e+00
  371  3.71e-04      1.46413e+00       3.06936e-01       1.07840e+00
  372  3.72e-04      1.46653e+00       2.85158e-01       1.07274e+00
  373  3.73e-04      1.46477e+00       2.69244e-01       1.06626e+00
  374  3.74e-04      1.47249e+00       3.05013e-01       1.08333e+00
  375  3.75e-04      1.48136e+00       2.94773e-01       1.08583e+00
  376  3.76e-04      1.47308e+00       2.69076e-01       1.07175e+00
  377  3.77e-04      1.48095e+00       2.76105e-01       1.07933e+00
  378  3.78e-04      1.47973e+00       2.82803e-01       1.08076e+00
  379  3.79e-04      1.49578e+00       2.41316e-01       1.07763e+00
  380  3.80e-04      1.49537e+00       3.00055e-01       1.09693e+00
  381  3.81e-04      1.50915e+00       3.19417e-01       1.11257e+00
  382  3.82e-04      1.51191e+00       2.50467e-01       1.09143e+00
  383  3.83e-04      1.51344e+00       2.52203e-01       1.09303e+00
  384  3.84e-04      1.51224e+00       3.21762e-01       1.11541e+00
  385  3.85e-04      1.51005e+00       2.52118e-01       1.09074e+00
  386  3.86e-04      1.51617e+00       2.95964e-01       1.10943e+00
  387  3.87e-04      1.51622e+00       3.12308e-01       1.11492e+00
  388  3.88e-04      1.52170e+00       2.88225e-01       1.11054e+00
  389  3.89e-04      1.52483e+00       3.12873e-01       1.12085e+00
  390  3.90e-04      1.50955e+00       2.90373e-01       1.10316e+00
  391  3.91e-04      1.51882e+00       3.21098e-01       1.11958e+00
  392  3.92e-04      1.50747e+00       2.94738e-01       1.10323e+00
  393  3.93e-04      1.51074e+00       3.56694e-01       1.12606e+00
  394  3.94e-04      1.51052e+00       2.90564e-01       1.10386e+00
  395  3.95e-04      1.51245e+00       3.12596e-01       1.11250e+00
  396  3.96e-04      1.50884e+00       3.20395e-01       1.11269e+00
  397  3.97e-04      1.51128e+00       2.54542e-01       1.09237e+00
  398  3.98e-04      1.51545e+00       3.17355e-01       1.11609e+00
  399  3.99e-04      1.51718e+00       3.03765e-01       1.11271e+00
  400  4.00e-04      1.51969e+00       2.67338e-01       1.10224e+00
  401  4.01e-04      1.52165e+00       2.70058e-01       1.10445e+00
  402  4.02e-04      1.51539e+00       3.48124e-01       1.12630e+00
  403  4.03e-04      1.50868e+00       2.98064e-01       1.10514e+00
  404  4.04e-04      1.50445e+00       2.58517e-01       1.08914e+00
  405  4.05e-04      1.51201e+00       2.97645e-01       1.10722e+00
  406  4.06e-04      1.50429e+00       3.15514e-01       1.10803e+00
  407  4.07e-04      1.50883e+00       2.75644e-01       1.09777e+00
  408  4.08e-04      1.52066e+00       2.97622e-01       1.11298e+00
  409  4.09e-04      1.51892e+00       3.06670e-01       1.11484e+00
  410  4.10e-04      1.52668e+00       2.50282e-01       1.10122e+00
  411  4.11e-04      1.52855e+00       3.09462e-01       1.12219e+00
  412  4.12e-04      1.53633e+00       2.55769e-01       1.10947e+00
  413  4.13e-04      1.54156e+00       2.75077e-01       1.11940e+00
  414  4.14e-04      1.52951e+00       2.77299e-01       1.11210e+00
  415  4.15e-04      1.54252e+00       2.73048e-01       1.11936e+00
  416  4.16e-04      1.54080e+00       2.55759e-01       1.11246e+00
  417  4.17e-04      1.53795e+00       2.95489e-01       1.12380e+00
  418  4.18e-04      1.55233e+00       2.86284e-01       1.13032e+00
  419  4.19e-04      1.55320e+00       2.86669e-01       1.13102e+00
  420  4.20e-04      1.55413e+00       3.18179e-01       1.14215e+00
  421  4.21e-04      1.55055e+00       2.55722e-01       1.11894e+00
  422  4.22e-04      1.53950e+00       3.21283e-01       1.13343e+00
  423  4.23e-04      1.56331e+00       3.29305e-01       1.15197e+00
  424  4.24e-04      1.56511e+00       3.22621e-01       1.15095e+00
  425  4.25e-04      1.56558e+00       2.78018e-01       1.13639e+00
  426  4.26e-04      1.57791e+00       2.79160e-01       1.14500e+00
  427  4.27e-04      1.57165e+00       3.33940e-01       1.15908e+00
  428  4.28e-04      1.58305e+00       2.21943e-01       1.12935e+00
  429  4.29e-04      1.60347e+00       2.99876e-01       1.16894e+00
  430  4.30e-04      1.58544e+00       3.54342e-01       1.17507e+00
  431  4.31e-04      1.57839e+00       3.17239e-01       1.15800e+00
  432  4.32e-04      1.57185e+00       2.80012e-01       1.14124e+00
  433  4.33e-04      1.57645e+00       3.21504e-01       1.15814e+00
  434  4.34e-04      1.58391e+00       2.99006e-01       1.15561e+00
  435  4.35e-04      1.58041e+00       3.41460e-01       1.16743e+00
  436  4.36e-04      1.58467e+00       3.26157e-01       1.16516e+00
  437  4.37e-04      1.58026e+00       3.14732e-01       1.15842e+00
  438  4.38e-04      1.58459e+00       3.04130e-01       1.15777e+00
  439  4.39e-04      1.58747e+00       3.10420e-01       1.16179e+00
  440  4.40e-04      1.58412e+00       3.25641e-01       1.16462e+00
  441  4.41e-04      1.57742e+00       2.89456e-01       1.14810e+00
  442  4.42e-04      1.58925e+00       3.42133e-01       1.17354e+00
  443  4.43e-04      1.59362e+00       2.76493e-01       1.15458e+00
  444  4.44e-04      1.60706e+00       2.86699e-01       1.16694e+00
  445  4.45e-04      1.59964e+00       3.29593e-01       1.17629e+00
  446  4.46e-04      1.61073e+00       3.16771e-01       1.17941e+00
  447  4.47e-04      1.61012e+00       3.53981e-01       1.19141e+00
  448  4.48e-04      1.62637e+00       3.58554e-01       1.20377e+00
  449  4.49e-04      1.64434e+00       2.83797e-01       1.19083e+00
  450  4.50e-04      1.64901e+00       3.32417e-01       1.21015e+00
  451  4.51e-04      1.66647e+00       3.65262e-01       1.23273e+00
  452  4.52e-04      1.65239e+00       3.18685e-01       1.20782e+00
  453  4.53e-04      1.65293e+00       2.98402e-01       1.20142e+00
  454  4.54e-04      1.66982e+00       3.20240e-01       1.21996e+00
  455  4.55e-04      1.67192e+00       3.14534e-01       1.21946e+00
  456  4.56e-04      1.66947e+00       3.39794e-01       1.22625e+00
  457  4.57e-04      1.68096e+00       3.22735e-01       1.22822e+00
  458  4.58e-04      1.67507e+00       3.36753e-01       1.22896e+00
  459  4.59e-04      1.67993e+00       2.86859e-01       1.21557e+00
  460  4.60e-04      1.67303e+00       2.79039e-01       1.20836e+00
  461  4.61e-04      1.67421e+00       3.54235e-01       1.23422e+00
  462  4.62e-04      1.69755e+00       2.60881e-01       1.21866e+00
  463  4.63e-04      1.69305e+00       3.53799e-01       1.24664e+00
  464  4.64e-04      1.69045e+00       3.32115e-01       1.23767e+00
  465  4.65e-04      1.69380e+00       3.00250e-01       1.22928e+00
  466  4.66e-04      1.69629e+00       3.09229e-01       1.23394e+00
  467  4.67e-04      1.68534e+00       2.87178e-01       1.21928e+00
  468  4.68e-04      1.69501e+00       3.51509e-01       1.24718e+00
  469  4.69e-04      1.71249e+00       3.33677e-01       1.25288e+00
  470  4.70e-04      1.70902e+00       2.58278e-01       1.22544e+00
  471  4.71e-04      1.70007e+00       3.23901e-01       1.24135e+00
  472  4.72e-04      1.74426e+00       3.29458e-01       1.27266e+00
  473  4.73e-04      1.72695e+00       2.63760e-01       1.23922e+00
  474  4.74e-04      1.72627e+00       3.31196e-01       1.26124e+00
  475  4.75e-04      1.73025e+00       3.55356e-01       1.27195e+00
  476  4.76e-04      1.70937e+00       2.81782e-01       1.23351e+00
  477  4.77e-04      1.72279e+00       3.05485e-01       1.25036e+00
  478  4.78e-04      1.73793e+00       2.74663e-01       1.25017e+00
  479  4.79e-04      1.74000e+00       3.08398e-01       1.26280e+00
  480  4.80e-04      1.73419e+00       3.27291e-01       1.26522e+00
  481  4.81e-04      1.72214e+00       2.72046e-01       1.23877e+00
  482  4.82e-04      1.72388e+00       2.80679e-01       1.24281e+00
  483  4.83e-04      1.73847e+00       2.95132e-01       1.25736e+00
  484  4.84e-04      1.74982e+00       2.99695e-01       1.26645e+00
  485  4.85e-04      1.75830e+00       3.04729e-01       1.27378e+00
  486  4.86e-04      1.74313e+00       3.00020e-01       1.26209e+00
  487  4.87e-04      1.74355e+00       3.19903e-01       1.26900e+00
  488  4.88e-04      1.74073e+00       3.14663e-01       1.26537e+00
  489  4.89e-04      1.75509e+00       2.89042e-01       1.26641e+00
  490  4.90e-04      1.76875e+00       3.14669e-01       1.28405e+00
  491  4.91e-04      1.75399e+00       3.26744e-01       1.27824e+00
  492  4.92e-04      1.75557e+00       3.12877e-01       1.27468e+00
  493  4.93e-04      1.75638e+00       3.54317e-01       1.28902e+00
  494  4.94e-04      1.74923e+00       3.08275e-01       1.26891e+00
  495  4.95e-04      1.75185e+00       2.86007e-01       1.26323e+00
  496  4.96e-04      1.73785e+00       3.32674e-01       1.26946e+00
  497  4.97e-04      1.74197e+00       3.00209e-01       1.26138e+00
  498  4.98e-04      1.76508e+00       3.46033e-01       1.29206e+00
  499  4.99e-04      1.78509e+00       2.92409e-01       1.28753e+00
