Delta = -1.190e+01 gamma
 step      t        T_in_plane/mK   T_out_of_plane/mK   T_tot/mK
    0  0.00e+00      5.34598e+00       0.00000e+00       3.56398e+00
    1  2.00e-06      5.23631e+00       1.04083e-04       3.49091e+00
    2  4.00e-06      5.22262e+00       2.82680e-04       3.48184e+00
    3  6.00e-06      5.27435e+00       4.37937e-04       3.51638e+00
    4  8.00e-06      5.25361e+00       4.26581e-04       3.50255e+00
    5  1.00e-05      5.24222e+00       5.55013e-04       3.49500e+00
    6  1.20e-05      5.26049e+00       8.21986e-04       3.50727e+00
    7  1.40e-05      5.25177e+00       7.78109e-04       3.50144e+00
    8  1.60e-05      5.26059e+00       5.29761e-04       3.50724e+00
    9  1.80e-05      5.25065e+00       8.22130e-04       3.50071e+00
   10  2.00e-05      5.25505e+00       9.39800e-04       3.50368e+00
   11  2.20e-05      5.26663e+00       8.35757e-04       3.51137e+00
   12  2.40e-05      5.27180e+00       8.31107e-04       3.51481e+00
   13  2.60e-05      5.27404e+00       1.48417e-03       3.51652e+00
   14  2.80e-05      5.26454e+00       1.69364e-03       3.51026e+00
   15  3.00e-05      5.26589e+00       1.76907e-03       3.51118e+00
   16  3.20e-05      5.25108e+00       1.96622e-03       3.50137e+00
   17  3.40e-05      5.24743e+00       2.39185e-03       3.49908e+00
   18  3.60e-05      5.24392e+00       2.04942e-03       3.49663e+00
   19  3.80e-05      5.26668e+00       2.42839e-03       3.51193e+00
   20  4.00e-05      5.26320e+00       2.27914e-03       3.50956e+00
   21  4.20e-05      5.26310e+00       2.59796e-03       3.50960e+00
   22  4.40e-05      5.26852e+00       2.68718e-03       3.51324e+00
   23  4.60e-05      5.25760e+00       2.77224e-03       3.50599e+00
   24  4.80e-05      5.26696e+00       2.55884e-03       3.51216e+00
   25  5.00e-05      5.27293e+00       3.10711e-03       3.51632e+00
   26  5.20e-05      5.26462e+00       3.62321e-03       3.51095e+00
   27  5.40e-05      5.27539e+00       3.30315e-03       3.51803e+00
   28  5.60e-05      5.27008e+00       3.87285e-03       3.51468e+00
   29  5.80e-05      5.27941e+00       3.89903e-03       3.52091e+00
   30  6.00e-05      5.27100e+00       3.69336e-03       3.51523e+00
   31  6.20e-05      5.26437e+00       3.36912e-03       3.51070e+00
   32  6.40e-05      5.28133e+00       3.80557e-03       3.52216e+00
   33  6.60e-05      5.27128e+00       3.71188e-03       3.51543e+00
   34  6.80e-05      5.26995e+00       3.38806e-03       3.51443e+00
   35  7.00e-05      5.23779e+00       4.28173e-03       3.49329e+00
   36  7.20e-05      5.23691e+00       4.18501e-03       3.49267e+00
   37  7.40e-05      5.22863e+00       4.38191e-03       3.48722e+00
   38  7.60e-05      5.23336e+00       5.61906e-03       3.49078e+00
   39  7.80e-05      5.22565e+00       5.31703e-03       3.48554e+00
   40  8.00e-05      5.23102e+00       4.98878e-03       3.48901e+00
   41  8.20e-05      5.21971e+00       4.70792e-03       3.48138e+00
   42  8.40e-05      5.21827e+00       4.92087e-03       3.48049e+00
   43  8.60e-05      5.18305e+00       6.37148e-03       3.45749e+00
   44  8.80e-05      5.17696e+00       5.09366e-03       3.45300e+00
   45  9.00e-05      5.21002e+00       5.35034e-03       3.47513e+00
   46  9.20e-05      5.22792e+00       5.83307e-03       3.48722e+00
   47  9.40e-05      5.22384e+00       5.47328e-03       3.48438e+00
   48  9.60e-05      5.20500e+00       5.44726e-03       3.47182e+00
   49  9.80e-05      5.19630e+00       6.73933e-03       3.46644e+00
   50  1.00e-04      5.21796e+00       6.43045e-03       3.48078e+00
   51  1.02e-04      5.20419e+00       5.73588e-03       3.47137e+00
   52  1.04e-04      5.19818e+00       4.81098e-03       3.46706e+00
   53  1.06e-04      5.21445e+00       6.75597e-03       3.47855e+00
   54  1.08e-04      5.19823e+00       6.50080e-03       3.46766e+00
   55  1.10e-04      5.21040e+00       5.78744e-03       3.47553e+00
   56  1.12e-04      5.21470e+00       6.46472e-03       3.47862e+00
   57  1.14e-04      5.20416e+00       6.04433e-03       3.47145e+00
   58  1.16e-04      5.21030e+00       7.79933e-03       3.47613e+00
   59  1.18e-04      5.19893e+00       6.25225e-03       3.46803e+00
   60  1.20e-04      5.19283e+00       7.40538e-03       3.46436e+00
   61  1.22e-04      5.20121e+00       7.21441e-03       3.46988e+00
   62  1.24e-04      5.20681e+00       6.45282e-03       3.47336e+00
   63  1.26e-04      5.21396e+00       6.26017e-03       3.47806e+00
   64  1.28e-04      5.22300e+00       7.80432e-03       3.48460e+00
   65  1.30e-04      5.22928e+00       7.80886e-03       3.48879e+00
   66  1.32e-04      5.21924e+00       7.16309e-03       3.48188e+00
   67  1.34e-04      5.22385e+00       6.83974e-03       3.48485e+00
   68  1.36e-04      5.20728e+00       8.89923e-03       3.47449e+00
   69  1.38e-04      5.19539e+00       8.66260e-03       3.46648e+00
   70  1.40e-04      5.21732e+00       9.06900e-03       3.48124e+00
   71  1.42e-04      5.21859e+00       8.48705e-03       3.48189e+00
   72  1.44e-04      5.21787e+00       8.25700e-03       3.48133e+00
   73  1.46e-04      5.20634e+00       7.18853e-03       3.47329e+00
   74  1.48e-04      5.20184e+00       8.98694e-03       3.47089e+00
   75  1.50e-04      5.20604e+00       7.81511e-03       3.47330e+00
   76  1.52e-04      5.19703e+00       9.05685e-03       3.46771e+00
   77  1.54e-04      5.18887e+00       9.42425e-03       3.46239e+00
   78  1.56e-04      5.18991e+00       1.05278e-02       3.46345e+00
   79  1.58e-04      5.18572e+00       9.76434e-03       3.46040e+00
   80  1.60e-04      5.18031e+00       1.06566e-02       3.45709e+00
   81  1.62e-04      5.21100e+00       8.66890e-03       3.47689e+00
   82  1.64e-04      5.18605e+00       9.00510e-03       3.46037e+00
   83  1.66e-04      5.19054e+00       9.75693e-03       3.46361e+00
   84  1.68e-04      5.19220e+00       9.34069e-03       3.46458e+00
   85  1.70e-04      5.18807e+00       1.02502e-02       3.46213e+00
   86  1.72e-04      5.19392e+00       1.04328e-02       3.46609e+00
   87  1.74e-04      5.20708e+00       1.06384e-02       3.47493e+00
   88  1.76e-04      5.21688e+00       9.94500e-03       3.48124e+00
   89  1.78e-04      5.18506e+00       1.13143e-02       3.46048e+00
   90  1.80e-04      5.18890e+00       9.93253e-03       3.46258e+00
   91  1.82e-04      5.20305e+00       1.03872e-02       3.47216e+00
   92  1.84e-04      5.18778e+00       9.83973e-03       3.46180e+00
   93  1.86e-04      5.19355e+00       1.04062e-02       3.46583e+00
   94  1.88e-04      5.20143e+00       1.14466e-02       3.47143e+00
   95  1.90e-04      5.18965e+00       1.01022e-02       3.46314e+00
   96  1.92e-04      5.19846e+00       9.45746e-03       3.46879e+00
   97  1.94e-04      5.20908e+00       1.13958e-02       3.47652e+00
   98  1.96e-04      5.18183e+00       1.32066e-02       3.45895e+00
   99  1.98e-04      5.18289e+00       1.07426e-02       3.45884e+00
  100  2.00e-04      5.15847e+00       1.11907e-02       3.44271e+00
  101  2.02e-04      5.16250e+00       1.21604e-02       3.44572e+00
  102  2.04e-04      5.14899e+00       1.21425e-02       3.43671e+00
  103  2.06e-04      5.14376e+00       1.35562e-02       3.43369e+00
  104  2.08e-04      5.15036e+00       1.15433e-02       3.43742e+00
  105  2.10e-04      5.14413e+00       1.12672e-02       3.43318e+00
  106  2.12e-04      5.14468e+00       1.10066e-02       3.43345e+00
  107  2.14e-04      5.13414e+00       1.19288e-02       3.42673e+00
  108  2.16e-04      5.12767e+00       1.26132e-02       3.42265e+00
  109  2.18e-04      5.13701e+00       1.22458e-02       3.42875e+00
  110  2.20e-04      5.14322e+00       1.28941e-02       3.43311e+00
  111  2.22e-04      5.14067e+00       1.12384e-02       3.43086e+00
  112  2.24e-04      5.14443e+00       1.54639e-02       3.43477e+00
  113  2.26e-04      5.13855e+00       1.62946e-02       3.43113e+00
  114  2.28e-04      5.14207e+00       1.36397e-02       3.43260e+00
  115  2.30e-04      5.16235e+00       1.29338e-02       3.44588e+00
  116  2.32e-04      5.15358e+00       1.17776e-02       3.43964e+00
  117  2.34e-04      5.13713e+00       1.53288e-02       3.42987e+00
  118  2.36e-04      5.13443e+00       1.30150e-02       3.42729e+00
  119  2.38e-04      5.15451e+00       1.53426e-02       3.44146e+00
  120  2.40e-04      5.13801e+00       1.44670e-02       3.43016e+00
  121  2.42e-04      5.12532e+00       1.51837e-02       3.42194e+00
  122  2.44e-04      5.11952e+00       1.33891e-02       3.41747e+00
  123  2.46e-04      5.11262e+00       1.37729e-02       3.41301e+00
  124  2.48e-04      5.12965e+00       1.55026e-02       3.42493e+00
  125  2.50e-04      5.12601e+00       1.69168e-02       3.42298e+00
  126  2.52e-04      5.13216e+00       1.52298e-02       3.42652e+00
  127  2.54e-04      5.13814e+00       1.75351e-02       3.43127e+00
  128  2.56e-04      5.14385e+00       1.45447e-02       3.43408e+00
  129  2.58e-04      5.12560e+00       1.60756e-02       3.42243e+00
  130  2.60e-04      5.13675e+00       1.36286e-02       3.42904e+00
  131  2.62e-04      5.11921e+00       1.76928e-02       3.41870e+00
  132  2.64e-04      5.16190e+00       1.36918e-02       3.44583e+00
  133  2.66e-04      5.16157e+00       1.68043e-02       3.44665e+00
  134  2.68e-04      5.16286e+00       1.48876e-02       3.44687e+00
  135  2.70e-04      5.16798e+00       1.54148e-02       3.45046e+00
  136  2.72e-04      5.17240e+00       1.83781e-02       3.45439e+00
  137  2.74e-04      5.15526e+00       1.67612e-02       3.44243e+00
  138  2.76e-04      5.14463e+00       1.59490e-02       3.43507e+00
  139  2.78e-04      5.13795e+00       1.66459e-02       3.43085e+00
  140  2.80e-04      5.13979e+00       1.36838e-02       3.43109e+00
  141  2.82e-04      5.13026e+00       1.43293e-02       3.42495e+00
  142  2.84e-04      5.13748e+00       1.58624e-02       3.43027e+00
  143  2.86e-04      5.13703e+00       1.75314e-02       3.43053e+00
  144  2.88e-04      5.11899e+00       1.42698e-02       3.41742e+00
  145  2.90e-04      5.10495e+00       1.90006e-02       3.40963e+00
  146  2.92e-04      5.10209e+00       1.51298e-02       3.40644e+00
  147  2.94e-04      5.10103e+00       1.87055e-02       3.40692e+00
  148  2.96e-04      5.10463e+00       1.74794e-02       3.40891e+00
  149  2.98e-04      5.11329e+00       1.78563e-02       3.41482e+00
  150  3.00e-04      5.12004e+00       1.79077e-02       3.41933e+00
  151  3.02e-04      5.12000e+00       1.94018e-02       3.41980e+00
  152  3.04e-04      5.09676e+00       1.65117e-02       3.40334e+00
  153  3.06e-04      5.07138e+00       1.67150e-02       3.38649e+00
  154  3.08e-04      5.08988e+00       2.02400e-02       3.40000e+00
  155  3.10e-04      5.09012e+00       1.67784e-02       3.39901e+00
  156  3.12e-04      5.09837e+00       2.09276e-02       3.40589e+00
  157  3.14e-04      5.09649e+00       2.07262e-02       3.40457e+00
  158  3.16e-04      5.07996e+00       1.65463e-02       3.39215e+00
  159  3.18e-04      5.08376e+00       1.85992e-02       3.39538e+00
  160  3.20e-04      5.07760e+00       2.03945e-02       3.39186e+00
  161  3.22e-04      5.07444e+00       1.81364e-02       3.38900e+00
  162  3.24e-04      5.06143e+00       1.88282e-02       3.38056e+00
  163  3.26e-04      5.04032e+00       1.75612e-02       3.36607e+00
  164  3.28e-04      5.04408e+00       2.11532e-02       3.36977e+00
  165  3.30e-04      5.04452e+00       1.90685e-02       3.36937e+00
  166  3.32e-04      5.04598e+00       1.85385e-02       3.37017e+00
  167  3.34e-04      5.05757e+00       1.79357e-02       3.37769e+00
  168  3.36e-04      5.05102e+00       2.04439e-02       3.37416e+00
  169  3.38e-04      5.05901e+00       2.16923e-02       3.37990e+00
  170  3.40e-04      5.05366e+00       1.81233e-02       3.37514e+00
  171  3.42e-04      5.03836e+00       1.91281e-02       3.36528e+00
  172  3.44e-04      5.06458e+00       1.89085e-02       3.38269e+00
  173  3.46e-04      5.08041e+00       2.01381e-02       3.39365e+00
  174  3.48e-04      5.07108e+00       2.38758e-02       3.38868e+00
  175  3.50e-04      5.03704e+00       2.03115e-02       3.36480e+00
  176  3.52e-04      5.04812e+00       1.88150e-02       3.37169e+00
  177  3.54e-04      5.05464e+00       1.77662e-02       3.37568e+00
  178  3.56e-04      5.04430e+00       2.34394e-02       3.37068e+00
  179  3.58e-04      5.04089e+00       1.62904e-02       3.36602e+00
  180  3.60e-04      5.06646e+00       2.04440e-02       3.38445e+00
  181  3.62e-04      5.07257e+00       1.82366e-02       3.38779e+00
  182  3.64e-04      5.07440e+00       1.82960e-02       3.38903e+00
  183  3.66e-04      5.06052e+00       2.16990e-02       3.38091e+00
  184  3.68e-04      5.04890e+00       1.94748e-02       3.37242e+00
  185  3.70e-04      5.04362e+00       1.59539e-02       3.36773e+00
  186  3.72e-04      5.04092e+00       2.26305e-02       3.36816e+00
  187  3.74e-04      5.05805e+00       2.03536e-02       3.37882e+00
  188  3.76e-04      5.06207e+00       1.68051e-02       3.38032e+00
  189  3.78e-04      5.03615e+00       1.81821e-02       3.36349e+00
  190  3.80e-04      5.04955e+00       1.75066e-02       3.37220e+00
  191  3.82e-04      5.05787e+00       2.03287e-02       3.37869e+00
  192  3.84e-04      5.05464e+00       2.33032e-02       3.37753e+00
  193  3.86e-04      5.05282e+00       2.02730e-02       3.37531e+00
  194  3.88e-04      5.03683e+00       2.11891e-02       3.36495e+00
  195  3.90e-04      5.04418e+00       2.17143e-02       3.37002e+00
  196  3.92e-04      5.04994e+00       1.99510e-02       3.37328e+00
  197  3.94e-04      5.04643e+00       2.12285e-02       3.37136e+00
  198  3.96e-04      5.03572e+00       2.22202e-02       3.36455e+00
  199  3.98e-04      5.04292e+00       1.89342e-02       3.36826e+00
  200  4.00e-04      5.04573e+00       2.11354e-02       3.37087e+00
  201  4.02e-04      5.01951e+00       2.03897e-02       3.35314e+00
  202  4.04e-04      5.01378e+00       1.82149e-02       3.34859e+00
  203  4.06e-04      5.02812e+00       2.05826e-02       3.35894e+00
  204  4.08e-04      5.02164e+00       2.32070e-02       3.35550e+00
  205  4.10e-04      5.04735e+00       2.08842e-02       3.37186e+00
  206  4.12e-04      5.04128e+00       2.25084e-02       3.36836e+00
  207  4.14e-04      5.04783e+00       1.87750e-02       3.37148e+00
  208  4.16e-04      5.03011e+00       1.89147e-02       3.35971e+00
  209  4.18e-04      5.01467e+00       2.21110e-02       3.35049e+00
  210  4.20e-04      5.01760e+00       2.32641e-02       3.35282e+00
  211  4.22e-04      5.02882e+00       2.12298e-02       3.35962e+00
  212  4.24e-04      5.01529e+00       2.12725e-02       3.35062e+00
  213  4.26e-04      5.02439e+00       2.49667e-02       3.35792e+00
  214  4.28e-04      5.03427e+00       1.78254e-02       3.36212e+00
  215  4.30e-04      5.02627e+00       2.35347e-02       3.35869e+00
  216  4.32e-04      5.01461e+00       2.52232e-02       3.35148e+00
  217  4.34e-04      5.01849e+00       2.51716e-02       3.35405e+00
  218  4.36e-04      5.01559e+00       2.23038e-02       3.35116e+00
  219  4.38e-04      5.02423e+00       2.09713e-02       3.35648e+00
  220  4.40e-04      5.02547e+00       2.02367e-02       3.35706e+00
  221  4.42e-04      5.04923e+00       2.07682e-02       3.37308e+00
  222  4.44e-04      5.05420e+00       2.58028e-02       3.37807e+00
  223  4.46e-04      5.05443e+00       2.29853e-02       3.37728e+00
  224  4.48e-04      5.03255e+00       2.37043e-02       3.36293e+00
  225  4.50e-04      5.04927e+00       2.41834e-02       3.37424e+00
  226  4.52e-04      5.05297e+00       2.35390e-02       3.37649e+00
  227  4.54e-04      5.05235e+00       2.67826e-02       3.37716e+00
  228  4.56e-04      5.05053e+00       2.42400e-02       3.37510e+00
  229  4.58e-04      5.05764e+00       2.31055e-02       3.37946e+00
  230  4.60e-04      5.04799e+00       2.39621e-02       3.37331e+00
  231  4.62e-04      5.03231e+00       2.47663e-02       3.36313e+00
  232  4.64e-04      5.02118e+00       1.92175e-02       3.35386e+00
  233  4.66e-04      5.01997e+00       2.36535e-02       3.35453e+00
  234  4.68e-04      5.01929e+00       2.75331e-02       3.35537e+00
  235  4.70e-04      5.01394e+00       2.42273e-02       3.35071e+00
  236  4.72e-04      5.01981e+00       2.60798e-02       3.35524e+00
  237  4.74e-04      5.02376e+00       2.49216e-02       3.35748e+00
  238  4.76e-04      5.00990e+00       2.38607e-02       3.34789e+00
  239  4.78e-04      4.99319e+00       2.56456e-02       3.33734e+00
  240  4.80e-04      4.99960e+00       2.73256e-02       3.34217e+00
  241  4.82e-04      5.00535e+00       2.39662e-02       3.34489e+00
  242  4.84e-04      5.01826e+00       2.57005e-02       3.35408e+00
  243  4.86e-04      5.01053e+00       2.76986e-02       3.34959e+00
  244  4.88e-04      5.00755e+00       2.03493e-02       3.34515e+00
  245  4.90e-04      5.00982e+00       2.67236e-02       3.34879e+00
  246  4.92e-04      5.01137e+00       3.01695e-02       3.35097e+00
  247  4.94e-04      5.01624e+00       2.48795e-02       3.35245e+00
  248  4.96e-04      4.99965e+00       2.83469e-02       3.34255e+00
  249  4.98e-04      5.00176e+00       2.73104e-02       3.34361e+00
  250  5.00e-04      5.01373e+00       2.51011e-02       3.35085e+00
  251  5.02e-04      5.00501e+00       2.32582e-02       3.34442e+00
  252  5.04e-04      5.00656e+00       2.98458e-02       3.34765e+00
  253  5.06e-04      5.01476e+00       2.93318e-02       3.35295e+00
  254  5.08e-04      5.00449e+00       2.54564e-02       3.34481e+00
  255  5.10e-04      4.98456e+00       2.65896e-02       3.33190e+00
  256  5.12e-04      4.96803e+00       2.68982e-02       3.32099e+00
  257  5.14e-04      4.97089e+00       3.62499e-02       3.32601e+00
  258  5.16e-04      4.97942e+00       2.99314e-02       3.32959e+00
  259  5.18e-04      4.99139e+00       2.64038e-02       3.33639e+00
  260  5.20e-04      4.98889e+00       2.90162e-02       3.33560e+00
  261  5.22e-04      4.98677e+00       2.51833e-02       3.33291e+00
  262  5.24e-04      4.98131e+00       2.45060e-02       3.32904e+00
  263  5.26e-04      4.97787e+00       2.89763e-02       3.32824e+00
  264  5.28e-04      4.96842e+00       3.00432e-02       3.32230e+00
  265  5.30e-04      4.96438e+00       3.05928e-02       3.31978e+00
  266  5.32e-04      4.97102e+00       3.15790e-02       3.32454e+00
  267  5.34e-04      4.96714e+00       2.81223e-02       3.32080e+00
  268  5.36e-04      4.97991e+00       2.54211e-02       3.32841e+00
  269  5.38e-04      4.95842e+00       2.88995e-02       3.31525e+00
  270  5.40e-04      4.97562e+00       2.87120e-02       3.32665e+00
  271  5.42e-04      4.96967e+00       2.56863e-02       3.32167e+00
  272  5.44e-04      4.96624e+00       2.96935e-02       3.32072e+00
  273  5.46e-04      4.95833e+00       2.46617e-02       3.31377e+00
  274  5.48e-04      4.96631e+00       2.69233e-02       3.31985e+00
  275  5.50e-04      4.94160e+00       2.76535e-02       3.30362e+00
  276  5.52e-04      4.94864e+00       2.77740e-02       3.30835e+00
  277  5.54e-04      4.95984e+00       2.99517e-02       3.31654e+00
  278  5.56e-04      4.95219e+00       2.92333e-02       3.31120e+00
  279  5.58e-04      4.94016e+00       3.06525e-02       3.30366e+00
  280  5.60e-04      4.93980e+00       2.48565e-02       3.30149e+00
  281  5.62e-04      4.93731e+00       2.90364e-02       3.30122e+00
  282  5.64e-04      4.95471e+00       3.22477e-02       3.31389e+00
  283  5.66e-04      4.94135e+00       2.75437e-02       3.30341e+00
  284  5.68e-04      4.95096e+00       3.02431e-02       3.31072e+00
  285  5.70e-04      4.95877e+00       2.61723e-02       3.31457e+00
  286  5.72e-04      4.94859e+00       2.88922e-02       3.30869e+00
  287  5.74e-04      4.93507e+00       3.44199e-02       3.30152e+00
  288  5.76e-04      4.93456e+00       2.94698e-02       3.29953e+00
  289  5.78e-04      4.92083e+00       2.87815e-02       3.29014e+00
  290  5.80e-04      4.93015e+00       3.39093e-02       3.29807e+00
  291  5.82e-04      4.94389e+00       2.99692e-02       3.30592e+00
  292  5.84e-04      4.93636e+00       2.49871e-02       3.29924e+00
  293  5.86e-04      4.93075e+00       3.26984e-02       3.29807e+00
  294  5.88e-04      4.91848e+00       3.17246e-02       3.28956e+00
  295  5.90e-04      4.91637e+00       3.05508e-02       3.28776e+00
  296  5.92e-04      4.91911e+00       3.56793e-02       3.29130e+00
  297  5.94e-04      4.90819e+00       3.15086e-02       3.28263e+00
  298  5.96e-04      4.93005e+00       2.74723e-02       3.29586e+00
  299  5.98e-04      4.93559e+00       3.49287e-02       3.30204e+00
  300  6.00e-04      4.93059e+00       2.61678e-02       3.29578e+00
  301  6.02e-04      4.94978e+00       3.15116e-02       3.31036e+00
  302  6.04e-04      4.94258e+00       3.46070e-02       3.30659e+00
  303  6.06e-04      4.94856e+00       2.69878e-02       3.30804e+00
  304  6.08e-04      4.93255e+00       2.94128e-02       3.29817e+00
  305  6.10e-04      4.93413e+00       3.31002e-02       3.30045e+00
  306  6.12e-04      4.91000e+00       2.60928e-02       3.28203e+00
  307  6.14e-04      4.92404e+00       2.93475e-02       3.29248e+00
  308  6.16e-04      4.93561e+00       3.45180e-02       3.30191e+00
  309  6.18e-04      4.94794e+00       2.98472e-02       3.30857e+00
  310  6.20e-04      4.94073e+00       2.71303e-02       3.30286e+00
  311  6.22e-04      4.91967e+00       3.12045e-02       3.29018e+00
  312  6.24e-04      4.92357e+00       2.52256e-02       3.29079e+00
  313  6.26e-04      4.92301e+00       3.47058e-02       3.29357e+00
  314  6.28e-04      4.92339e+00       3.46836e-02       3.29382e+00
  315  6.30e-04      4.92782e+00       2.45625e-02       3.29340e+00
  316  6.32e-04      4.92842e+00       3.69722e-02       3.29794e+00
  317  6.34e-04      4.92199e+00       2.76399e-02       3.29054e+00
  318  6.36e-04      4.93660e+00       2.84267e-02       3.30054e+00
  319  6.38e-04      4.91682e+00       3.25545e-02       3.28873e+00
  320  6.40e-04      4.90045e+00       2.98637e-02       3.27692e+00
  321  6.42e-04      4.90260e+00       3.13967e-02       3.27887e+00
  322  6.44e-04      4.92813e+00       3.31175e-02       3.29646e+00
  323  6.46e-04      4.91841e+00       2.60717e-02       3.28763e+00
  324  6.48e-04      4.90098e+00       2.83823e-02       3.27678e+00
  325  6.50e-04      4.90740e+00       3.31431e-02       3.28265e+00
  326  6.52e-04      4.91335e+00       3.59288e-02       3.28754e+00
  327  6.54e-04      4.89903e+00       3.41960e-02       3.27742e+00
  328  6.56e-04      4.89497e+00       3.55501e-02       3.27516e+00
  329  6.58e-04      4.89170e+00       2.87533e-02       3.27072e+00
  330  6.60e-04      4.90304e+00       3.09534e-02       3.27901e+00
  331  6.62e-04      4.91099e+00       3.59762e-02       3.28599e+00
  332  6.64e-04      4.90699e+00       3.57102e-02       3.28323e+00
  333  6.66e-04      4.90862e+00       3.13821e-02       3.28287e+00
  334  6.68e-04      4.89705e+00       3.35167e-02       3.27587e+00
  335  6.70e-04      4.89391e+00       2.96032e-02       3.27247e+00
  336  6.72e-04      4.89589e+00       2.81718e-02       3.27332e+00
  337  6.74e-04      4.89062e+00       3.10387e-02       3.27076e+00
  338  6.76e-04      4.89855e+00       3.80423e-02       3.27838e+00
  339  6.78e-04      4.90368e+00       2.93606e-02       3.27890e+00
  340  6.80e-04      4.89118e+00       3.29204e-02       3.27176e+00
  341  6.82e-04      4.88713e+00       3.30354e-02       3.26910e+00
  342  6.84e-04      4.89502e+00       3.16327e-02       3.27389e+00
  343  6.86e-04      4.88496e+00       4.09171e-02       3.27028e+00
  344  6.88e-04      4.88957e+00       3.26518e-02       3.27060e+00
  345  6.90e-04      4.88378e+00       3.44348e-02       3.26733e+00
  346  6.92e-04      4.89377e+00       3.36978e-02       3.27375e+00
  347  6.94e-04      4.89062e+00       2.76993e-02       3.26964e+00
  348  6.96e-04      4.90451e+00       3.82224e-02       3.28241e+00
  349  6.98e-04      4.90204e+00       3.59543e-02       3.28001e+00
  350  7.00e-04      4.89945e+00       3.84970e-02       3.27913e+00
  351  7.02e-04      4.88555e+00       3.45670e-02       3.26855e+00
  352  7.04e-04      4.89839e+00       3.32248e-02       3.27667e+00
  353  7.06e-04      4.89365e+00       3.37872e-02       3.27369e+00
  354  7.08e-04      4.90453e+00       3.32324e-02       3.28077e+00
  355  7.10e-04      4.89739e+00       4.00926e-02       3.27829e+00
  356  7.12e-04      4.90243e+00       3.04333e-02       3.27843e+00
  357  7.14e-04      4.87702e+00       3.62292e-02       3.26342e+00
  358  7.16e-04      4.87617e+00       3.86509e-02       3.26367e+00
  359  7.18e-04      4.86882e+00       3.31257e-02       3.25692e+00
  360  7.20e-04      4.87551e+00       3.68680e-02       3.26263e+00
  361  7.22e-04      4.85689e+00       3.55536e-02       3.24978e+00
  362  7.24e-04      4.85212e+00       3.87432e-02       3.24766e+00
  363  7.26e-04      4.85846e+00       3.96624e-02       3.25220e+00
  364  7.28e-04      4.85753e+00       3.38987e-02       3.24966e+00
  365  7.30e-04      4.86295e+00       3.42311e-02       3.25337e+00
  366  7.32e-04      4.85311e+00       3.67678e-02       3.24767e+00
  367  7.34e-04      4.84183e+00       3.71557e-02       3.24027e+00
  368  7.36e-04      4.84448e+00       3.09104e-02       3.23996e+00
  369  7.38e-04      4.83650e+00       3.72646e-02       3.23675e+00
  370  7.40e-04      4.85075e+00       3.79842e-02       3.24649e+00
  371  7.42e-04      4.86287e+00       3.35647e-02       3.25310e+00
  372  7.44e-04      4.86449e+00       3.69158e-02       3.25530e+00
  373  7.46e-04      4.85799e+00       3.62263e-02       3.25074e+00
  374  7.48e-04      4.87545e+00       3.20217e-02       3.26097e+00
  375  7.50e-04      4.84455e+00       3.81618e-02       3.24242e+00
  376  7.52e-04      4.84515e+00       3.29557e-02       3.24108e+00
  377  7.54e-04      4.86873e+00       3.48303e-02       3.25743e+00
  378  7.56e-04      4.86519e+00       3.44365e-02       3.25494e+00
  379  7.58e-04      4.83889e+00       3.33581e-02       3.23705e+00
  380  7.60e-04      4.85646e+00       3.80632e-02       3.25032e+00
  381  7.62e-04      4.83542e+00       3.68233e-02       3.23589e+00
  382  7.64e-04      4.84836e+00       4.02096e-02       3.24565e+00
  383  7.66e-04      4.83365e+00       3.22092e-02       3.23317e+00
  384  7.68e-04      4.84444e+00       3.22410e-02       3.24038e+00
  385  7.70e-04      4.83912e+00       3.82158e-02       3.23882e+00
  386  7.72e-04      4.84178e+00       2.72509e-02       3.23693e+00
  387  7.74e-04      4.84049e+00       4.54446e-02       3.24214e+00
  388  7.76e-04      4.84237e+00       4.01575e-02       3.24163e+00
  389  7.78e-04      4.84052e+00       3.45592e-02       3.23853e+00
  390  7.80e-04      4.85176e+00       4.21043e-02       3.24854e+00
  391  7.82e-04      4.86856e+00       3.48336e-02       3.25732e+00
  392  7.84e-04      4.83050e+00       4.05455e-02       3.23385e+00
  393  7.86e-04      4.83337e+00       3.95888e-02       3.23544e+00
  394  7.88e-04      4.83014e+00       3.77905e-02       3.23269e+00
  395  7.90e-04      4.82657e+00       3.90348e-02       3.23072e+00
  396  7.92e-04      4.84592e+00       4.00493e-02       3.24396e+00
  397  7.94e-04      4.85761e+00       3.88466e-02       3.25135e+00
  398  7.96e-04      4.84274e+00       4.12289e-02       3.24224e+00
  399  7.98e-04      4.84797e+00       4.67927e-02       3.24758e+00
  400  8.00e-04      4.85282e+00       3.17380e-02       3.24579e+00
  401  8.02e-04      4.84564e+00       3.66599e-02       3.24265e+00
  402  8.04e-04      4.84536e+00       4.30653e-02       3.24460e+00
  403  8.06e-04      4.84612e+00       3.25454e-02       3.24159e+00
  404  8.08e-04      4.84671e+00       4.25155e-02       3.24531e+00
  405  8.10e-04      4.84806e+00       3.43730e-02       3.24350e+00
  406  8.12e-04      4.83055e+00       3.64226e-02       3.23251e+00
  407  8.14e-04      4.82837e+00       3.89794e-02       3.23191e+00
  408  8.16e-04      4.83153e+00       3.30538e-02       3.23204e+00
  409  8.18e-04      4.81808e+00       4.12045e-02       3.22579e+00
  410  8.20e-04      4.82345e+00       4.01454e-02       3.22902e+00
  411  8.22e-04      4.82885e+00       4.14989e-02       3.23307e+00
  412  8.24e-04      4.83538e+00       3.85040e-02       3.23642e+00
  413  8.26e-04      4.82011e+00       3.65353e-02       3.22559e+00
  414  8.28e-04      4.80511e+00       4.23691e-02       3.21753e+00
  415  8.30e-04      4.80821e+00       3.99942e-02       3.21880e+00
  416  8.32e-04      4.78864e+00       3.75134e-02       3.20493e+00
  417  8.34e-04      4.78720e+00       3.85509e-02       3.20432e+00
  418  8.36e-04      4.79771e+00       3.97443e-02       3.21172e+00
  419  8.38e-04      4.78903e+00       4.41396e-02       3.20740e+00
  420  8.40e-04      4.79321e+00       3.54348e-02       3.20728e+00
  421  8.42e-04      4.79065e+00       4.21000e-02       3.20780e+00
  422  8.44e-04      4.77363e+00       3.68127e-02       3.19469e+00
  423  8.46e-04      4.78869e+00       3.90980e-02       3.20549e+00
  424  8.48e-04      4.79247e+00       3.78327e-02       3.20759e+00
  425  8.50e-04      4.78509e+00       3.71056e-02       3.20243e+00
  426  8.52e-04      4.78341e+00       3.98424e-02       3.20222e+00
  427  8.54e-04      4.78781e+00       4.21865e-02       3.20594e+00
  428  8.56e-04      4.79175e+00       3.73453e-02       3.20695e+00
  429  8.58e-04      4.78494e+00       4.20551e-02       3.20398e+00
  430  8.60e-04      4.77076e+00       3.66319e-02       3.19272e+00
  431  8.62e-04      4.76319e+00       3.64378e-02       3.18761e+00
  432  8.64e-04      4.77408e+00       4.12612e-02       3.19647e+00
  433  8.66e-04      4.77105e+00       3.87685e-02       3.19363e+00
  434  8.68e-04      4.76518e+00       3.66477e-02       3.18900e+00
  435  8.70e-04      4.77544e+00       3.95767e-02       3.19682e+00
  436  8.72e-04      4.75795e+00       3.66203e-02       3.18418e+00
  437  8.74e-04      4.74789e+00       4.07207e-02       3.17883e+00
  438  8.76e-04      4.75168e+00       4.17383e-02       3.18170e+00
  439  8.78e-04      4.76826e+00       3.44257e-02       3.19031e+00
  440  8.80e-04      4.74979e+00       3.72450e-02       3.17894e+00
  441  8.82e-04      4.76351e+00       4.28701e-02       3.18997e+00
  442  8.84e-04      4.75686e+00       3.59813e-02       3.18323e+00
  443  8.86e-04      4.73891e+00       3.65010e-02       3.17144e+00
  444  8.88e-04      4.74111e+00       4.08308e-02       3.17435e+00
  445  8.90e-04      4.77357e+00       3.30597e-02       3.19340e+00
  446  8.92e-04      4.77439e+00       4.87373e-02       3.19918e+00
  447  8.94e-04      4.76305e+00       3.25073e-02       3.18620e+00
  448  8.96e-04      4.75802e+00       4.41877e-02       3.18674e+00
  449  8.98e-04      4.75418e+00       4.38096e-02       3.18406e+00
  450  9.00e-04      4.77393e+00       3.65060e-02       3.19479e+00
  451  9.02e-04      4.76331e+00       4.71246e-02       3.19125e+00
  452  9.04e-04      4.78660e+00       3.60317e-02       3.20308e+00
  453  9.06e-04      4.77966e+00       3.74636e-02       3.19893e+00
  454  9.08e-04      4.78006e+00       3.87191e-02       3.19962e+00
  455  9.10e-04      4.76064e+00       4.13004e-02       3.18753e+00
  456  9.12e-04      4.76018e+00       4.49785e-02       3.18845e+00
  457  9.14e-04      4.77052e+00       3.54299e-02       3.19216e+00
  458  9.16e-04      4.78447e+00       4.44162e-02       3.20445e+00
  459  9.18e-04      4.77093e+00       4.55950e-02       3.19582e+00
  460  9.20e-04      4.77063e+00       4.65875e-02       3.19595e+00
  461  9.22e-04      4.75718e+00       4.05164e-02       3.18496e+00
  462  9.24e-04      4.75656e+00       3.91462e-02       3.18409e+00
  463  9.26e-04      4.73977e+00       4.66821e-02       3.17541e+00
  464  9.28e-04      4.75827e+00       3.58960e-02       3.18415e+00
  465  9.30e-04      4.73373e+00       4.55355e-02       3.17100e+00
  466  9.32e-04      4.76130e+00       4.31534e-02       3.18858e+00
  467  9.34e-04      4.75157e+00       4.20858e-02       3.18174e+00
  468  9.36e-04      4.73117e+00       4.05653e-02       3.16764e+00
  469  9.38e-04      4.72061e+00       3.48475e-02       3.15869e+00
  470  9.40e-04      4.73343e+00       4.64172e-02       3.17109e+00
  471  9.42e-04      4.72284e+00       4.42704e-02       3.16332e+00
  472  9.44e-04      4.72828e+00       4.14057e-02       3.16599e+00
  473  9.46e-04      4.73643e+00       4.00213e-02       3.17096e+00
  474  9.48e-04      4.72705e+00       4.14300e-02       3.16517e+00
  475  9.50e-04      4.72744e+00       4.31463e-02       3.16601e+00
  476  9.52e-04      4.72910e+00       4.78967e-02       3.16870e+00
  477  9.54e-04      4.71165e+00       4.43648e-02       3.15589e+00
  478  9.56e-04      4.70672e+00       4.93237e-02       3.15426e+00
  479  9.58e-04      4.73131e+00       4.65030e-02       3.16971e+00
  480  9.60e-04      4.71989e+00       4.66352e-02       3.16214e+00
  481  9.62e-04      4.71935e+00       5.32678e-02       3.16399e+00
  482  9.64e-04      4.71926e+00       4.69895e-02       3.16184e+00
  483  9.66e-04      4.73294e+00       4.54355e-02       3.17044e+00
  484  9.68e-04      4.73783e+00       5.09923e-02       3.17555e+00
  485  9.70e-04      4.75583e+00       4.49475e-02       3.18553e+00
  486  9.72e-04      4.73526e+00       4.63675e-02       3.17230e+00
  487  9.74e-04      4.72977e+00       4.82155e-02       3.16925e+00
  488  9.76e-04      4.73298e+00       5.35671e-02       3.17317e+00
  489  9.78e-04      4.73903e+00       4.99688e-02       3.17601e+00
  490  9.80e-04      4.74604e+00       5.00493e-02       3.18071e+00
  491  9.82e-04      4.75456e+00       4.45859e-02       3.18457e+00
  492  9.84e-04      4.75364e+00       5.21343e-02       3.18647e+00
  493  9.86e-04      4.73900e+00       5.21400e-02       3.17671e+00
  494  9.88e-04      4.73632e+00       4.53959e-02       3.17268e+00
  495  9.90e-04      4.74873e+00       5.50512e-02       3.18417e+00
  496  9.92e-04      4.74184e+00       4.19129e-02       3.17520e+00
  497  9.94e-04      4.75381e+00       4.90671e-02       3.18556e+00
  498  9.96e-04      4.74929e+00       5.15390e-02       3.18338e+00
  499  9.98e-04      4.76720e+00       4.85984e-02       3.19433e+00
  500  1.00e-03      4.74333e+00       4.64856e-02       3.17771e+00
  501  1.00e-03      4.73503e+00       4.16855e-02       3.17058e+00
  502  1.00e-03      4.72756e+00       4.21129e-02       3.16574e+00
  503  1.01e-03      4.73747e+00       4.79359e-02       3.17430e+00
  504  1.01e-03      4.73415e+00       4.58871e-02       3.17139e+00
  505  1.01e-03      4.73805e+00       4.14421e-02       3.17252e+00
  506  1.01e-03      4.75017e+00       4.41678e-02       3.18150e+00
  507  1.01e-03      4.74116e+00       5.20322e-02       3.17811e+00
  508  1.02e-03      4.73377e+00       3.32506e-02       3.16693e+00
  509  1.02e-03      4.74222e+00       5.00617e-02       3.17817e+00
  510  1.02e-03      4.72918e+00       4.67486e-02       3.16837e+00
  511  1.02e-03      4.73497e+00       4.76603e-02       3.17254e+00
  512  1.02e-03      4.74049e+00       5.64827e-02       3.17916e+00
  513  1.03e-03      4.75412e+00       3.88773e-02       3.18237e+00
  514  1.03e-03      4.72987e+00       5.13335e-02       3.17036e+00
  515  1.03e-03      4.72707e+00       5.15199e-02       3.16855e+00
  516  1.03e-03      4.73952e+00       4.86811e-02       3.17591e+00
  517  1.03e-03      4.74198e+00       4.91422e-02       3.17770e+00
  518  1.04e-03      4.71497e+00       4.98524e-02       3.15993e+00
  519  1.04e-03      4.69535e+00       4.92337e-02       3.14664e+00
  520  1.04e-03      4.71595e+00       5.11152e-02       3.16101e+00
  521  1.04e-03      4.72440e+00       4.64771e-02       3.16509e+00
  522  1.04e-03      4.70940e+00       4.63521e-02       3.15505e+00
  523  1.05e-03      4.72005e+00       4.57402e-02       3.16195e+00
  524  1.05e-03      4.71807e+00       5.32373e-02       3.16313e+00
  525  1.05e-03      4.71388e+00       4.46383e-02       3.15746e+00
  526  1.05e-03      4.71381e+00       5.40809e-02       3.16056e+00
  527  1.05e-03      4.70947e+00       4.66455e-02       3.15520e+00
  528  1.06e-03      4.71142e+00       5.36500e-02       3.15883e+00
  529  1.06e-03      4.71393e+00       4.79290e-02       3.15860e+00
  530  1.06e-03      4.69822e+00       4.52580e-02       3.14723e+00
  531  1.06e-03      4.72587e+00       4.97218e-02       3.16715e+00
  532  1.06e-03      4.71127e+00       5.23805e-02       3.15831e+00
  533  1.07e-03      4.71200e+00       4.42413e-02       3.15608e+00
  534  1.07e-03      4.72129e+00       4.77885e-02       3.16346e+00
  535  1.07e-03      4.71660e+00       5.02214e-02       3.16114e+00
  536  1.07e-03      4.72327e+00       4.88882e-02       3.16514e+00
  537  1.07e-03      4.74121e+00       5.56032e-02       3.17934e+00
  538  1.08e-03      4.73694e+00       4.57418e-02       3.17321e+00
  539  1.08e-03      4.73403e+00       4.88342e-02       3.17230e+00
  540  1.08e-03      4.73505e+00       4.51428e-02       3.17175e+00
  541  1.08e-03      4.71997e+00       4.61027e-02       3.16201e+00
  542  1.08e-03      4.70786e+00       5.26502e-02       3.15612e+00
  543  1.09e-03      4.70027e+00       4.91750e-02       3.14991e+00
  544  1.09e-03      4.70167e+00       4.80064e-02       3.15045e+00
  545  1.09e-03      4.72800e+00       5.60991e-02       3.17070e+00
  546  1.09e-03      4.73854e+00       4.13327e-02       3.17280e+00
  547  1.09e-03      4.72213e+00       5.29841e-02       3.16575e+00
  548  1.10e-03      4.71201e+00       5.12039e-02       3.15841e+00
  549  1.10e-03      4.72585e+00       6.58959e-02       3.17253e+00
  550  1.10e-03      4.71155e+00       5.46525e-02       3.15925e+00
  551  1.10e-03      4.71136e+00       5.78549e-02       3.16019e+00
  552  1.10e-03      4.71444e+00       4.93941e-02       3.15942e+00
  553  1.11e-03      4.70426e+00       5.81008e-02       3.15554e+00
  554  1.11e-03      4.70194e+00       5.89899e-02       3.15429e+00
  555  1.11e-03      4.68718e+00       5.12734e-02       3.14188e+00
  556  1.11e-03      4.67503e+00       5.27984e-02       3.13429e+00
  557  1.11e-03      4.66653e+00       4.87445e-02       3.12727e+00
  558  1.12e-03      4.67800e+00       5.54698e-02       3.13716e+00
  559  1.12e-03      4.67045e+00       6.03794e-02       3.13376e+00
  560  1.12e-03      4.67402e+00       4.77574e-02       3.13193e+00
  561  1.12e-03      4.66875e+00       5.03620e-02       3.12929e+00
  562  1.12e-03      4.67627e+00       5.55958e-02       3.13605e+00
  563  1.13e-03      4.69611e+00       5.61886e-02       3.14947e+00
  564  1.13e-03      4.68388e+00       5.09062e-02       3.13955e+00
  565  1.13e-03      4.67583e+00       4.64415e-02       3.13270e+00
  566  1.13e-03      4.69567e+00       5.37583e-02       3.14837e+00
  567  1.13e-03      4.71141e+00       4.79886e-02       3.15694e+00
  568  1.14e-03      4.69240e+00       5.60139e-02       3.14694e+00
  569  1.14e-03      4.69807e+00       4.12306e-02       3.14579e+00
  570  1.14e-03      4.71127e+00       5.21783e-02       3.15824e+00
  571  1.14e-03      4.70769e+00       4.64965e-02       3.15396e+00
  572  1.14e-03      4.70386e+00       4.93724e-02       3.15237e+00
  573  1.15e-03      4.69893e+00       5.49071e-02       3.15092e+00
  574  1.15e-03      4.69793e+00       5.58938e-02       3.15058e+00
  575  1.15e-03      4.69093e+00       6.13820e-02       3.14775e+00
  576  1.15e-03      4.68879e+00       5.68123e-02       3.14480e+00
  577  1.15e-03      4.69641e+00       4.86887e-02       3.14717e+00
  578  1.16e-03      4.69850e+00       5.62373e-02       3.15108e+00
  579  1.16e-03      4.69759e+00       4.49468e-02       3.14671e+00
  580  1.16e-03      4.71798e+00       4.68825e-02       3.16095e+00
  581  1.16e-03      4.70248e+00       5.39763e-02       3.15298e+00
  582  1.16e-03      4.69965e+00       5.53399e-02       3.15155e+00
  583  1.17e-03      4.70543e+00       5.32667e-02       3.15471e+00
  584  1.17e-03      4.71051e+00       5.30837e-02       3.15804e+00
  585  1.17e-03      4.72252e+00       5.60230e-02       3.16702e+00
  586  1.17e-03      4.71735e+00       5.70269e-02       3.16391e+00
  587  1.17e-03      4.72507e+00       4.98868e-02       3.16668e+00
  588  1.18e-03      4.70124e+00       5.39049e-02       3.15213e+00
  589  1.18e-03      4.68801e+00       5.08725e-02       3.14230e+00
  590  1.18e-03      4.69335e+00       4.26562e-02       3.14312e+00
  591  1.18e-03      4.71053e+00       5.43808e-02       3.15848e+00
  592  1.18e-03      4.71224e+00       5.54815e-02       3.15999e+00
  593  1.19e-03      4.69846e+00       5.43357e-02       3.15042e+00
  594  1.19e-03      4.71172e+00       4.81378e-02       3.15719e+00
  595  1.19e-03      4.72178e+00       5.99089e-02       3.16782e+00
  596  1.19e-03      4.71646e+00       5.38688e-02       3.16226e+00
  597  1.19e-03      4.70520e+00       5.79491e-02       3.15612e+00
  598  1.20e-03      4.70414e+00       6.58391e-02       3.15804e+00
  599  1.20e-03      4.70849e+00       4.01880e-02       3.15239e+00
  600  1.20e-03      4.69431e+00       5.05428e-02       3.14639e+00
  601  1.20e-03      4.69414e+00       4.84066e-02       3.14557e+00
  602  1.20e-03      4.70069e+00       4.61719e-02       3.14919e+00
  603  1.21e-03      4.69599e+00       6.17235e-02       3.15123e+00
  604  1.21e-03      4.67819e+00       4.73093e-02       3.13456e+00
  605  1.21e-03      4.68788e+00       5.51867e-02       3.14365e+00
  606  1.21e-03      4.68227e+00       5.87004e-02       3.14108e+00
  607  1.21e-03      4.67991e+00       4.95665e-02       3.13646e+00
  608  1.22e-03      4.67790e+00       5.17064e-02       3.13584e+00
  609  1.22e-03      4.68215e+00       4.58987e-02       3.13673e+00
  610  1.22e-03      4.68653e+00       5.09296e-02       3.14133e+00
  611  1.22e-03      4.67294e+00       4.88268e-02       3.13157e+00
  612  1.22e-03      4.66603e+00       5.65497e-02       3.12954e+00
  613  1.23e-03      4.63585e+00       4.56712e-02       3.10579e+00
  614  1.23e-03      4.64130e+00       5.82957e-02       3.11363e+00
  615  1.23e-03      4.65111e+00       6.60218e-02       3.12275e+00
  616  1.23e-03      4.64883e+00       5.28146e-02       3.11683e+00
  617  1.23e-03      4.64160e+00       5.58903e-02       3.11303e+00
  618  1.24e-03      4.63968e+00       5.42383e-02       3.11120e+00
  619  1.24e-03      4.64946e+00       5.13600e-02       3.11676e+00
  620  1.24e-03      4.64935e+00       6.01868e-02       3.11963e+00
  621  1.24e-03      4.64339e+00       5.44158e-02       3.11373e+00
  622  1.24e-03      4.61782e+00       4.85131e-02       3.09472e+00
  623  1.25e-03      4.63174e+00       4.90297e-02       3.10417e+00
  624  1.25e-03      4.65637e+00       5.59514e-02       3.12289e+00
  625  1.25e-03      4.66345e+00       5.86031e-02       3.12850e+00
  626  1.25e-03      4.64820e+00       5.41434e-02       3.11685e+00
  627  1.25e-03      4.65623e+00       5.47255e-02       3.12240e+00
  628  1.26e-03      4.64063e+00       5.37999e-02       3.11168e+00
  629  1.26e-03      4.64008e+00       5.03282e-02       3.11016e+00
  630  1.26e-03      4.64590e+00       5.44924e-02       3.11543e+00
  631  1.26e-03      4.67120e+00       5.56731e-02       3.13269e+00
  632  1.26e-03      4.67570e+00       5.39239e-02       3.13511e+00
  633  1.27e-03      4.66623e+00       5.24227e-02       3.12829e+00
  634  1.27e-03      4.68439e+00       5.57934e-02       3.14152e+00
  635  1.27e-03      4.67302e+00       5.84322e-02       3.13483e+00
  636  1.27e-03      4.66663e+00       5.04639e-02       3.12791e+00
  637  1.27e-03      4.65842e+00       6.22263e-02       3.12636e+00
  638  1.28e-03      4.68211e+00       5.67934e-02       3.14034e+00
  639  1.28e-03      4.68900e+00       5.88917e-02       3.14563e+00
  640  1.28e-03      4.68944e+00       4.82565e-02       3.14238e+00
  641  1.28e-03      4.67044e+00       6.27387e-02       3.13454e+00
  642  1.28e-03      4.67036e+00       7.07420e-02       3.13716e+00
  643  1.29e-03      4.66456e+00       5.09315e-02       3.12668e+00
  644  1.29e-03      4.67790e+00       6.18506e-02       3.13921e+00
  645  1.29e-03      4.65033e+00       6.44717e-02       3.12171e+00
  646  1.29e-03      4.67642e+00       6.06484e-02       3.13783e+00
  647  1.29e-03      4.66975e+00       7.01600e-02       3.13655e+00
  648  1.30e-03      4.65978e+00       4.71404e-02       3.12224e+00
  649  1.30e-03      4.65097e+00       5.73582e-02       3.11977e+00
  650  1.30e-03      4.68055e+00       6.46050e-02       3.14190e+00
  651  1.30e-03      4.65963e+00       6.23096e-02       3.12719e+00
  652  1.30e-03      4.65701e+00       6.06948e-02       3.12490e+00
  653  1.31e-03      4.67336e+00       6.54725e-02       3.13740e+00
  654  1.31e-03      4.68371e+00       6.51925e-02       3.14420e+00
  655  1.31e-03      4.66366e+00       6.22154e-02       3.12985e+00
  656  1.31e-03      4.68422e+00       6.53320e-02       3.14459e+00
  657  1.31e-03      4.66951e+00       6.14836e-02       3.13350e+00
  658  1.32e-03      4.65679e+00       6.25862e-02       3.12539e+00
  659  1.32e-03      4.66109e+00       7.67118e-02       3.13297e+00
  660  1.32e-03      4.65806e+00       6.01882e-02       3.12544e+00
  661  1.32e-03      4.63754e+00       6.46042e-02       3.11323e+00
  662  1.32e-03      4.63293e+00       6.12171e-02       3.10902e+00
  663  1.33e-03      4.63885e+00       6.07519e-02       3.11282e+00
  664  1.33e-03      4.64707e+00       7.85566e-02       3.12423e+00
  665  1.33e-03      4.65994e+00       6.14377e-02       3.12711e+00
  666  1.33e-03      4.65884e+00       5.68276e-02       3.12484e+00
  667  1.33e-03      4.64898e+00       7.52559e-02       3.12441e+00
  668  1.34e-03      4.63392e+00       5.93039e-02       3.10905e+00
  669  1.34e-03      4.62730e+00       6.95918e-02       3.10807e+00
  670  1.34e-03      4.63816e+00       6.45711e-02       3.11363e+00
  671  1.34e-03      4.63618e+00       5.62775e-02       3.10954e+00
  672  1.34e-03      4.64115e+00       6.79925e-02       3.11677e+00
  673  1.35e-03      4.64084e+00       6.15835e-02       3.11442e+00
  674  1.35e-03      4.63081e+00       6.65649e-02       3.10940e+00
  675  1.35e-03      4.62953e+00       6.38574e-02       3.10764e+00
  676  1.35e-03      4.63083e+00       7.08805e-02       3.11085e+00
  677  1.35e-03      4.62523e+00       6.47975e-02       3.10508e+00
  678  1.36e-03      4.61511e+00       6.42971e-02       3.09817e+00
  679  1.36e-03      4.61383e+00       6.00900e-02       3.09591e+00
  680  1.36e-03      4.60993e+00       6.94170e-02       3.09642e+00
  681  1.36e-03      4.61710e+00       7.83399e-02       3.10418e+00
  682  1.36e-03      4.61039e+00       7.30846e-02       3.09795e+00
  683  1.37e-03      4.59459e+00       6.31595e-02       3.08411e+00
  684  1.37e-03      4.58661e+00       7.91222e-02       3.08411e+00
  685  1.37e-03      4.57188e+00       7.21704e-02       3.07198e+00
  686  1.37e-03      4.58330e+00       8.50553e-02       3.08389e+00
  687  1.37e-03      4.56944e+00       5.45898e-02       3.06449e+00
  688  1.38e-03      4.58205e+00       6.72736e-02       3.07713e+00
  689  1.38e-03      4.56977e+00       8.03194e-02       3.07329e+00
  690  1.38e-03      4.55027e+00       7.44257e-02       3.05832e+00
  691  1.38e-03      4.54833e+00       6.89917e-02       3.05522e+00
  692  1.38e-03      4.56524e+00       6.68490e-02       3.06577e+00
  693  1.39e-03      4.57497e+00       7.40622e-02       3.07467e+00
  694  1.39e-03      4.56360e+00       7.47355e-02       3.06731e+00
  695  1.39e-03      4.54661e+00       6.86602e-02       3.05396e+00
  696  1.39e-03      4.56154e+00       6.62289e-02       3.06310e+00
  697  1.39e-03      4.55684e+00       6.14201e-02       3.05837e+00
  698  1.40e-03      4.54753e+00       7.45925e-02       3.05655e+00
  699  1.40e-03      4.54623e+00       6.37665e-02       3.05208e+00
  700  1.40e-03      4.54391e+00       6.49395e-02       3.05092e+00
  701  1.40e-03      4.54521e+00       6.66766e-02       3.05236e+00
  702  1.40e-03      4.54522e+00       7.16728e-02       3.05404e+00
  703  1.41e-03      4.53413e+00       7.51508e-02       3.04780e+00
  704  1.41e-03      4.53356e+00       5.97440e-02       3.04229e+00
  705  1.41e-03      4.54025e+00       7.64111e-02       3.05231e+00
  706  1.41e-03      4.54785e+00       6.80817e-02       3.05460e+00
  707  1.41e-03      4.55299e+00       8.40563e-02       3.06334e+00
  708  1.42e-03      4.55207e+00       8.02407e-02       3.06146e+00
  709  1.42e-03      4.54844e+00       6.66949e-02       3.05452e+00
  710  1.42e-03      4.56754e+00       6.71961e-02       3.06743e+00
  711  1.42e-03      4.57916e+00       7.61605e-02       3.07816e+00
  712  1.42e-03      4.57031e+00       6.42623e-02       3.06830e+00
  713  1.43e-03      4.55887e+00       7.79658e-02       3.06523e+00
  714  1.43e-03      4.55373e+00       7.10599e-02       3.05950e+00
  715  1.43e-03      4.54057e+00       7.78110e-02       3.05298e+00
  716  1.43e-03      4.55975e+00       6.98008e-02       3.06310e+00
  717  1.43e-03      4.54821e+00       7.41053e-02       3.05684e+00
  718  1.44e-03      4.54943e+00       7.38221e-02       3.05756e+00
  719  1.44e-03      4.56043e+00       8.08496e-02       3.06723e+00
  720  1.44e-03      4.56571e+00       7.75390e-02       3.06965e+00
  721  1.44e-03      4.56050e+00       7.68560e-02       3.06595e+00
  722  1.44e-03      4.56252e+00       7.69897e-02       3.06735e+00
  723  1.45e-03      4.56129e+00       7.82238e-02       3.06693e+00
  724  1.45e-03      4.56193e+00       7.42859e-02       3.06605e+00
  725  1.45e-03      4.56906e+00       7.30886e-02       3.07040e+00
  726  1.45e-03      4.58102e+00       6.13085e-02       3.07445e+00
  727  1.45e-03      4.58018e+00       6.45637e-02       3.07498e+00
  728  1.46e-03      4.57303e+00       8.71086e-02       3.07772e+00
  729  1.46e-03      4.57426e+00       6.14119e-02       3.06998e+00
  730  1.46e-03      4.58854e+00       8.98275e-02       3.08897e+00
  731  1.46e-03      4.60125e+00       7.80441e-02       3.09351e+00
  732  1.46e-03      4.59047e+00       6.79358e-02       3.08296e+00
  733  1.47e-03      4.56890e+00       7.94528e-02       3.07242e+00
  734  1.47e-03      4.59202e+00       7.18322e-02       3.08529e+00
  735  1.47e-03      4.58301e+00       6.46695e-02       3.07689e+00
  736  1.47e-03      4.55647e+00       7.86069e-02       3.06385e+00
  737  1.47e-03      4.55887e+00       6.57144e-02       3.06115e+00
  738  1.48e-03      4.56486e+00       8.65982e-02       3.07211e+00
  739  1.48e-03      4.55175e+00       6.94304e-02       3.05764e+00
  740  1.48e-03      4.53885e+00       7.36434e-02       3.05045e+00
  741  1.48e-03      4.54139e+00       7.02037e-02       3.05099e+00
  742  1.48e-03      4.55407e+00       8.42649e-02       3.06414e+00
  743  1.49e-03      4.55228e+00       6.45338e-02       3.05636e+00
  744  1.49e-03      4.55450e+00       7.97518e-02       3.06292e+00
  745  1.49e-03      4.54856e+00       8.03388e-02       3.05916e+00
  746  1.49e-03      4.52446e+00       7.88494e-02       3.04259e+00
  747  1.49e-03      4.53195e+00       8.67986e-02       3.05024e+00
  748  1.50e-03      4.52888e+00       8.41200e-02       3.04729e+00
  749  1.50e-03      4.53820e+00       7.48067e-02       3.05040e+00
  750  1.50e-03      4.54369e+00       9.33958e-02       3.06026e+00
  751  1.50e-03      4.54054e+00       7.43742e-02       3.05182e+00
  752  1.50e-03      4.53210e+00       9.13384e-02       3.05184e+00
  753  1.51e-03      4.53495e+00       7.75879e-02       3.04917e+00
  754  1.51e-03      4.51814e+00       6.84160e-02       3.03490e+00
  755  1.51e-03      4.51548e+00       8.37473e-02       3.03823e+00
  756  1.51e-03      4.51268e+00       8.21973e-02       3.03585e+00
  757  1.51e-03      4.50381e+00       7.59662e-02       3.02786e+00
  758  1.52e-03      4.51489e+00       7.60088e-02       3.03526e+00
  759  1.52e-03      4.51920e+00       7.53720e-02       3.03792e+00
  760  1.52e-03      4.51783e+00       7.52062e-02       3.03696e+00
  761  1.52e-03      4.51547e+00       8.96296e-02       3.04019e+00
  762  1.52e-03      4.50608e+00       6.72161e-02       3.02646e+00
  763  1.53e-03      4.49553e+00       8.34784e-02       3.02485e+00
  764  1.53e-03      4.50824e+00       8.72516e-02       3.03458e+00
  765  1.53e-03      4.48528e+00       6.66441e-02       3.01240e+00
  766  1.53e-03      4.51947e+00       6.11483e-02       3.03336e+00
  767  1.53e-03      4.51052e+00       7.90394e-02       3.03336e+00
  768  1.54e-03      4.51670e+00       8.16131e-02       3.03834e+00
  769  1.54e-03      4.49361e+00       8.39499e-02       3.02372e+00
  770  1.54e-03      4.49354e+00       7.01866e-02       3.01909e+00
  771  1.54e-03      4.49254e+00       7.73415e-02       3.02081e+00
  772  1.54e-03      4.49198e+00       8.20628e-02       3.02200e+00
  773  1.55e-03      4.49079e+00       7.81470e-02       3.01991e+00
  774  1.55e-03      4.50991e+00       7.78815e-02       3.03257e+00
  775  1.55e-03      4.49022e+00       7.58546e-02       3.01876e+00
  776  1.55e-03      4.47802e+00       6.99355e-02       3.00866e+00
  777  1.55e-03      4.48199e+00       8.84314e-02       3.01747e+00
  778  1.56e-03      4.48333e+00       7.78721e-02       3.01485e+00
  779  1.56e-03      4.48244e+00       7.72468e-02       3.01404e+00
  780  1.56e-03      4.49047e+00       7.90607e-02       3.02000e+00
  781  1.56e-03      4.47827e+00       8.46869e-02       3.01374e+00
  782  1.56e-03      4.49302e+00       8.27746e-02       3.02294e+00
  783  1.57e-03      4.48157e+00       8.24528e-02       3.01520e+00
  784  1.57e-03      4.48868e+00       8.42430e-02       3.02053e+00
  785  1.57e-03      4.47892e+00       8.59165e-02       3.01459e+00
  786  1.57e-03      4.46830e+00       8.46667e-02       3.00709e+00
  787  1.57e-03      4.46784e+00       8.16873e-02       3.00579e+00
  788  1.58e-03      4.48399e+00       5.99333e-02       3.00930e+00
  789  1.58e-03      4.49784e+00       7.39683e-02       3.02322e+00
  790  1.58e-03      4.50748e+00       7.19880e-02       3.02898e+00
  791  1.58e-03      4.51560e+00       8.11041e-02       3.03744e+00
  792  1.58e-03      4.50332e+00       8.23297e-02       3.02966e+00
  793  1.59e-03      4.50244e+00       7.61779e-02       3.02702e+00
  794  1.59e-03      4.50502e+00       1.00601e-01       3.03688e+00
  795  1.59e-03      4.49239e+00       7.46092e-02       3.01980e+00
  796  1.59e-03      4.49039e+00       7.94242e-02       3.02007e+00
  797  1.59e-03      4.49569e+00       7.84049e-02       3.02326e+00
  798  1.60e-03      4.49445e+00       6.46357e-02       3.01785e+00
  799  1.60e-03      4.49632e+00       8.67575e-02       3.02647e+00
  800  1.60e-03      4.47843e+00       7.51583e-02       3.01067e+00
  801  1.60e-03      4.47536e+00       7.13658e-02       3.00736e+00
  802  1.60e-03      4.48483e+00       8.25058e-02       3.01739e+00
  803  1.61e-03      4.47319e+00       7.90809e-02       3.00849e+00
  804  1.61e-03      4.46382e+00       7.93997e-02       3.00234e+00
  805  1.61e-03      4.48869e+00       7.87491e-02       3.01871e+00
  806  1.61e-03      4.48773e+00       8.17059e-02       3.01906e+00
  807  1.61e-03      4.47891e+00       8.79628e-02       3.01526e+00
  808  1.62e-03      4.47207e+00       8.57417e-02       3.00996e+00
  809  1.62e-03      4.47637e+00       7.21739e-02       3.00831e+00
  810  1.62e-03      4.48123e+00       8.22789e-02       3.01492e+00
  811  1.62e-03      4.47394e+00       9.65743e-02       3.01482e+00
  812  1.62e-03      4.48287e+00       7.97557e-02       3.01517e+00
  813  1.63e-03      4.49721e+00       9.61346e-02       3.03018e+00
  814  1.63e-03      4.48017e+00       8.41142e-02       3.01482e+00
  815  1.63e-03      4.46747e+00       7.16213e-02       3.00219e+00
  816  1.63e-03      4.48294e+00       9.86751e-02       3.02152e+00
  817  1.63e-03      4.49436e+00       8.25974e-02       3.02378e+00
  818  1.64e-03      4.49242e+00       7.59014e-02       3.02025e+00
  819  1.64e-03      4.46938e+00       8.68380e-02       3.00853e+00
  820  1.64e-03      4.49392e+00       7.41858e-02       3.02067e+00
  821  1.64e-03      4.48910e+00       9.25834e-02       3.02360e+00
  822  1.64e-03      4.48277e+00       8.85098e-02       3.01802e+00
  823  1.65e-03      4.46087e+00       7.90576e-02       3.00027e+00
  824  1.65e-03      4.48368e+00       9.58774e-02       3.02108e+00
  825  1.65e-03      4.46263e+00       9.34046e-02       3.00622e+00
  826  1.65e-03      4.44421e+00       7.49913e-02       2.98781e+00
  827  1.65e-03      4.46066e+00       8.30319e-02       3.00145e+00
  828  1.66e-03      4.45836e+00       7.73918e-02       2.99804e+00
  829  1.66e-03      4.46337e+00       7.64393e-02       3.00106e+00
  830  1.66e-03      4.47591e+00       9.20107e-02       3.01461e+00
  831  1.66e-03      4.47166e+00       8.52713e-02       3.00953e+00
  832  1.66e-03      4.45183e+00       7.86557e-02       2.99410e+00
  833  1.67e-03      4.44639e+00       9.09507e-02       2.99458e+00
  834  1.67e-03      4.42631e+00       9.04203e-02       2.98101e+00
  835  1.67e-03      4.41651e+00       7.92640e-02       2.97076e+00
  836  1.67e-03      4.42733e+00       8.51971e-02       2.97995e+00
  837  1.67e-03      4.42457e+00       7.39926e-02       2.97437e+00
  838  1.68e-03      4.42151e+00       8.90140e-02       2.97734e+00
  839  1.68e-03      4.43931e+00       8.09226e-02       2.98652e+00
  840  1.68e-03      4.41404e+00       9.22567e-02       2.97345e+00
  841  1.68e-03      4.40747e+00       8.27034e-02       2.96588e+00
  842  1.68e-03      4.42303e+00       9.31341e-02       2.97973e+00
  843  1.69e-03      4.40622e+00       9.63785e-02       2.96961e+00
  844  1.69e-03      4.41017e+00       9.40283e-02       2.97146e+00
  845  1.69e-03      4.41302e+00       9.18451e-02       2.97263e+00
  846  1.69e-03      4.44093e+00       9.87504e-02       2.99353e+00
  847  1.69e-03      4.42418e+00       8.31259e-02       2.97716e+00
  848  1.70e-03      4.43139e+00       8.92834e-02       2.98402e+00
  849  1.70e-03      4.42247e+00       7.98977e-02       2.97494e+00
  850  1.70e-03      4.41949e+00       9.67918e-02       2.97859e+00
  851  1.70e-03      4.42981e+00       8.57790e-02       2.98180e+00
  852  1.70e-03      4.44584e+00       9.03241e-02       2.99400e+00
  853  1.71e-03      4.43712e+00       9.09966e-02       2.98841e+00
  854  1.71e-03      4.43579e+00       9.48267e-02       2.98880e+00
  855  1.71e-03      4.44021e+00       9.66684e-02       2.99236e+00
  856  1.71e-03      4.44691e+00       8.55664e-02       2.99313e+00
  857  1.71e-03      4.43726e+00       9.31363e-02       2.98922e+00
  858  1.72e-03      4.43109e+00       8.44676e-02       2.98222e+00
  859  1.72e-03      4.43218e+00       8.06473e-02       2.98167e+00
  860  1.72e-03      4.44405e+00       9.93773e-02       2.99583e+00
  861  1.72e-03      4.44527e+00       8.32344e-02       2.99126e+00
  862  1.72e-03      4.43547e+00       9.04382e-02       2.98712e+00
  863  1.73e-03      4.46402e+00       9.80643e-02       3.00870e+00
  864  1.73e-03      4.46575e+00       8.29279e-02       3.00481e+00
  865  1.73e-03      4.44219e+00       9.01904e-02       2.99152e+00
  866  1.73e-03      4.42954e+00       9.14800e-02       2.98352e+00
  867  1.73e-03      4.43834e+00       1.10142e-01       2.99561e+00
  868  1.74e-03      4.44553e+00       9.35705e-02       2.99488e+00
  869  1.74e-03      4.43245e+00       1.01859e-01       2.98892e+00
  870  1.74e-03      4.44981e+00       8.23325e-02       2.99398e+00
  871  1.74e-03      4.44748e+00       9.95132e-02       2.99816e+00
  872  1.74e-03      4.44328e+00       8.92851e-02       2.99195e+00
  873  1.75e-03      4.43534e+00       9.19748e-02       2.98755e+00
  874  1.75e-03      4.43532e+00       9.72690e-02       2.98931e+00
  875  1.75e-03      4.44566e+00       9.34998e-02       2.99494e+00
  876  1.75e-03      4.44900e+00       9.15623e-02       2.99652e+00
  877  1.75e-03      4.47211e+00       1.11354e-01       3.01853e+00
  878  1.76e-03      4.45142e+00       9.71402e-02       2.99999e+00
  879  1.76e-03      4.44515e+00       9.59308e-02       2.99541e+00
  880  1.76e-03      4.45926e+00       8.81151e-02       3.00221e+00
  881  1.76e-03      4.47682e+00       9.55396e-02       3.01639e+00
  882  1.76e-03      4.46855e+00       8.62173e-02       3.00777e+00
  883  1.77e-03      4.48386e+00       1.04062e-01       3.02393e+00
  884  1.77e-03      4.48821e+00       9.23279e-02       3.02291e+00
  885  1.77e-03      4.49226e+00       1.11906e-01       3.03214e+00
  886  1.77e-03      4.49144e+00       9.32469e-02       3.02538e+00
  887  1.77e-03      4.49474e+00       1.03363e-01       3.03095e+00
  888  1.78e-03      4.48953e+00       1.14212e-01       3.03109e+00
  889  1.78e-03      4.49966e+00       9.18721e-02       3.03040e+00
  890  1.78e-03      4.49846e+00       1.08263e-01       3.03506e+00
  891  1.78e-03      4.50583e+00       9.66905e-02       3.03612e+00
  892  1.78e-03      4.49883e+00       8.96683e-02       3.02911e+00
  893  1.79e-03      4.50051e+00       9.81602e-02       3.03306e+00
  894  1.79e-03      4.50741e+00       9.95070e-02       3.03811e+00
  895  1.79e-03      4.49946e+00       8.60181e-02       3.02831e+00
  896  1.79e-03      4.49324e+00       9.59575e-02       3.02748e+00
  897  1.79e-03      4.50878e+00       9.56388e-02       3.03773e+00
  898  1.80e-03      4.51453e+00       8.86599e-02       3.03924e+00
  899  1.80e-03      4.51347e+00       1.07207e-01       3.04472e+00
  900  1.80e-03      4.50163e+00       1.12424e-01       3.03856e+00
  901  1.80e-03      4.51929e+00       9.11672e-02       3.04325e+00
  902  1.80e-03      4.52275e+00       9.54567e-02       3.04698e+00
  903  1.81e-03      4.51055e+00       9.18308e-02       3.03764e+00
  904  1.81e-03      4.50072e+00       1.07419e-01       3.03628e+00
  905  1.81e-03      4.49766e+00       9.47591e-02       3.03003e+00
  906  1.81e-03      4.51143e+00       9.39423e-02       3.03893e+00
  907  1.81e-03      4.50630e+00       1.11529e-01       3.04138e+00
  908  1.82e-03      4.48611e+00       1.04009e-01       3.02541e+00
  909  1.82e-03      4.49497e+00       9.43321e-02       3.02809e+00
  910  1.82e-03      4.48614e+00       1.20641e-01       3.03097e+00
  911  1.82e-03      4.48390e+00       8.64051e-02       3.01807e+00
  912  1.82e-03      4.46372e+00       8.58843e-02       3.00444e+00
  913  1.83e-03      4.46327e+00       9.93398e-02       3.00863e+00
  914  1.83e-03      4.46688e+00       1.09245e-01       3.01434e+00
  915  1.83e-03      4.48592e+00       9.26179e-02       3.02149e+00
  916  1.83e-03      4.46911e+00       1.16397e-01       3.01821e+00
  917  1.83e-03      4.48656e+00       1.12245e-01       3.02846e+00
  918  1.84e-03      4.46476e+00       9.33817e-02       3.00764e+00
  919  1.84e-03      4.47114e+00       9.16802e-02       3.01132e+00
  920  1.84e-03      4.46550e+00       8.71576e-02       3.00605e+00
  921  1.84e-03      4.47345e+00       8.56077e-02       3.01084e+00
  922  1.84e-03      4.48759e+00       9.98821e-02       3.02502e+00
  923  1.85e-03      4.47820e+00       8.18863e-02       3.01276e+00
  924  1.85e-03      4.49816e+00       1.06815e-01       3.03438e+00
  925  1.85e-03      4.47901e+00       9.06048e-02       3.01621e+00
  926  1.85e-03      4.49098e+00       1.07808e-01       3.02992e+00
  927  1.85e-03      4.50406e+00       1.11426e-01       3.03985e+00
  928  1.86e-03      4.49359e+00       9.02123e-02       3.02580e+00
  929  1.86e-03      4.48842e+00       1.23248e-01       3.03336e+00
  930  1.86e-03      4.50651e+00       9.51698e-02       3.03606e+00
  931  1.86e-03      4.51007e+00       9.49289e-02       3.03836e+00
  932  1.86e-03      4.50435e+00       1.02519e-01       3.03707e+00
  933  1.87e-03      4.49704e+00       1.12607e-01       3.03556e+00
  934  1.87e-03      4.48977e+00       9.51173e-02       3.02489e+00
  935  1.87e-03      4.49910e+00       9.76420e-02       3.03195e+00
  936  1.87e-03      4.49891e+00       9.85579e-02       3.03212e+00
  937  1.87e-03      4.49340e+00       1.15048e-01       3.03395e+00
  938  1.88e-03      4.50033e+00       1.15659e-01       3.03877e+00
  939  1.88e-03      4.49920e+00       1.14801e-01       3.03773e+00
  940  1.88e-03      4.51324e+00       9.78234e-02       3.04144e+00
  941  1.88e-03      4.51842e+00       1.04698e-01       3.04718e+00
  942  1.88e-03      4.53565e+00       8.05867e-02       3.05063e+00
  943  1.89e-03      4.52299e+00       1.19386e-01       3.05512e+00
  944  1.89e-03      4.50676e+00       9.90001e-02       3.03751e+00
  945  1.89e-03      4.49998e+00       9.39965e-02       3.03132e+00
  946  1.89e-03      4.48974e+00       1.10891e-01       3.03012e+00
  947  1.89e-03      4.48472e+00       1.23939e-01       3.03113e+00
  948  1.90e-03      4.48769e+00       1.05778e-01       3.02705e+00
  949  1.90e-03      4.48779e+00       1.25934e-01       3.03384e+00
  950  1.90e-03      4.48183e+00       8.77499e-02       3.01714e+00
  951  1.90e-03      4.46597e+00       1.17028e-01       3.01633e+00
  952  1.90e-03      4.46209e+00       1.02095e-01       3.00876e+00
  953  1.91e-03      4.46826e+00       1.07489e-01       3.01467e+00
  954  1.91e-03      4.47165e+00       1.10518e-01       3.01794e+00
  955  1.91e-03      4.44752e+00       1.04768e-01       2.99993e+00
  956  1.91e-03      4.46966e+00       1.24249e-01       3.02119e+00
  957  1.91e-03      4.46472e+00       1.12382e-01       3.01394e+00
  958  1.92e-03      4.46014e+00       1.07723e-01       3.00934e+00
  959  1.92e-03      4.43380e+00       8.37104e-02       2.98377e+00
  960  1.92e-03      4.43221e+00       1.17080e-01       2.99383e+00
  961  1.92e-03      4.43521e+00       1.04209e-01       2.99154e+00
  962  1.92e-03      4.44984e+00       1.01845e-01       3.00051e+00
  963  1.93e-03      4.44767e+00       1.20746e-01       3.00536e+00
  964  1.93e-03      4.45452e+00       1.03701e-01       3.00425e+00
  965  1.93e-03      4.43321e+00       1.20619e-01       2.99568e+00
  966  1.93e-03      4.44257e+00       1.24757e-01       3.00330e+00
  967  1.93e-03      4.44079e+00       9.08898e-02       2.99082e+00
  968  1.94e-03      4.44379e+00       1.05106e-01       2.99756e+00
  969  1.94e-03      4.45794e+00       9.63915e-02       3.00409e+00
  970  1.94e-03      4.44855e+00       1.27988e-01       3.00836e+00
  971  1.94e-03      4.44005e+00       1.02727e-01       2.99427e+00
  972  1.94e-03      4.45031e+00       1.05006e-01       3.00188e+00
  973  1.95e-03      4.44718e+00       1.26576e-01       3.00698e+00
  974  1.95e-03      4.47575e+00       1.20931e-01       3.02415e+00
  975  1.95e-03      4.47924e+00       1.12713e-01       3.02373e+00
  976  1.95e-03      4.46812e+00       1.19175e-01       3.01847e+00
  977  1.95e-03      4.47290e+00       1.13700e-01       3.01983e+00
  978  1.96e-03      4.49572e+00       1.00992e-01       3.03081e+00
  979  1.96e-03      4.48500e+00       1.13232e-01       3.02775e+00
  980  1.96e-03      4.49906e+00       1.00776e-01       3.03297e+00
  981  1.96e-03      4.49099e+00       9.70740e-02       3.02635e+00
  982  1.96e-03      4.47466e+00       1.01382e-01       3.01690e+00
  983  1.97e-03      4.47602e+00       1.16170e-01       3.02274e+00
  984  1.97e-03      4.48153e+00       9.47859e-02       3.01928e+00
  985  1.97e-03      4.48663e+00       1.06224e-01       3.02650e+00
  986  1.97e-03      4.46799e+00       1.02067e-01       3.01268e+00
  987  1.97e-03      4.46326e+00       1.03433e-01       3.00999e+00
  988  1.98e-03      4.47259e+00       1.13620e-01       3.01960e+00
  989  1.98e-03      4.45734e+00       9.25356e-02       3.00241e+00
  990  1.98e-03      4.44775e+00       1.02062e-01       2.99919e+00
  991  1.98e-03      4.45770e+00       1.06570e-01       3.00732e+00
  992  1.98e-03      4.45348e+00       1.05734e-01       3.00423e+00
  993  1.99e-03      4.44892e+00       1.13488e-01       3.00378e+00
  994  1.99e-03      4.44026e+00       9.91525e-02       2.99322e+00
  995  1.99e-03      4.45465e+00       1.09251e-01       3.00619e+00
  996  1.99e-03      4.44051e+00       1.16260e-01       2.99909e+00
  997  1.99e-03      4.43377e+00       9.13588e-02       2.98630e+00
  998  2.00e-03      4.41824e+00       1.15937e-01       2.98414e+00
  999  2.00e-03      4.42607e+00       9.42260e-02       2.98212e+00
