Delta = -1.034e+00 gamma
 step      t        T_in_plane/mK   T_out_of_plane/mK   T_tot/mK
    0  0.00e+00      5.43131e+00       0.00000e+00       3.62087e+00
    1  2.00e-06      5.33948e+00       1.49479e-03       3.56015e+00
    2  4.00e-06      5.34776e+00       4.06572e-03       3.56653e+00
    3  6.00e-06      5.37245e+00       6.11500e-03       3.58367e+00
    4  8.00e-06      5.38277e+00       8.32899e-03       3.59129e+00
    5  1.00e-05      5.38506e+00       9.65662e-03       3.59326e+00
    6  1.20e-05      5.37036e+00       1.24023e-02       3.58437e+00
    7  1.40e-05      5.38992e+00       1.34611e-02       3.59776e+00
    8  1.60e-05      5.40293e+00       1.58014e-02       3.60722e+00
    9  1.80e-05      5.40529e+00       1.85182e-02       3.60970e+00
   10  2.00e-05      5.42768e+00       2.29892e-02       3.62611e+00
   11  2.20e-05      5.46594e+00       2.12438e-02       3.65104e+00
   12  2.40e-05      5.47894e+00       2.69807e-02       3.66162e+00
   13  2.60e-05      5.51237e+00       2.59726e-02       3.68357e+00
   14  2.80e-05      5.48725e+00       2.72416e-02       3.66725e+00
   15  3.00e-05      5.45124e+00       2.59634e-02       3.64282e+00
   16  3.20e-05      5.46268e+00       2.97788e-02       3.65172e+00
   17  3.40e-05      5.46919e+00       3.07885e-02       3.65639e+00
   18  3.60e-05      5.42675e+00       3.76318e-02       3.63038e+00
   19  3.80e-05      5.44897e+00       3.60922e-02       3.64468e+00
   20  4.00e-05      5.50793e+00       3.67947e-02       3.68422e+00
   21  4.20e-05      5.49793e+00       4.35068e-02       3.67979e+00
   22  4.40e-05      5.49069e+00       4.24029e-02       3.67460e+00
   23  4.60e-05      5.50426e+00       4.61543e-02       3.68489e+00
   24  4.80e-05      5.51089e+00       4.59645e-02       3.68925e+00
   25  5.00e-05      5.46093e+00       5.26218e-02       3.65816e+00
   26  5.20e-05      5.50675e+00       5.59234e-02       3.68981e+00
   27  5.40e-05      5.51610e+00       5.59415e-02       3.69605e+00
   28  5.60e-05      5.55422e+00       5.02888e-02       3.71958e+00
   29  5.80e-05      5.55424e+00       5.96283e-02       3.72270e+00
   30  6.00e-05      5.61803e+00       4.98611e-02       3.76197e+00
   31  6.20e-05      5.64436e+00       5.35104e-02       3.78074e+00
   32  6.40e-05      5.68140e+00       5.27656e-02       3.80519e+00
   33  6.60e-05      5.71871e+00       6.07784e-02       3.83273e+00
   34  6.80e-05      5.71895e+00       6.80323e-02       3.83531e+00
   35  7.00e-05      5.73822e+00       8.02659e-02       3.85223e+00
   36  7.20e-05      5.69636e+00       8.01268e-02       3.82429e+00
   37  7.40e-05      5.71721e+00       6.60715e-02       3.83350e+00
   38  7.60e-05      5.74316e+00       8.53406e-02       3.85722e+00
   39  7.80e-05      5.77512e+00       7.03468e-02       3.87353e+00
   40  8.00e-05      5.76515e+00       8.07222e-02       3.87034e+00
   41  8.20e-05      5.80702e+00       7.82608e-02       3.89743e+00
   42  8.40e-05      5.81440e+00       7.92822e-02       3.90269e+00
   43  8.60e-05      5.81441e+00       8.27184e-02       3.90384e+00
   44  8.80e-05      5.81032e+00       8.46030e-02       3.90174e+00
   45  9.00e-05      5.85200e+00       9.81946e-02       3.93407e+00
   46  9.20e-05      5.82637e+00       9.75245e-02       3.91676e+00
   47  9.40e-05      5.83295e+00       1.09516e-01       3.92514e+00
   48  9.60e-05      5.78908e+00       1.16640e-01       3.89827e+00
   49  9.80e-05      5.79535e+00       1.18613e-01       3.90310e+00
   50  1.00e-04      5.81283e+00       1.20178e-01       3.91528e+00
   51  1.02e-04      5.83942e+00       1.14908e-01       3.93125e+00
   52  1.04e-04      5.88030e+00       1.14249e-01       3.95828e+00
   53  1.06e-04      5.87748e+00       9.94207e-02       3.95146e+00
   54  1.08e-04      5.90434e+00       1.17088e-01       3.97525e+00
   55  1.10e-04      5.90111e+00       1.26971e-01       3.97639e+00
   56  1.12e-04      5.92417e+00       1.34105e-01       3.99415e+00
   57  1.14e-04      5.96267e+00       1.16279e-01       4.01387e+00
   58  1.16e-04      5.92012e+00       1.54317e-01       3.99819e+00
   59  1.18e-04      5.92915e+00       1.28438e-01       3.99558e+00
   60  1.20e-04      5.91450e+00       1.41899e-01       3.99030e+00
   61  1.22e-04      5.91678e+00       1.20499e-01       3.98469e+00
   62  1.24e-04      5.91465e+00       1.41828e-01       3.99038e+00
   63  1.26e-04      5.93280e+00       1.80807e-01       4.01547e+00
   64  1.28e-04      5.96657e+00       1.51831e-01       4.02832e+00
   65  1.30e-04      5.99560e+00       1.57969e-01       4.04972e+00
   66  1.32e-04      6.00004e+00       1.51903e-01       4.05066e+00
   67  1.34e-04      5.95520e+00       1.86227e-01       4.03221e+00
   68  1.36e-04      6.01782e+00       1.40674e-01       4.05877e+00
   69  1.38e-04      6.01639e+00       1.51001e-01       4.06126e+00
   70  1.40e-04      5.98323e+00       1.38856e-01       4.03511e+00
   71  1.42e-04      6.02623e+00       1.64023e-01       4.07216e+00
   72  1.44e-04      6.02580e+00       1.53972e-01       4.06853e+00
   73  1.46e-04      6.07927e+00       1.44624e-01       4.10105e+00
   74  1.48e-04      6.06656e+00       1.71039e-01       4.10139e+00
   75  1.50e-04      6.05853e+00       1.60912e-01       4.09265e+00
   76  1.52e-04      6.08976e+00       1.56026e-01       4.11185e+00
   77  1.54e-04      6.06432e+00       1.57949e-01       4.09553e+00
   78  1.56e-04      6.07827e+00       1.44545e-01       4.10036e+00
   79  1.58e-04      6.13226e+00       1.75909e-01       4.14681e+00
   80  1.60e-04      6.13730e+00       1.57105e-01       4.14390e+00
   81  1.62e-04      6.17583e+00       1.72678e-01       4.17478e+00
   82  1.64e-04      6.16625e+00       1.51012e-01       4.16117e+00
   83  1.66e-04      6.16207e+00       1.59976e-01       4.16137e+00
   84  1.68e-04      6.17175e+00       1.54674e-01       4.16606e+00
   85  1.70e-04      6.17397e+00       1.40463e-01       4.16280e+00
   86  1.72e-04      6.22832e+00       1.86993e-01       4.21455e+00
   87  1.74e-04      6.24941e+00       1.84750e-01       4.22786e+00
   88  1.76e-04      6.26250e+00       1.68501e-01       4.23117e+00
   89  1.78e-04      6.28104e+00       1.91264e-01       4.25112e+00
   90  1.80e-04      6.31988e+00       1.79395e-01       4.27305e+00
   91  1.82e-04      6.36582e+00       2.16015e-01       4.31588e+00
   92  1.84e-04      6.40519e+00       1.77254e-01       4.32921e+00
   93  1.86e-04      6.41355e+00       1.97944e-01       4.34168e+00
   94  1.88e-04      6.45706e+00       2.07619e-01       4.37391e+00
   95  1.90e-04      6.48068e+00       1.80297e-01       4.38055e+00
   96  1.92e-04      6.49560e+00       2.11096e-01       4.40076e+00
   97  1.94e-04      6.49217e+00       1.75489e-01       4.38661e+00
   98  1.96e-04      6.46601e+00       2.02775e-01       4.37827e+00
   99  1.98e-04      6.51869e+00       1.84365e-01       4.40725e+00
  100  2.00e-04      6.53014e+00       2.15615e-01       4.42530e+00
  101  2.02e-04      6.58239e+00       2.03822e-01       4.45620e+00
  102  2.04e-04      6.55515e+00       1.88767e-01       4.43302e+00
  103  2.06e-04      6.58340e+00       1.95307e-01       4.45404e+00
  104  2.08e-04      6.66043e+00       2.56502e-01       4.52579e+00
  105  2.10e-04      6.71301e+00       1.98992e-01       4.54167e+00
  106  2.12e-04      6.67561e+00       2.40595e-01       4.53060e+00
  107  2.14e-04      6.70402e+00       2.15392e-01       4.54115e+00
  108  2.16e-04      6.79816e+00       2.45633e-01       4.61398e+00
  109  2.18e-04      6.80435e+00       2.12529e-01       4.60707e+00
  110  2.20e-04      6.82100e+00       2.14995e-01       4.61900e+00
  111  2.22e-04      6.75381e+00       2.02893e-01       4.57017e+00
  112  2.24e-04      6.80652e+00       2.25234e-01       4.61276e+00
  113  2.26e-04      6.84534e+00       2.46201e-01       4.64563e+00
  114  2.28e-04      6.88157e+00       2.30865e-01       4.66467e+00
  115  2.30e-04      6.98160e+00       2.07522e-01       4.72357e+00
  116  2.32e-04      6.96825e+00       2.46496e-01       4.72766e+00
  117  2.34e-04      6.99987e+00       2.74816e-01       4.75819e+00
  118  2.36e-04      7.06516e+00       2.88047e-01       4.80612e+00
  119  2.38e-04      7.02464e+00       2.77528e-01       4.77560e+00
  120  2.40e-04      7.04697e+00       2.79410e-01       4.79112e+00
  121  2.42e-04      7.10667e+00       3.11431e-01       4.84159e+00
  122  2.44e-04      7.09567e+00       2.46048e-01       4.81247e+00
  123  2.46e-04      7.04831e+00       2.28533e-01       4.77505e+00
  124  2.48e-04      7.02683e+00       2.55797e-01       4.76982e+00
  125  2.50e-04      7.13123e+00       2.35957e-01       4.83280e+00
  126  2.52e-04      7.12011e+00       2.42255e-01       4.82749e+00
  127  2.54e-04      7.15070e+00       2.38957e-01       4.84678e+00
  128  2.56e-04      7.21043e+00       2.88241e-01       4.90304e+00
  129  2.58e-04      7.23464e+00       3.31458e-01       4.93358e+00
  130  2.60e-04      7.25472e+00       2.65907e-01       4.92512e+00
  131  2.62e-04      7.25610e+00       2.93100e-01       4.93510e+00
  132  2.64e-04      7.24632e+00       2.52315e-01       4.91499e+00
  133  2.66e-04      7.27557e+00       3.13690e-01       4.95495e+00
  134  2.68e-04      7.29405e+00       2.72116e-01       4.95341e+00
  135  2.70e-04      7.31123e+00       2.68750e-01       4.96373e+00
  136  2.72e-04      7.31778e+00       2.22638e-01       4.95273e+00
  137  2.74e-04      7.39687e+00       2.89235e-01       5.02766e+00
  138  2.76e-04      7.42921e+00       2.98855e-01       5.05243e+00
  139  2.78e-04      7.47459e+00       2.85451e-01       5.07821e+00
  140  2.80e-04      7.48406e+00       2.37966e-01       5.06870e+00
  141  2.82e-04      7.50831e+00       3.55189e-01       5.12394e+00
  142  2.84e-04      7.55296e+00       3.01609e-01       5.13584e+00
  143  2.86e-04      7.54016e+00       3.22838e-01       5.13439e+00
  144  2.88e-04      7.50894e+00       2.98131e-01       5.10534e+00
  145  2.90e-04      7.53495e+00       3.19265e-01       5.12972e+00
  146  2.92e-04      7.53482e+00       2.98020e-01       5.12255e+00
  147  2.94e-04      7.54045e+00       2.44321e-01       5.10841e+00
  148  2.96e-04      7.59803e+00       3.06876e-01       5.16764e+00
  149  2.98e-04      7.69468e+00       2.51923e-01       5.21376e+00
  150  3.00e-04      7.77961e+00       3.33416e-01       5.29754e+00
  151  3.02e-04      7.74015e+00       2.93875e-01       5.25806e+00
  152  3.04e-04      7.72188e+00       3.27054e-01       5.25694e+00
  153  3.06e-04      7.72569e+00       3.11458e-01       5.25428e+00
  154  3.08e-04      7.73206e+00       3.21342e-01       5.26182e+00
  155  3.10e-04      7.75541e+00       2.73907e-01       5.26158e+00
  156  3.12e-04      7.77056e+00       3.03692e-01       5.28160e+00
  157  3.14e-04      7.76622e+00       2.85065e-01       5.27250e+00
  158  3.16e-04      7.76101e+00       3.43247e-01       5.28842e+00
  159  3.18e-04      7.77783e+00       2.56088e-01       5.27059e+00
  160  3.20e-04      7.77837e+00       3.07204e-01       5.28798e+00
  161  3.22e-04      7.74461e+00       2.67398e-01       5.25221e+00
  162  3.24e-04      7.70893e+00       3.22842e-01       5.24690e+00
  163  3.26e-04      7.70925e+00       3.30930e-01       5.24981e+00
  164  3.28e-04      7.66806e+00       2.72363e-01       5.20283e+00
  165  3.30e-04      7.69577e+00       2.82789e-01       5.22478e+00
  166  3.32e-04      7.77807e+00       3.19180e-01       5.29177e+00
  167  3.34e-04      7.82073e+00       2.97817e-01       5.31309e+00
  168  3.36e-04      7.82550e+00       2.56565e-01       5.30252e+00
  169  3.38e-04      7.87215e+00       3.13775e-01       5.35269e+00
  170  3.40e-04      7.96904e+00       3.33395e-01       5.42382e+00
  171  3.42e-04      7.96265e+00       3.15312e-01       5.41354e+00
  172  3.44e-04      7.99521e+00       2.92748e-01       5.42772e+00
  173  3.46e-04      8.03550e+00       2.93027e-01       5.45468e+00
  174  3.48e-04      8.06650e+00       2.90301e-01       5.47443e+00
  175  3.50e-04      8.04877e+00       3.53875e-01       5.48381e+00
  176  3.52e-04      8.05859e+00       3.54370e-01       5.49052e+00
  177  3.54e-04      8.11311e+00       3.23083e-01       5.51644e+00
  178  3.56e-04      8.28442e+00       2.99413e-01       5.62275e+00
  179  3.58e-04      8.29448e+00       3.46829e-01       5.64526e+00
  180  3.60e-04      8.36667e+00       3.27751e-01       5.68703e+00
  181  3.62e-04      8.36313e+00       3.62678e-01       5.69631e+00
  182  3.64e-04      8.34777e+00       3.80456e-01       5.69200e+00
  183  3.66e-04      8.38467e+00       3.43961e-01       5.70443e+00
  184  3.68e-04      8.42686e+00       2.97752e-01       5.71716e+00
  185  3.70e-04      8.45274e+00       3.95942e-01       5.76714e+00
  186  3.72e-04      8.49272e+00       4.07038e-01       5.79749e+00
  187  3.74e-04      8.55189e+00       3.24700e-01       5.80949e+00
  188  3.76e-04      8.54280e+00       3.64054e-01       5.81655e+00
  189  3.78e-04      8.51725e+00       3.52838e-01       5.79578e+00
  190  3.80e-04      8.53374e+00       3.73192e-01       5.81356e+00
  191  3.82e-04      8.53052e+00       3.74226e-01       5.81176e+00
  192  3.84e-04      8.53341e+00       3.71291e-01       5.81270e+00
  193  3.86e-04      8.54093e+00       2.85722e-01       5.78919e+00
  194  3.88e-04      8.56335e+00       3.64490e-01       5.83040e+00
  195  3.90e-04      8.63070e+00       3.79482e-01       5.88029e+00
  196  3.92e-04      8.63270e+00       3.63634e-01       5.87635e+00
  197  3.94e-04      8.57876e+00       4.12291e-01       5.85660e+00
  198  3.96e-04      8.70561e+00       3.82923e-01       5.93138e+00
  199  3.98e-04      8.73748e+00       3.76066e-01       5.95034e+00
  200  4.00e-04      8.75029e+00       4.57264e-01       5.98595e+00
  201  4.02e-04      8.78882e+00       3.83133e-01       5.98692e+00
  202  4.04e-04      8.80755e+00       3.27172e-01       5.98076e+00
  203  4.06e-04      8.85126e+00       3.21285e-01       6.00794e+00
  204  4.08e-04      8.89183e+00       3.61085e-01       6.04825e+00
  205  4.10e-04      8.91086e+00       3.70727e-01       6.06415e+00
  206  4.12e-04      9.00001e+00       3.49649e-01       6.11656e+00
  207  4.14e-04      8.97886e+00       4.15065e-01       6.12426e+00
  208  4.16e-04      8.92638e+00       3.78248e-01       6.07701e+00
  209  4.18e-04      8.84844e+00       3.83259e-01       6.02671e+00
  210  4.20e-04      8.89345e+00       3.89246e-01       6.05871e+00
  211  4.22e-04      8.89736e+00       3.95754e-01       6.06349e+00
  212  4.24e-04      8.93762e+00       3.53452e-01       6.07623e+00
  213  4.26e-04      8.97141e+00       4.39129e-01       6.12731e+00
  214  4.28e-04      9.00334e+00       3.26739e-01       6.11114e+00
  215  4.30e-04      9.08698e+00       3.64889e-01       6.17961e+00
  216  4.32e-04      9.07854e+00       3.77698e-01       6.17826e+00
  217  4.34e-04      9.08774e+00       4.22954e-01       6.19947e+00
  218  4.36e-04      9.11320e+00       3.37852e-01       6.18808e+00
  219  4.38e-04      9.11204e+00       4.31882e-01       6.21866e+00
  220  4.40e-04      9.14516e+00       3.76658e-01       6.22232e+00
  221  4.42e-04      9.30435e+00       4.26677e-01       6.34512e+00
  222  4.44e-04      9.34424e+00       3.92029e-01       6.36017e+00
  223  4.46e-04      9.37823e+00       4.14404e-01       6.39029e+00
  224  4.48e-04      9.47031e+00       3.91732e-01       6.44412e+00
  225  4.50e-04      9.48700e+00       3.98917e-01       6.45764e+00
  226  4.52e-04      9.51181e+00       3.40204e-01       6.45461e+00
  227  4.54e-04      9.57888e+00       3.82451e-01       6.51340e+00
  228  4.56e-04      9.64110e+00       4.29345e-01       6.57051e+00
  229  4.58e-04      9.67799e+00       4.09219e-01       6.58840e+00
  230  4.60e-04      9.77196e+00       3.70688e-01       6.63820e+00
  231  4.62e-04      9.78867e+00       3.64701e-01       6.64735e+00
  232  4.64e-04      9.80520e+00       4.61788e-01       6.69073e+00
  233  4.66e-04      9.84787e+00       3.63134e-01       6.68629e+00
  234  4.68e-04      9.83182e+00       4.39837e-01       6.70116e+00
  235  4.70e-04      9.95652e+00       3.74943e-01       6.76266e+00
  236  4.72e-04      9.92001e+00       3.70101e-01       6.73670e+00
  237  4.74e-04      9.95630e+00       3.96032e-01       6.76954e+00
  238  4.76e-04      9.98031e+00       4.14139e-01       6.79158e+00
  239  4.78e-04      9.99432e+00       4.20066e-01       6.80290e+00
  240  4.80e-04      9.99153e+00       3.86755e-01       6.78994e+00
  241  4.82e-04      1.00126e+01       3.82692e-01       6.80260e+00
  242  4.84e-04      9.97309e+00       3.83277e-01       6.77648e+00
  243  4.86e-04      1.00092e+01       4.06514e-01       6.80834e+00
  244  4.88e-04      1.00059e+01       4.51080e-01       6.82093e+00
  245  4.90e-04      1.00141e+01       4.45702e-01       6.82463e+00
  246  4.92e-04      1.00101e+01       4.04906e-01       6.80839e+00
  247  4.94e-04      1.00381e+01       4.23710e-01       6.83333e+00
  248  4.96e-04      9.99736e+00       3.65119e-01       6.78661e+00
  249  4.98e-04      1.00376e+01       4.99892e-01       6.85836e+00
  250  5.00e-04      9.88685e+00       3.60476e-01       6.71139e+00
  251  5.02e-04      9.89394e+00       4.08063e-01       6.73198e+00
  252  5.04e-04      9.90284e+00       4.15644e-01       6.74044e+00
  253  5.06e-04      9.91192e+00       4.29346e-01       6.75106e+00
  254  5.08e-04      9.97885e+00       4.33190e-01       6.79697e+00
  255  5.10e-04      1.00486e+01       4.25881e-01       6.84104e+00
  256  5.12e-04      9.99405e+00       4.75585e-01       6.82123e+00
  257  5.14e-04      1.01219e+01       4.53784e-01       6.89919e+00
  258  5.16e-04      1.01107e+01       3.73282e-01       6.86489e+00
  259  5.18e-04      1.01181e+01       4.31958e-01       6.88938e+00
  260  5.20e-04      1.01727e+01       4.10722e-01       6.91868e+00
  261  5.22e-04      1.01175e+01       4.19732e-01       6.88492e+00
  262  5.24e-04      1.01001e+01       4.81059e-01       6.89376e+00
  263  5.26e-04      1.01735e+01       4.29760e-01       6.92556e+00
  264  5.28e-04      1.01264e+01       3.98419e-01       6.88372e+00
  265  5.30e-04      1.01521e+01       4.06332e-01       6.90351e+00
  266  5.32e-04      1.01877e+01       5.49433e-01       6.97498e+00
  267  5.34e-04      1.02102e+01       4.14200e-01       6.94483e+00
  268  5.36e-04      1.01677e+01       4.56393e-01       6.93063e+00
  269  5.38e-04      1.02520e+01       4.29977e-01       6.97798e+00
  270  5.40e-04      1.02772e+01       4.63950e-01       7.00614e+00
  271  5.42e-04      1.02459e+01       4.68860e-01       6.98686e+00
  272  5.44e-04      1.01692e+01       5.10881e-01       6.94977e+00
  273  5.46e-04      1.02324e+01       4.33778e-01       6.96620e+00
  274  5.48e-04      1.03483e+01       4.45698e-01       7.04746e+00
  275  5.50e-04      1.03963e+01       4.07290e-01       7.06664e+00
  276  5.52e-04      1.03769e+01       4.75501e-01       7.07641e+00
  277  5.54e-04      1.04221e+01       4.17468e-01       7.08726e+00
  278  5.56e-04      1.04326e+01       5.35471e-01       7.13358e+00
  279  5.58e-04      1.03797e+01       4.42437e-01       7.06725e+00
  280  5.60e-04      1.05360e+01       4.79372e-01       7.18376e+00
  281  5.62e-04      1.05850e+01       5.14668e-01       7.22825e+00
  282  5.64e-04      1.05778e+01       5.06474e-01       7.22069e+00
  283  5.66e-04      1.07306e+01       5.67064e-01       7.34277e+00
  284  5.68e-04      1.07831e+01       4.99886e-01       7.35538e+00
  285  5.70e-04      1.07839e+01       5.57510e-01       7.37512e+00
  286  5.72e-04      1.08763e+01       4.47976e-01       7.40020e+00
  287  5.74e-04      1.08137e+01       5.50856e-01       7.39272e+00
  288  5.76e-04      1.09816e+01       5.58795e-01       7.50733e+00
  289  5.78e-04      1.10072e+01       3.98004e-01       7.47080e+00
  290  5.80e-04      1.09865e+01       4.83193e-01       7.48539e+00
  291  5.82e-04      1.10338e+01       5.26115e-01       7.53126e+00
  292  5.84e-04      1.10149e+01       5.08646e-01       7.51283e+00
  293  5.86e-04      1.10293e+01       6.49171e-01       7.56923e+00
  294  5.88e-04      1.11349e+01       5.69347e-01       7.61303e+00
  295  5.90e-04      1.12332e+01       4.92797e-01       7.65309e+00
  296  5.92e-04      1.12685e+01       5.25618e-01       7.68756e+00
  297  5.94e-04      1.13212e+01       4.67439e-01       7.70331e+00
  298  5.96e-04      1.13658e+01       4.32277e-01       7.72129e+00
  299  5.98e-04      1.12798e+01       4.45356e-01       7.66834e+00
  300  6.00e-04      1.13147e+01       5.75287e-01       7.73490e+00
  301  6.02e-04      1.12377e+01       3.61522e-01       7.61234e+00
  302  6.04e-04      1.13620e+01       5.44528e-01       7.75614e+00
  303  6.06e-04      1.13617e+01       5.03134e-01       7.74219e+00
  304  6.08e-04      1.13740e+01       5.47658e-01       7.76523e+00
  305  6.10e-04      1.14149e+01       4.99065e-01       7.77627e+00
  306  6.12e-04      1.14811e+01       4.63192e-01       7.80848e+00
  307  6.14e-04      1.14454e+01       5.31352e-01       7.80737e+00
  308  6.16e-04      1.14735e+01       5.04660e-01       7.81721e+00
  309  6.18e-04      1.14165e+01       5.54859e-01       7.79595e+00
  310  6.20e-04      1.13537e+01       4.99131e-01       7.73551e+00
  311  6.22e-04      1.12929e+01       5.05369e-01       7.69703e+00
  312  6.24e-04      1.13425e+01       5.17747e-01       7.73422e+00
  313  6.26e-04      1.13829e+01       4.79622e-01       7.74849e+00
  314  6.28e-04      1.14140e+01       4.62735e-01       7.76361e+00
  315  6.30e-04      1.14331e+01       5.71932e-01       7.81268e+00
  316  6.32e-04      1.15568e+01       4.90465e-01       7.86803e+00
  317  6.34e-04      1.16040e+01       6.00281e-01       7.93611e+00
  318  6.36e-04      1.16421e+01       4.80090e-01       7.92143e+00
  319  6.38e-04      1.16360e+01       5.48635e-01       7.94023e+00
  320  6.40e-04      1.16152e+01       4.51427e-01       7.89393e+00
  321  6.42e-04      1.17257e+01       5.76675e-01       8.00938e+00
  322  6.44e-04      1.16889e+01       5.44599e-01       7.97415e+00
  323  6.46e-04      1.16823e+01       5.11861e-01       7.95879e+00
  324  6.48e-04      1.17423e+01       4.95616e-01       7.99343e+00
  325  6.50e-04      1.17465e+01       5.49856e-01       8.01430e+00
  326  6.52e-04      1.16955e+01       5.36935e-01       7.97601e+00
  327  6.54e-04      1.17409e+01       5.05876e-01       7.99592e+00
  328  6.56e-04      1.18493e+01       4.53195e-01       8.05057e+00
  329  6.58e-04      1.18385e+01       5.24783e-01       8.06723e+00
  330  6.60e-04      1.19251e+01       5.90796e-01       8.14702e+00
  331  6.62e-04      1.19740e+01       6.19471e-01       8.18915e+00
  332  6.64e-04      1.19593e+01       5.92767e-01       8.17049e+00
  333  6.66e-04      1.20392e+01       5.53768e-01       8.21070e+00
  334  6.68e-04      1.20294e+01       5.74833e-01       8.21123e+00
  335  6.70e-04      1.21125e+01       5.60140e-01       8.26169e+00
  336  6.72e-04      1.20907e+01       4.98111e-01       8.22648e+00
  337  6.74e-04      1.21013e+01       5.05173e-01       8.23591e+00
  338  6.76e-04      1.20729e+01       4.98407e-01       8.21473e+00
  339  6.78e-04      1.21276e+01       5.72891e-01       8.27600e+00
  340  6.80e-04      1.21326e+01       4.54091e-01       8.23974e+00
  341  6.82e-04      1.23440e+01       5.15594e-01       8.40120e+00
  342  6.84e-04      1.23431e+01       5.71054e-01       8.41906e+00
  343  6.86e-04      1.24066e+01       6.95192e-01       8.50277e+00
  344  6.88e-04      1.24261e+01       5.20398e-01       8.45754e+00
  345  6.90e-04      1.24698e+01       5.53548e-01       8.49771e+00
  346  6.92e-04      1.24787e+01       5.47450e-01       8.50164e+00
  347  6.94e-04      1.25779e+01       5.65148e-01       8.57367e+00
  348  6.96e-04      1.26181e+01       5.31292e-01       8.58920e+00
  349  6.98e-04      1.27187e+01       5.59165e-01       8.66554e+00
  350  7.00e-04      1.27200e+01       4.99025e-01       8.64633e+00
  351  7.02e-04      1.27320e+01       6.54026e-01       8.70599e+00
  352  7.04e-04      1.28325e+01       5.64103e-01       8.74305e+00
  353  7.06e-04      1.29088e+01       5.55327e-01       8.79099e+00
  354  7.08e-04      1.28936e+01       5.50319e-01       8.77914e+00
  355  7.10e-04      1.29839e+01       6.34335e-01       8.86736e+00
  356  7.12e-04      1.29699e+01       6.21795e-01       8.85389e+00
  357  7.14e-04      1.29692e+01       5.35698e-01       8.82472e+00
  358  7.16e-04      1.29367e+01       6.85915e-01       8.85313e+00
  359  7.18e-04      1.30045e+01       5.66934e-01       8.85863e+00
  360  7.20e-04      1.30126e+01       5.82211e-01       8.86916e+00
  361  7.22e-04      1.30871e+01       5.67550e-01       8.91392e+00
  362  7.24e-04      1.31071e+01       5.05165e-01       8.90642e+00
  363  7.26e-04      1.32338e+01       6.05900e-01       9.02451e+00
  364  7.28e-04      1.33233e+01       6.43868e-01       9.09681e+00
  365  7.30e-04      1.34324e+01       6.15031e-01       9.15991e+00
  366  7.32e-04      1.34297e+01       6.78485e-01       9.17929e+00
  367  7.34e-04      1.35096e+01       6.38105e-01       9.21913e+00
  368  7.36e-04      1.35396e+01       6.39671e-01       9.23959e+00
  369  7.38e-04      1.36594e+01       5.66857e-01       9.29521e+00
  370  7.40e-04      1.37350e+01       7.04558e-01       9.39152e+00
  371  7.42e-04      1.37346e+01       6.27730e-01       9.36565e+00
  372  7.44e-04      1.37419e+01       6.15946e-01       9.36658e+00
  373  7.46e-04      1.37249e+01       6.03479e-01       9.35112e+00
  374  7.48e-04      1.37110e+01       5.80174e-01       9.33408e+00
  375  7.50e-04      1.38208e+01       7.20981e-01       9.45423e+00
  376  7.52e-04      1.38807e+01       6.96427e-01       9.48597e+00
  377  7.54e-04      1.38790e+01       6.22856e-01       9.46027e+00
  378  7.56e-04      1.39032e+01       5.60229e-01       9.45557e+00
  379  7.58e-04      1.38773e+01       6.90350e-01       9.48166e+00
  380  7.60e-04      1.38777e+01       7.15853e-01       9.49043e+00
  381  7.62e-04      1.39847e+01       7.41850e-01       9.57044e+00
  382  7.64e-04      1.39977e+01       7.19851e-01       9.57177e+00
  383  7.66e-04      1.40525e+01       5.70404e-01       9.55847e+00
  384  7.68e-04      1.41592e+01       6.85022e-01       9.66781e+00
  385  7.70e-04      1.41069e+01       7.56152e-01       9.65665e+00
  386  7.72e-04      1.42244e+01       6.24628e-01       9.69114e+00
  387  7.74e-04      1.42306e+01       7.00146e-01       9.72044e+00
  388  7.76e-04      1.42931e+01       6.07932e-01       9.73135e+00
  389  7.78e-04      1.43912e+01       6.40079e-01       9.80746e+00
  390  7.80e-04      1.43980e+01       7.61273e-01       9.85242e+00
  391  7.82e-04      1.43021e+01       7.08480e-01       9.77090e+00
  392  7.84e-04      1.43898e+01       5.77879e-01       9.78582e+00
  393  7.86e-04      1.43740e+01       6.82583e-01       9.81022e+00
  394  7.88e-04      1.44134e+01       7.14092e-01       9.84699e+00
  395  7.90e-04      1.43193e+01       7.07060e-01       9.78188e+00
  396  7.92e-04      1.45092e+01       6.17057e-01       9.87849e+00
  397  7.94e-04      1.44302e+01       7.22595e-01       9.86100e+00
  398  7.96e-04      1.44365e+01       7.22868e-01       9.86526e+00
  399  7.98e-04      1.43733e+01       6.81042e-01       9.80922e+00
  400  8.00e-04      1.44259e+01       6.86247e-01       9.84602e+00
  401  8.02e-04      1.43905e+01       6.60711e-01       9.81392e+00
  402  8.04e-04      1.44925e+01       6.68519e-01       9.88449e+00
  403  8.06e-04      1.45295e+01       7.74186e-01       9.94439e+00
  404  8.08e-04      1.46876e+01       6.30956e-01       1.00021e+01
  405  8.10e-04      1.46605e+01       6.83155e-01       1.00014e+01
  406  8.12e-04      1.46913e+01       7.42320e-01       1.00416e+01
  407  8.14e-04      1.45931e+01       8.00684e-01       9.99560e+00
  408  8.16e-04      1.45958e+01       6.28671e-01       9.94006e+00
  409  8.18e-04      1.46107e+01       7.48865e-01       9.99008e+00
  410  8.20e-04      1.46789e+01       6.86476e-01       1.00148e+01
  411  8.22e-04      1.46593e+01       7.28009e-01       1.00155e+01
  412  8.24e-04      1.46431e+01       7.01499e-01       9.99591e+00
  413  8.26e-04      1.46394e+01       7.04618e-01       9.99449e+00
  414  8.28e-04      1.47400e+01       6.97139e-01       1.00590e+01
  415  8.30e-04      1.47371e+01       6.34489e-01       1.00362e+01
  416  8.32e-04      1.47707e+01       8.05072e-01       1.01155e+01
  417  8.34e-04      1.48126e+01       7.30302e-01       1.01185e+01
  418  8.36e-04      1.48155e+01       7.46936e-01       1.01260e+01
  419  8.38e-04      1.49038e+01       9.02967e-01       1.02369e+01
  420  8.40e-04      1.48821e+01       7.56965e-01       1.01737e+01
  421  8.42e-04      1.49206e+01       7.65306e-01       1.02021e+01
  422  8.44e-04      1.49640e+01       7.34012e-01       1.02207e+01
  423  8.46e-04      1.50354e+01       6.72266e-01       1.02477e+01
  424  8.48e-04      1.50281e+01       7.25555e-01       1.02606e+01
  425  8.50e-04      1.50820e+01       8.28127e-01       1.03307e+01
  426  8.52e-04      1.50500e+01       7.60098e-01       1.02867e+01
  427  8.54e-04      1.50896e+01       6.82760e-01       1.02873e+01
  428  8.56e-04      1.50833e+01       7.80662e-01       1.03158e+01
  429  8.58e-04      1.52154e+01       7.03235e-01       1.03780e+01
  430  8.60e-04      1.52038e+01       8.07514e-01       1.04050e+01
  431  8.62e-04      1.53623e+01       8.79045e-01       1.05345e+01
  432  8.64e-04      1.53868e+01       7.68650e-01       1.05141e+01
  433  8.66e-04      1.54511e+01       7.20788e-01       1.05410e+01
  434  8.68e-04      1.54253e+01       8.80669e-01       1.05771e+01
  435  8.70e-04      1.55795e+01       6.26764e-01       1.05953e+01
  436  8.72e-04      1.56861e+01       7.69793e-01       1.07140e+01
  437  8.74e-04      1.58435e+01       8.95359e-01       1.08608e+01
  438  8.76e-04      1.57912e+01       7.61545e-01       1.07813e+01
  439  8.78e-04      1.58222e+01       6.70659e-01       1.07717e+01
  440  8.80e-04      1.58207e+01       8.98759e-01       1.08467e+01
  441  8.82e-04      1.58823e+01       7.34375e-01       1.08330e+01
  442  8.84e-04      1.58929e+01       7.93185e-01       1.08597e+01
  443  8.86e-04      1.60477e+01       7.39374e-01       1.09449e+01
  444  8.88e-04      1.61081e+01       7.91582e-01       1.10026e+01
  445  8.90e-04      1.61873e+01       8.33256e-01       1.10693e+01
  446  8.92e-04      1.61529e+01       7.89543e-01       1.10318e+01
  447  8.94e-04      1.62042e+01       6.57424e-01       1.10219e+01
  448  8.96e-04      1.61005e+01       6.89380e-01       1.09635e+01
  449  8.98e-04      1.61583e+01       8.74696e-01       1.10638e+01
  450  9.00e-04      1.62230e+01       8.24076e-01       1.10900e+01
  451  9.02e-04      1.63331e+01       8.58778e-01       1.11750e+01
  452  9.04e-04      1.63981e+01       6.78245e-01       1.11581e+01
  453  9.06e-04      1.64410e+01       8.07742e-01       1.12299e+01
  454  9.08e-04      1.63566e+01       7.34203e-01       1.11492e+01
  455  9.10e-04      1.63475e+01       8.43683e-01       1.11795e+01
  456  9.12e-04      1.63518e+01       8.54151e-01       1.11859e+01
  457  9.14e-04      1.64535e+01       8.96672e-01       1.12679e+01
  458  9.16e-04      1.65383e+01       7.00774e-01       1.12592e+01
  459  9.18e-04      1.65836e+01       8.34100e-01       1.13338e+01
  460  9.20e-04      1.64884e+01       8.02579e-01       1.12598e+01
  461  9.22e-04      1.65828e+01       8.42310e-01       1.13360e+01
  462  9.24e-04      1.67091e+01       7.92498e-01       1.14036e+01
  463  9.26e-04      1.68135e+01       8.08072e-01       1.14784e+01
  464  9.28e-04      1.69153e+01       7.95511e-01       1.15420e+01
  465  9.30e-04      1.69829e+01       7.79109e-01       1.15816e+01
  466  9.32e-04      1.69722e+01       8.03705e-01       1.15827e+01
  467  9.34e-04      1.70822e+01       7.58084e-01       1.16408e+01
  468  9.36e-04      1.71900e+01       7.85254e-01       1.17217e+01
  469  9.38e-04      1.70736e+01       9.41909e-01       1.16964e+01
  470  9.40e-04      1.71465e+01       8.12740e-01       1.17019e+01
  471  9.42e-04      1.72562e+01       7.29489e-01       1.17473e+01
  472  9.44e-04      1.73083e+01       8.71198e-01       1.18293e+01
  473  9.46e-04      1.72344e+01       7.98052e-01       1.17556e+01
  474  9.48e-04      1.72592e+01       8.65966e-01       1.17948e+01
  475  9.50e-04      1.72322e+01       8.27845e-01       1.17640e+01
  476  9.52e-04      1.72353e+01       8.35475e-01       1.17687e+01
  477  9.54e-04      1.72976e+01       8.33328e-01       1.18095e+01
  478  9.56e-04      1.73505e+01       8.07621e-01       1.18362e+01
  479  9.58e-04      1.73351e+01       8.36722e-01       1.18356e+01
  480  9.60e-04      1.73686e+01       8.82462e-01       1.18733e+01
  481  9.62e-04      1.73298e+01       8.14567e-01       1.18247e+01
  482  9.64e-04      1.73708e+01       9.56325e-01       1.18993e+01
  483  9.66e-04      1.73389e+01       7.91942e-01       1.18233e+01
  484  9.68e-04      1.74144e+01       6.99134e-01       1.18426e+01
  485  9.70e-04      1.74543e+01       7.99148e-01       1.19026e+01
  486  9.72e-04      1.75203e+01       7.49218e-01       1.19299e+01
  487  9.74e-04      1.74968e+01       8.76737e-01       1.19568e+01
  488  9.76e-04      1.75174e+01       9.92563e-01       1.20091e+01
  489  9.78e-04      1.75589e+01       7.51368e-01       1.19564e+01
  490  9.80e-04      1.77140e+01       7.47242e-01       1.20584e+01
  491  9.82e-04      1.76511e+01       9.36437e-01       1.20795e+01
  492  9.84e-04      1.77974e+01       9.56643e-01       1.21838e+01
  493  9.86e-04      1.77268e+01       1.00063e+00       1.21514e+01
  494  9.88e-04      1.77062e+01       8.63589e-01       1.20920e+01
  495  9.90e-04      1.77472e+01       9.05156e-01       1.21332e+01
  496  9.92e-04      1.77188e+01       7.82689e-01       1.20734e+01
  497  9.94e-04      1.77973e+01       9.58861e-01       1.21845e+01
  498  9.96e-04      1.78614e+01       9.20101e-01       1.22143e+01
  499  9.98e-04      1.78167e+01       8.27564e-01       1.21536e+01
  500  1.00e-03      1.79415e+01       8.61843e-01       1.22483e+01
  501  1.00e-03      1.78480e+01       9.79091e-01       1.22250e+01
  502  1.00e-03      1.77907e+01       9.53984e-01       1.21785e+01
  503  1.01e-03      1.78677e+01       9.71255e-01       1.22356e+01
  504  1.01e-03      1.78507e+01       9.22362e-01       1.22079e+01
  505  1.01e-03      1.78243e+01       9.13205e-01       1.21873e+01
  506  1.01e-03      1.78781e+01       1.03722e+00       1.22644e+01
  507  1.01e-03      1.79201e+01       1.03036e+00       1.22902e+01
  508  1.02e-03      1.79567e+01       9.08312e-01       1.22739e+01
  509  1.02e-03      1.80186e+01       9.95133e-01       1.23441e+01
  510  1.02e-03      1.79180e+01       9.32982e-01       1.22563e+01
  511  1.02e-03      1.80353e+01       8.46656e-01       1.23058e+01
  512  1.02e-03      1.82190e+01       1.11706e+00       1.25183e+01
  513  1.03e-03      1.82108e+01       8.85797e-01       1.24358e+01
  514  1.03e-03      1.83137e+01       9.48080e-01       1.25252e+01
  515  1.03e-03      1.83254e+01       1.02514e+00       1.25586e+01
  516  1.03e-03      1.83018e+01       9.71368e-01       1.25250e+01
  517  1.03e-03      1.83822e+01       8.64098e-01       1.25428e+01
  518  1.04e-03      1.84284e+01       9.46216e-01       1.26010e+01
  519  1.04e-03      1.85051e+01       9.44618e-01       1.26516e+01
  520  1.04e-03      1.84668e+01       1.06846e+00       1.26673e+01
  521  1.04e-03      1.83300e+01       8.89335e-01       1.25165e+01
  522  1.04e-03      1.84526e+01       1.05359e+00       1.26529e+01
  523  1.05e-03      1.85117e+01       1.01696e+00       1.26801e+01
  524  1.05e-03      1.85117e+01       9.55551e-01       1.26597e+01
  525  1.05e-03      1.86664e+01       1.02986e+00       1.27875e+01
  526  1.05e-03      1.87716e+01       1.13548e+00       1.28929e+01
  527  1.05e-03      1.89429e+01       8.83860e-01       1.29232e+01
  528  1.06e-03      1.88490e+01       1.08131e+00       1.29264e+01
  529  1.06e-03      1.88701e+01       1.04419e+00       1.29281e+01
  530  1.06e-03      1.88037e+01       7.94358e-01       1.28006e+01
  531  1.06e-03      1.89121e+01       1.04945e+00       1.29579e+01
  532  1.06e-03      1.90884e+01       1.01330e+00       1.30634e+01
  533  1.07e-03      1.90987e+01       1.00999e+00       1.30691e+01
  534  1.07e-03      1.91145e+01       1.12754e+00       1.31189e+01
  535  1.07e-03      1.91939e+01       1.15371e+00       1.31805e+01
  536  1.07e-03      1.92121e+01       9.43276e-01       1.31225e+01
  537  1.07e-03      1.92555e+01       1.10056e+00       1.32038e+01
  538  1.08e-03      1.93403e+01       1.01238e+00       1.32310e+01
  539  1.08e-03      1.93995e+01       1.08645e+00       1.32952e+01
  540  1.08e-03      1.93948e+01       9.92612e-01       1.32608e+01
  541  1.08e-03      1.95781e+01       9.31923e-01       1.33627e+01
  542  1.08e-03      1.94823e+01       1.11530e+00       1.33600e+01
  543  1.09e-03      1.97508e+01       1.07687e+00       1.35262e+01
  544  1.09e-03      1.98989e+01       9.65468e-01       1.35877e+01
  545  1.09e-03      1.99982e+01       1.05831e+00       1.36849e+01
  546  1.09e-03      2.00695e+01       1.10662e+00       1.37485e+01
  547  1.09e-03      2.01807e+01       1.16466e+00       1.38420e+01
  548  1.10e-03      2.00926e+01       9.67147e-01       1.37175e+01
  549  1.10e-03      2.03173e+01       1.03538e+00       1.38900e+01
  550  1.10e-03      2.03169e+01       1.16460e+00       1.39328e+01
  551  1.10e-03      2.04199e+01       9.21862e-01       1.39205e+01
  552  1.10e-03      2.05614e+01       9.93472e-01       1.40387e+01
  553  1.11e-03      2.06003e+01       9.46310e-01       1.40490e+01
  554  1.11e-03      2.05632e+01       1.25407e+00       1.41268e+01
  555  1.11e-03      2.07370e+01       1.12689e+00       1.42003e+01
  556  1.11e-03      2.06769e+01       1.03940e+00       1.41311e+01
  557  1.11e-03      2.08543e+01       1.05310e+00       1.42539e+01
  558  1.12e-03      2.09104e+01       1.24180e+00       1.43542e+01
  559  1.12e-03      2.09173e+01       1.25961e+00       1.43647e+01
  560  1.12e-03      2.10261e+01       1.11100e+00       1.43878e+01
  561  1.12e-03      2.11208e+01       1.05644e+00       1.44327e+01
  562  1.12e-03      2.10030e+01       1.02022e+00       1.43421e+01
  563  1.13e-03      2.11182e+01       1.01205e+00       1.44162e+01
  564  1.13e-03      2.12452e+01       1.10014e+00       1.45302e+01
  565  1.13e-03      2.12086e+01       1.13847e+00       1.45186e+01
  566  1.13e-03      2.13630e+01       1.23785e+00       1.46546e+01
  567  1.13e-03      2.14215e+01       1.10098e+00       1.46480e+01
  568  1.14e-03      2.14380e+01       1.18847e+00       1.46882e+01
  569  1.14e-03      2.15428e+01       1.36459e+00       1.48167e+01
  570  1.14e-03      2.14954e+01       1.02464e+00       1.46718e+01
  571  1.14e-03      2.15148e+01       1.10278e+00       1.47108e+01
  572  1.14e-03      2.17412e+01       1.36387e+00       1.49487e+01
  573  1.15e-03      2.18612e+01       1.05934e+00       1.49272e+01
  574  1.15e-03      2.19642e+01       1.33549e+00       1.50880e+01
  575  1.15e-03      2.20865e+01       1.05605e+00       1.50763e+01
  576  1.15e-03      2.20687e+01       1.05924e+00       1.50656e+01
  577  1.15e-03      2.21201e+01       1.22023e+00       1.51535e+01
  578  1.16e-03      2.22438e+01       1.25554e+00       1.52477e+01
  579  1.16e-03      2.21775e+01       1.08406e+00       1.51463e+01
  580  1.16e-03      2.23856e+01       1.24322e+00       1.53381e+01
  581  1.16e-03      2.23616e+01       1.28696e+00       1.53367e+01
  582  1.16e-03      2.23983e+01       1.11321e+00       1.53032e+01
  583  1.17e-03      2.23840e+01       1.16059e+00       1.53095e+01
  584  1.17e-03      2.24079e+01       1.17571e+00       1.53305e+01
  585  1.17e-03      2.24125e+01       1.12854e+00       1.53178e+01
  586  1.17e-03      2.27081e+01       1.01477e+00       1.54770e+01
  587  1.17e-03      2.25182e+01       1.17467e+00       1.54037e+01
  588  1.18e-03      2.27372e+01       1.14719e+00       1.55405e+01
  589  1.18e-03      2.28573e+01       1.15038e+00       1.56217e+01
  590  1.18e-03      2.29034e+01       1.18487e+00       1.56639e+01
  591  1.18e-03      2.29376e+01       1.21859e+00       1.56979e+01
  592  1.18e-03      2.29947e+01       1.24440e+00       1.57446e+01
  593  1.19e-03      2.30084e+01       1.05006e+00       1.56890e+01
  594  1.19e-03      2.32299e+01       1.22824e+00       1.58960e+01
  595  1.19e-03      2.31853e+01       1.19074e+00       1.58538e+01
  596  1.19e-03      2.32567e+01       1.28245e+00       1.59319e+01
  597  1.19e-03      2.34372e+01       1.17682e+00       1.60171e+01
  598  1.20e-03      2.34176e+01       1.27469e+00       1.60366e+01
  599  1.20e-03      2.33644e+01       1.05703e+00       1.59286e+01
  600  1.20e-03      2.35730e+01       1.24056e+00       1.61288e+01
  601  1.20e-03      2.33743e+01       1.17764e+00       1.59754e+01
  602  1.20e-03      2.35841e+01       1.25091e+00       1.61397e+01
  603  1.21e-03      2.36778e+01       1.20082e+00       1.61855e+01
  604  1.21e-03      2.37608e+01       1.22891e+00       1.62502e+01
  605  1.21e-03      2.36813e+01       1.28695e+00       1.62165e+01
  606  1.21e-03      2.37804e+01       1.43105e+00       1.63306e+01
  607  1.21e-03      2.37119e+01       1.01799e+00       1.61473e+01
  608  1.22e-03      2.38227e+01       1.23210e+00       1.62925e+01
  609  1.22e-03      2.39125e+01       1.25953e+00       1.63615e+01
  610  1.22e-03      2.39362e+01       1.02211e+00       1.62981e+01
  611  1.22e-03      2.41037e+01       1.34731e+00       1.65183e+01
  612  1.22e-03      2.41305e+01       1.23622e+00       1.64991e+01
  613  1.23e-03      2.42152e+01       1.05021e+00       1.64935e+01
  614  1.23e-03      2.42503e+01       1.11318e+00       1.65379e+01
  615  1.23e-03      2.42502e+01       1.07679e+00       1.65257e+01
  616  1.23e-03      2.42730e+01       1.25459e+00       1.66002e+01
  617  1.23e-03      2.42429e+01       1.20134e+00       1.65624e+01
  618  1.24e-03      2.41795e+01       1.19056e+00       1.65165e+01
  619  1.24e-03      2.41525e+01       1.11357e+00       1.64729e+01
  620  1.24e-03      2.43221e+01       1.22466e+00       1.66229e+01
  621  1.24e-03      2.42909e+01       1.30766e+00       1.66298e+01
  622  1.24e-03      2.44063e+01       1.17838e+00       1.66637e+01
  623  1.25e-03      2.44089e+01       1.20436e+00       1.66740e+01
  624  1.25e-03      2.43655e+01       1.26797e+00       1.66663e+01
  625  1.25e-03      2.43615e+01       1.15744e+00       1.66268e+01
  626  1.25e-03      2.45567e+01       1.39703e+00       1.68368e+01
  627  1.25e-03      2.47066e+01       1.23064e+00       1.68813e+01
  628  1.26e-03      2.48997e+01       1.26018e+00       1.70199e+01
  629  1.26e-03      2.50177e+01       1.04285e+00       1.70261e+01
  630  1.26e-03      2.49261e+01       1.40750e+00       1.70865e+01
  631  1.26e-03      2.51015e+01       1.17705e+00       1.71267e+01
  632  1.26e-03      2.51066e+01       1.31084e+00       1.71747e+01
  633  1.27e-03      2.52152e+01       1.06377e+00       1.71647e+01
  634  1.27e-03      2.53418e+01       1.17856e+00       1.72874e+01
  635  1.27e-03      2.54001e+01       1.24794e+00       1.73494e+01
  636  1.27e-03      2.53793e+01       1.27322e+00       1.73439e+01
  637  1.27e-03      2.54668e+01       1.31402e+00       1.74159e+01
  638  1.28e-03      2.53308e+01       1.32487e+00       1.73288e+01
  639  1.28e-03      2.54433e+01       1.23617e+00       1.73743e+01
  640  1.28e-03      2.54119e+01       1.22392e+00       1.73493e+01
  641  1.28e-03      2.54423e+01       1.04723e+00       1.73106e+01
  642  1.28e-03      2.55331e+01       1.21066e+00       1.74256e+01
  643  1.29e-03      2.57082e+01       1.22035e+00       1.75456e+01
  644  1.29e-03      2.56302e+01       1.08222e+00       1.74476e+01
  645  1.29e-03      2.57590e+01       1.18832e+00       1.75687e+01
  646  1.29e-03      2.57218e+01       1.28084e+00       1.75748e+01
  647  1.29e-03      2.59455e+01       1.15623e+00       1.76824e+01
  648  1.30e-03      2.59405e+01       1.09945e+00       1.76602e+01
  649  1.30e-03      2.59454e+01       1.28324e+00       1.77247e+01
  650  1.30e-03      2.59959e+01       1.14518e+00       1.77123e+01
  651  1.30e-03      2.60494e+01       1.41813e+00       1.78390e+01
  652  1.30e-03      2.60145e+01       1.18265e+00       1.77372e+01
  653  1.31e-03      2.62343e+01       1.22911e+00       1.78993e+01
  654  1.31e-03      2.62638e+01       1.27282e+00       1.79335e+01
  655  1.31e-03      2.63299e+01       1.14208e+00       1.79340e+01
  656  1.31e-03      2.63290e+01       1.19221e+00       1.79501e+01
  657  1.31e-03      2.63904e+01       1.38967e+00       1.80568e+01
  658  1.32e-03      2.65474e+01       1.29795e+00       1.81309e+01
  659  1.32e-03      2.64887e+01       1.15474e+00       1.80441e+01
  660  1.32e-03      2.65096e+01       1.38607e+00       1.81351e+01
  661  1.32e-03      2.66326e+01       1.30929e+00       1.81915e+01
  662  1.32e-03      2.65918e+01       1.30928e+00       1.81643e+01
  663  1.33e-03      2.67124e+01       1.12991e+00       1.81849e+01
  664  1.33e-03      2.66735e+01       1.08953e+00       1.81455e+01
  665  1.33e-03      2.66859e+01       1.30733e+00       1.82264e+01
  666  1.33e-03      2.68180e+01       1.13430e+00       1.82568e+01
  667  1.33e-03      2.67182e+01       1.14313e+00       1.81932e+01
  668  1.34e-03      2.67401e+01       1.16671e+00       1.82157e+01
  669  1.34e-03      2.68254e+01       1.35984e+00       1.83369e+01
  670  1.34e-03      2.68090e+01       1.21861e+00       1.82789e+01
  671  1.34e-03      2.68418e+01       1.37228e+00       1.83519e+01
  672  1.34e-03      2.70033e+01       1.29022e+00       1.84323e+01
  673  1.35e-03      2.69183e+01       1.22788e+00       1.83548e+01
  674  1.35e-03      2.71553e+01       1.22123e+00       1.85106e+01
  675  1.35e-03      2.71560e+01       1.29684e+00       1.85363e+01
  676  1.35e-03      2.72932e+01       1.30078e+00       1.86291e+01
  677  1.35e-03      2.73418e+01       1.13635e+00       1.86067e+01
  678  1.36e-03      2.73899e+01       1.13216e+00       1.86373e+01
  679  1.36e-03      2.73141e+01       1.35441e+00       1.86609e+01
  680  1.36e-03      2.74560e+01       1.39754e+00       1.87698e+01
  681  1.36e-03      2.73161e+01       1.03585e+00       1.85560e+01
  682  1.36e-03      2.75067e+01       1.27466e+00       1.87627e+01
  683  1.37e-03      2.75611e+01       1.24543e+00       1.87892e+01
  684  1.37e-03      2.76574e+01       1.30217e+00       1.88724e+01
  685  1.37e-03      2.77824e+01       1.16744e+00       1.89107e+01
  686  1.37e-03      2.78333e+01       1.22354e+00       1.89634e+01
  687  1.37e-03      2.76679e+01       1.04026e+00       1.87920e+01
  688  1.38e-03      2.78538e+01       1.29496e+00       1.90008e+01
  689  1.38e-03      2.77915e+01       1.10609e+00       1.88964e+01
  690  1.38e-03      2.79689e+01       1.46720e+00       1.91350e+01
  691  1.38e-03      2.81395e+01       1.35962e+00       1.92129e+01
  692  1.38e-03      2.82644e+01       1.03008e+00       1.91863e+01
  693  1.39e-03      2.83650e+01       1.17614e+00       1.93021e+01
  694  1.39e-03      2.85483e+01       1.29949e+00       1.94654e+01
  695  1.39e-03      2.85685e+01       1.06937e+00       1.94021e+01
  696  1.39e-03      2.88208e+01       1.32271e+00       1.96548e+01
  697  1.39e-03      2.87664e+01       1.13091e+00       1.95546e+01
  698  1.40e-03      2.87450e+01       1.14813e+00       1.95461e+01
  699  1.40e-03      2.87056e+01       1.32447e+00       1.95786e+01
  700  1.40e-03      2.88564e+01       1.11520e+00       1.96093e+01
  701  1.40e-03      2.89719e+01       1.08173e+00       1.96752e+01
  702  1.40e-03      2.89876e+01       1.27996e+00       1.97517e+01
  703  1.41e-03      2.90370e+01       1.13325e+00       1.97358e+01
  704  1.41e-03      2.91798e+01       1.15074e+00       1.98368e+01
  705  1.41e-03      2.92664e+01       1.23507e+00       1.99226e+01
  706  1.41e-03      2.91918e+01       9.97640e-01       1.97938e+01
  707  1.41e-03      2.92462e+01       1.32912e+00       1.99405e+01
  708  1.42e-03      2.93494e+01       1.14964e+00       1.99495e+01
  709  1.42e-03      2.94106e+01       1.34584e+00       2.00557e+01
  710  1.42e-03      2.95236e+01       1.32991e+00       2.01257e+01
  711  1.42e-03      2.95946e+01       1.39475e+00       2.01947e+01
  712  1.42e-03      2.96643e+01       1.17535e+00       2.01680e+01
  713  1.43e-03      2.97698e+01       1.31113e+00       2.02835e+01
  714  1.43e-03      2.98508e+01       1.06652e+00       2.02561e+01
  715  1.43e-03      2.99027e+01       1.21670e+00       2.03407e+01
  716  1.43e-03      2.99650e+01       1.23083e+00       2.03869e+01
  717  1.43e-03      3.01888e+01       1.22300e+00       2.05335e+01
  718  1.44e-03      3.01075e+01       1.30548e+00       2.05068e+01
  719  1.44e-03      3.03927e+01       1.25203e+00       2.06792e+01
  720  1.44e-03      3.03843e+01       1.13432e+00       2.06343e+01
  721  1.44e-03      3.04154e+01       1.33392e+00       2.07216e+01
  722  1.44e-03      3.03361e+01       1.13649e+00       2.06029e+01
  723  1.45e-03      3.02926e+01       1.29703e+00       2.06274e+01
  724  1.45e-03      3.03631e+01       1.23077e+00       2.06523e+01
  725  1.45e-03      3.05480e+01       1.29694e+00       2.07977e+01
  726  1.45e-03      3.06850e+01       1.12432e+00       2.08314e+01
  727  1.45e-03      3.07684e+01       1.30024e+00       2.09457e+01
  728  1.46e-03      3.09195e+01       1.31676e+00       2.10519e+01
  729  1.46e-03      3.09370e+01       1.33777e+00       2.10706e+01
  730  1.46e-03      3.08574e+01       1.38745e+00       2.10341e+01
  731  1.46e-03      3.10788e+01       1.40324e+00       2.11870e+01
  732  1.46e-03      3.11213e+01       1.33418e+00       2.11922e+01
  733  1.47e-03      3.12840e+01       1.40877e+00       2.13256e+01
  734  1.47e-03      3.13108e+01       1.07123e+00       2.12309e+01
  735  1.47e-03      3.14578e+01       1.22215e+00       2.13793e+01
  736  1.47e-03      3.14568e+01       1.28047e+00       2.13980e+01
  737  1.47e-03      3.14209e+01       1.19630e+00       2.13460e+01
  738  1.48e-03      3.14903e+01       1.21063e+00       2.13971e+01
  739  1.48e-03      3.15990e+01       1.22150e+00       2.14732e+01
  740  1.48e-03      3.16636e+01       1.19939e+00       2.15089e+01
  741  1.48e-03      3.17384e+01       1.25104e+00       2.15759e+01
  742  1.48e-03      3.16925e+01       1.39549e+00       2.15935e+01
  743  1.49e-03      3.17845e+01       1.28375e+00       2.16176e+01
  744  1.49e-03      3.17642e+01       1.28373e+00       2.16040e+01
  745  1.49e-03      3.18840e+01       1.14305e+00       2.16370e+01
  746  1.49e-03      3.20292e+01       1.18076e+00       2.17464e+01
  747  1.49e-03      3.18352e+01       1.21468e+00       2.16284e+01
  748  1.50e-03      3.18353e+01       1.32981e+00       2.16668e+01
  749  1.50e-03      3.18863e+01       1.13609e+00       2.16362e+01
  750  1.50e-03      3.19771e+01       1.38726e+00       2.17805e+01
  751  1.50e-03      3.21699e+01       1.25023e+00       2.18633e+01
  752  1.50e-03      3.20982e+01       1.33727e+00       2.18446e+01
  753  1.51e-03      3.22819e+01       1.14660e+00       2.19035e+01
  754  1.51e-03      3.24311e+01       1.31878e+00       2.20603e+01
  755  1.51e-03      3.22619e+01       1.30536e+00       2.19430e+01
  756  1.51e-03      3.24359e+01       1.25385e+00       2.20419e+01
  757  1.51e-03      3.26028e+01       1.12269e+00       2.21094e+01
  758  1.52e-03      3.25395e+01       1.37099e+00       2.21500e+01
  759  1.52e-03      3.28578e+01       1.22199e+00       2.23126e+01
  760  1.52e-03      3.28456e+01       1.34933e+00       2.23469e+01
  761  1.52e-03      3.28470e+01       1.25354e+00       2.23158e+01
  762  1.52e-03      3.30203e+01       1.56483e+00       2.25352e+01
  763  1.53e-03      3.27647e+01       1.39990e+00       2.23098e+01
  764  1.53e-03      3.30237e+01       1.65495e+00       2.25675e+01
  765  1.53e-03      3.31633e+01       1.50434e+00       2.26103e+01
  766  1.53e-03      3.30094e+01       1.42175e+00       2.24802e+01
  767  1.53e-03      3.31378e+01       1.20323e+00       2.24929e+01
  768  1.54e-03      3.32895e+01       1.53064e+00       2.27032e+01
  769  1.54e-03      3.31503e+01       1.32102e+00       2.25405e+01
  770  1.54e-03      3.33438e+01       1.40509e+00       2.26976e+01
  771  1.54e-03      3.34481e+01       1.45027e+00       2.27822e+01
  772  1.54e-03      3.33494e+01       1.37951e+00       2.26928e+01
  773  1.55e-03      3.35449e+01       1.38045e+00       2.28234e+01
  774  1.55e-03      3.35309e+01       1.33805e+00       2.27999e+01
  775  1.55e-03      3.34819e+01       1.25287e+00       2.27389e+01
  776  1.55e-03      3.37249e+01       1.63839e+00       2.30294e+01
  777  1.55e-03      3.38280e+01       1.39463e+00       2.30169e+01
  778  1.56e-03      3.40091e+01       1.22548e+00       2.30812e+01
  779  1.56e-03      3.40570e+01       1.35115e+00       2.31551e+01
  780  1.56e-03      3.40186e+01       1.42291e+00       2.31534e+01
  781  1.56e-03      3.40590e+01       1.35112e+00       2.31564e+01
  782  1.56e-03      3.41937e+01       1.38710e+00       2.32582e+01
  783  1.57e-03      3.42641e+01       1.45207e+00       2.33267e+01
  784  1.57e-03      3.43024e+01       1.51713e+00       2.33740e+01
  785  1.57e-03      3.42979e+01       1.41842e+00       2.33381e+01
  786  1.57e-03      3.43598e+01       1.30343e+00       2.33410e+01
  787  1.57e-03      3.45084e+01       1.48794e+00       2.35016e+01
  788  1.58e-03      3.45843e+01       1.32727e+00       2.34986e+01
  789  1.58e-03      3.44482e+01       1.55762e+00       2.34847e+01
  790  1.58e-03      3.47003e+01       1.49902e+00       2.36332e+01
  791  1.58e-03      3.46378e+01       1.32498e+00       2.35335e+01
  792  1.58e-03      3.47103e+01       1.24257e+00       2.35544e+01
  793  1.59e-03      3.48672e+01       1.22234e+00       2.36522e+01
  794  1.59e-03      3.48933e+01       1.33166e+00       2.37061e+01
  795  1.59e-03      3.50883e+01       1.44684e+00       2.38745e+01
  796  1.59e-03      3.53038e+01       1.27902e+00       2.39622e+01
  797  1.59e-03      3.50867e+01       1.47206e+00       2.38818e+01
  798  1.60e-03      3.53943e+01       1.40794e+00       2.40655e+01
  799  1.60e-03      3.54320e+01       1.54432e+00       2.41361e+01
  800  1.60e-03      3.53937e+01       1.46104e+00       2.40828e+01
  801  1.60e-03      3.55129e+01       1.26044e+00       2.40954e+01
  802  1.60e-03      3.55117e+01       1.51245e+00       2.41786e+01
  803  1.61e-03      3.56056e+01       1.59857e+00       2.42700e+01
  804  1.61e-03      3.57082e+01       1.27097e+00       2.42291e+01
  805  1.61e-03      3.56581e+01       1.67029e+00       2.43288e+01
  806  1.61e-03      3.57631e+01       1.30519e+00       2.42771e+01
  807  1.61e-03      3.58491e+01       1.19972e+00       2.42993e+01
  808  1.62e-03      3.58783e+01       1.68475e+00       2.44804e+01
  809  1.62e-03      3.60800e+01       1.59610e+00       2.45854e+01
  810  1.62e-03      3.61014e+01       1.48113e+00       2.45613e+01
  811  1.62e-03      3.60440e+01       1.51190e+00       2.45333e+01
  812  1.62e-03      3.62388e+01       1.51716e+00       2.46649e+01
  813  1.63e-03      3.61808e+01       1.55098e+00       2.46375e+01
  814  1.63e-03      3.62999e+01       1.29814e+00       2.46326e+01
  815  1.63e-03      3.63777e+01       1.39054e+00       2.47153e+01
  816  1.63e-03      3.63556e+01       1.64692e+00       2.47861e+01
  817  1.63e-03      3.65303e+01       1.52958e+00       2.48634e+01
  818  1.64e-03      3.64817e+01       1.38940e+00       2.47843e+01
  819  1.64e-03      3.65565e+01       1.63293e+00       2.49153e+01
  820  1.64e-03      3.67198e+01       1.48505e+00       2.49749e+01
  821  1.64e-03      3.65533e+01       1.46926e+00       2.48586e+01
  822  1.64e-03      3.69557e+01       1.53449e+00       2.51486e+01
  823  1.65e-03      3.69781e+01       1.57084e+00       2.51757e+01
  824  1.65e-03      3.69860e+01       1.56113e+00       2.51777e+01
  825  1.65e-03      3.73721e+01       1.19931e+00       2.53145e+01
  826  1.65e-03      3.73246e+01       1.61316e+00       2.54208e+01
  827  1.65e-03      3.72970e+01       1.37077e+00       2.53216e+01
  828  1.66e-03      3.75973e+01       1.40011e+00       2.55316e+01
  829  1.66e-03      3.73357e+01       1.43991e+00       2.53704e+01
  830  1.66e-03      3.75778e+01       1.36632e+00       2.55073e+01
  831  1.66e-03      3.77372e+01       1.55073e+00       2.56750e+01
  832  1.66e-03      3.76320e+01       1.46191e+00       2.55753e+01
  833  1.67e-03      3.80846e+01       1.49639e+00       2.58885e+01
  834  1.67e-03      3.81265e+01       1.50542e+00       2.59195e+01
  835  1.67e-03      3.78930e+01       1.23773e+00       2.56746e+01
  836  1.67e-03      3.83945e+01       1.51402e+00       2.61010e+01
  837  1.67e-03      3.82122e+01       1.77155e+00       2.60653e+01
  838  1.68e-03      3.84062e+01       1.60614e+00       2.61395e+01
  839  1.68e-03      3.87332e+01       1.34571e+00       2.62707e+01
  840  1.68e-03      3.84080e+01       1.62865e+00       2.61482e+01
  841  1.68e-03      3.86193e+01       1.41465e+00       2.62177e+01
  842  1.68e-03      3.87537e+01       1.67280e+00       2.63934e+01
  843  1.69e-03      3.86342e+01       1.51422e+00       2.62609e+01
  844  1.69e-03      3.89662e+01       1.72708e+00       2.65532e+01
  845  1.69e-03      3.91347e+01       1.64431e+00       2.66379e+01
  846  1.69e-03      3.91011e+01       1.36332e+00       2.65218e+01
  847  1.69e-03      3.94031e+01       1.43562e+00       2.67473e+01
  848  1.70e-03      3.92016e+01       1.45993e+00       2.66211e+01
  849  1.70e-03      3.93542e+01       1.48961e+00       2.67327e+01
  850  1.70e-03      3.94339e+01       1.61628e+00       2.68280e+01
  851  1.70e-03      3.94673e+01       1.46877e+00       2.68011e+01
  852  1.70e-03      3.96433e+01       1.35380e+00       2.68801e+01
  853  1.71e-03      3.96833e+01       1.33788e+00       2.69015e+01
  854  1.71e-03      3.96454e+01       1.43649e+00       2.69091e+01
  855  1.71e-03      3.98811e+01       1.74913e+00       2.71704e+01
  856  1.71e-03      3.98280e+01       1.46611e+00       2.70407e+01
  857  1.71e-03      3.99397e+01       1.46753e+00       2.71157e+01
  858  1.72e-03      4.01082e+01       1.72389e+00       2.73134e+01
  859  1.72e-03      4.02157e+01       1.50364e+00       2.73117e+01
  860  1.72e-03      4.02647e+01       1.73482e+00       2.74214e+01
  861  1.72e-03      4.04031e+01       1.82089e+00       2.75424e+01
  862  1.72e-03      4.05776e+01       1.35243e+00       2.75025e+01
  863  1.73e-03      4.06976e+01       1.48237e+00       2.76258e+01
  864  1.73e-03      4.07213e+01       1.65110e+00       2.76979e+01
  865  1.73e-03      4.08895e+01       1.48382e+00       2.77543e+01
  866  1.73e-03      4.09639e+01       1.65960e+00       2.78625e+01
  867  1.73e-03      4.11179e+01       1.46851e+00       2.79014e+01
  868  1.74e-03      4.10469e+01       1.34924e+00       2.78144e+01
  869  1.74e-03      4.09532e+01       1.44101e+00       2.77825e+01
  870  1.74e-03      4.09385e+01       1.43847e+00       2.77718e+01
  871  1.74e-03      4.09352e+01       1.59866e+00       2.78230e+01
  872  1.74e-03      4.11092e+01       1.52030e+00       2.79129e+01
  873  1.75e-03      4.11823e+01       1.42067e+00       2.79284e+01
  874  1.75e-03      4.13903e+01       1.18903e+00       2.79899e+01
  875  1.75e-03      4.13046e+01       1.55007e+00       2.80531e+01
  876  1.75e-03      4.15321e+01       1.60670e+00       2.82236e+01
  877  1.75e-03      4.15248e+01       1.62303e+00       2.82242e+01
  878  1.76e-03      4.16179e+01       1.49660e+00       2.82441e+01
  879  1.76e-03      4.15598e+01       1.53682e+00       2.82188e+01
  880  1.76e-03      4.18006e+01       1.38287e+00       2.83280e+01
  881  1.76e-03      4.19538e+01       1.50103e+00       2.84695e+01
  882  1.76e-03      4.21079e+01       1.65531e+00       2.86237e+01
  883  1.77e-03      4.21448e+01       1.65054e+00       2.86467e+01
  884  1.77e-03      4.22962e+01       1.59323e+00       2.87286e+01
  885  1.77e-03      4.21971e+01       1.67291e+00       2.86890e+01
  886  1.77e-03      4.25111e+01       1.78641e+00       2.89362e+01
  887  1.77e-03      4.23998e+01       1.52172e+00       2.87738e+01
  888  1.78e-03      4.29078e+01       1.51340e+00       2.91097e+01
  889  1.78e-03      4.30440e+01       1.73276e+00       2.92736e+01
  890  1.78e-03      4.31062e+01       1.58706e+00       2.92665e+01
  891  1.78e-03      4.31923e+01       1.28096e+00       2.92219e+01
  892  1.78e-03      4.33422e+01       1.26955e+00       2.93180e+01
  893  1.79e-03      4.31707e+01       1.61203e+00       2.93178e+01
  894  1.79e-03      4.33536e+01       1.37536e+00       2.93609e+01
  895  1.79e-03      4.32875e+01       1.47119e+00       2.93487e+01
  896  1.79e-03      4.34394e+01       1.47815e+00       2.94523e+01
  897  1.79e-03      4.37734e+01       1.59103e+00       2.97126e+01
  898  1.80e-03      4.36103e+01       1.55789e+00       2.95928e+01
  899  1.80e-03      4.36241e+01       1.77520e+00       2.96745e+01
  900  1.80e-03      4.38686e+01       1.44972e+00       2.97290e+01
  901  1.80e-03      4.37416e+01       1.36690e+00       2.96167e+01
  902  1.80e-03      4.41538e+01       1.62954e+00       2.99790e+01
  903  1.81e-03      4.41235e+01       1.81491e+00       3.00206e+01
  904  1.81e-03      4.42341e+01       1.76417e+00       3.00775e+01
  905  1.81e-03      4.43905e+01       1.70741e+00       3.01628e+01
  906  1.81e-03      4.44490e+01       1.59668e+00       3.01649e+01
  907  1.81e-03      4.45831e+01       1.56312e+00       3.02431e+01
  908  1.82e-03      4.48713e+01       1.76248e+00       3.05017e+01
  909  1.82e-03      4.48267e+01       1.45924e+00       3.03709e+01
  910  1.82e-03      4.50127e+01       1.40725e+00       3.04775e+01
  911  1.82e-03      4.53147e+01       1.51294e+00       3.07141e+01
  912  1.82e-03      4.52285e+01       1.47435e+00       3.06438e+01
  913  1.83e-03      4.54443e+01       1.38400e+00       3.07575e+01
  914  1.83e-03      4.54380e+01       1.65006e+00       3.08420e+01
  915  1.83e-03      4.53183e+01       1.56719e+00       3.07346e+01
  916  1.83e-03      4.56911e+01       1.52016e+00       3.09675e+01
  917  1.83e-03      4.57508e+01       1.53795e+00       3.10132e+01
  918  1.84e-03      4.57668e+01       1.66572e+00       3.10664e+01
  919  1.84e-03      4.59431e+01       1.72363e+00       3.12033e+01
  920  1.84e-03      4.56522e+01       1.68277e+00       3.09957e+01
  921  1.84e-03      4.59439e+01       1.61005e+00       3.11659e+01
  922  1.84e-03      4.58540e+01       1.62898e+00       3.11123e+01
  923  1.85e-03      4.56471e+01       1.54610e+00       3.09467e+01
  924  1.85e-03      4.58651e+01       1.68639e+00       3.11389e+01
  925  1.85e-03      4.58231e+01       1.72727e+00       3.11245e+01
  926  1.85e-03      4.56967e+01       1.97365e+00       3.11223e+01
  927  1.85e-03      4.60084e+01       1.69320e+00       3.12366e+01
  928  1.86e-03      4.59392e+01       1.69297e+00       3.11905e+01
  929  1.86e-03      4.59508e+01       1.41544e+00       3.11057e+01
  930  1.86e-03      4.62527e+01       1.56257e+00       3.13560e+01
  931  1.86e-03      4.60584e+01       1.79260e+00       3.13031e+01
  932  1.86e-03      4.60252e+01       1.78740e+00       3.12793e+01
  933  1.87e-03      4.63474e+01       1.41123e+00       3.13687e+01
  934  1.87e-03      4.62848e+01       1.30860e+00       3.12928e+01
  935  1.87e-03      4.67537e+01       1.55362e+00       3.16870e+01
  936  1.87e-03      4.67405e+01       1.63833e+00       3.17065e+01
  937  1.87e-03      4.66980e+01       1.92182e+00       3.17726e+01
  938  1.88e-03      4.69149e+01       1.57243e+00       3.18008e+01
  939  1.88e-03      4.69434e+01       1.62030e+00       3.18357e+01
  940  1.88e-03      4.66731e+01       1.57534e+00       3.16405e+01
  941  1.88e-03      4.71132e+01       1.70709e+00       3.19778e+01
  942  1.88e-03      4.70935e+01       1.70602e+00       3.19644e+01
  943  1.89e-03      4.73256e+01       1.61448e+00       3.20886e+01
  944  1.89e-03      4.75080e+01       1.54679e+00       3.21876e+01
  945  1.89e-03      4.74903e+01       1.69434e+00       3.22250e+01
  946  1.89e-03      4.77358e+01       1.95055e+00       3.24741e+01
  947  1.89e-03      4.80201e+01       1.76736e+00       3.26025e+01
  948  1.90e-03      4.77496e+01       1.67669e+00       3.23920e+01
  949  1.90e-03      4.81036e+01       1.66081e+00       3.26227e+01
  950  1.90e-03      4.80553e+01       1.65378e+00       3.25881e+01
  951  1.90e-03      4.80713e+01       1.61597e+00       3.25862e+01
  952  1.90e-03      4.82276e+01       1.79032e+00       3.27485e+01
  953  1.91e-03      4.79909e+01       1.62660e+00       3.25361e+01
  954  1.91e-03      4.78599e+01       1.52797e+00       3.24159e+01
  955  1.91e-03      4.82512e+01       1.89807e+00       3.28002e+01
  956  1.91e-03      4.81215e+01       1.79623e+00       3.26798e+01
  957  1.91e-03      4.83135e+01       1.52535e+00       3.27175e+01
  958  1.92e-03      4.84227e+01       1.88766e+00       3.29110e+01
  959  1.92e-03      4.82769e+01       1.94025e+00       3.28313e+01
  960  1.92e-03      4.84018e+01       1.69055e+00       3.28314e+01
  961  1.92e-03      4.84783e+01       1.31706e+00       3.27579e+01
  962  1.92e-03      4.86310e+01       1.93576e+00       3.30659e+01
  963  1.93e-03      4.89532e+01       1.82182e+00       3.32427e+01
  964  1.93e-03      4.91599e+01       1.75626e+00       3.33587e+01
  965  1.93e-03      4.92908e+01       1.49334e+00       3.33583e+01
  966  1.93e-03      4.93795e+01       1.89211e+00       3.35504e+01
  967  1.93e-03      4.93046e+01       1.68418e+00       3.34311e+01
  968  1.94e-03      4.95546e+01       1.54980e+00       3.35530e+01
  969  1.94e-03      4.98075e+01       1.78381e+00       3.37996e+01
  970  1.94e-03      4.99089e+01       1.82146e+00       3.38798e+01
  971  1.94e-03      4.99695e+01       1.72501e+00       3.38880e+01
  972  1.94e-03      4.99563e+01       1.59838e+00       3.38370e+01
  973  1.95e-03      4.99819e+01       1.69399e+00       3.38859e+01
  974  1.95e-03      4.99768e+01       1.71713e+00       3.38903e+01
  975  1.95e-03      4.99640e+01       1.77493e+00       3.39010e+01
  976  1.95e-03      5.01940e+01       1.69187e+00       3.40266e+01
  977  1.95e-03      5.02963e+01       1.65393e+00       3.40822e+01
  978  1.96e-03      5.02575e+01       1.53526e+00       3.40168e+01
  979  1.96e-03      5.02074e+01       1.76883e+00       3.40612e+01
  980  1.96e-03      5.05032e+01       1.80241e+00       3.42696e+01
  981  1.96e-03      5.04216e+01       1.47450e+00       3.41059e+01
  982  1.96e-03      5.05477e+01       1.81464e+00       3.43033e+01
  983  1.97e-03      5.07404e+01       1.97603e+00       3.44856e+01
  984  1.97e-03      5.08176e+01       1.63883e+00       3.44247e+01
  985  1.97e-03      5.08342e+01       1.60050e+00       3.44230e+01
  986  1.97e-03      5.10198e+01       1.79350e+00       3.46110e+01
  987  1.97e-03      5.08847e+01       2.08659e+00       3.46187e+01
  988  1.98e-03      5.10019e+01       1.80708e+00       3.46036e+01
  989  1.98e-03      5.10778e+01       1.73839e+00       3.46313e+01
  990  1.98e-03      5.11526e+01       1.65315e+00       3.46528e+01
  991  1.98e-03      5.13368e+01       1.63361e+00       3.47691e+01
  992  1.98e-03      5.13840e+01       1.69355e+00       3.48205e+01
  993  1.99e-03      5.15639e+01       1.91901e+00       3.50156e+01
  994  1.99e-03      5.19778e+01       1.51194e+00       3.51558e+01
  995  1.99e-03      5.19916e+01       1.63746e+00       3.52069e+01
  996  1.99e-03      5.21711e+01       1.76068e+00       3.53676e+01
  997  1.99e-03      5.22801e+01       1.58956e+00       3.53832e+01
  998  2.00e-03      5.24583e+01       1.81555e+00       3.55774e+01
  999  2.00e-03      5.26311e+01       1.75043e+00       3.56709e+01
