Delta = 5.306e-01 gamma
 step      t        T_in_plane/mK   T_out_of_plane/mK   T_tot/mK
    0  0.00e+00      1.88638e-29       0.00000e+00       1.25759e-29
    1  1.00e-06      3.30851e-03       3.50432e-03       3.37378e-03
    2  2.00e-06      6.00735e-03       7.56480e-03       6.52650e-03
    3  3.00e-06      9.69773e-03       1.32067e-02       1.08674e-02
    4  4.00e-06      1.23329e-02       1.08436e-02       1.18365e-02
    5  5.00e-06      1.40554e-02       1.85508e-02       1.55539e-02
    6  6.00e-06      1.86039e-02       2.82032e-02       2.18036e-02
    7  7.00e-06      2.17548e-02       2.76687e-02       2.37261e-02
    8  8.00e-06      2.62125e-02       3.52796e-02       2.92349e-02
    9  9.00e-06      3.22438e-02       4.08210e-02       3.51029e-02
   10  1.00e-05      3.40614e-02       4.31511e-02       3.70913e-02
   11  1.10e-05      3.68433e-02       4.28631e-02       3.88499e-02
   12  1.20e-05      4.00836e-02       5.86382e-02       4.62684e-02
   13  1.30e-05      4.22508e-02       5.65915e-02       4.70310e-02
   14  1.40e-05      4.68549e-02       6.46371e-02       5.27823e-02
   15  1.50e-05      4.74324e-02       6.48507e-02       5.32385e-02
   16  1.60e-05      5.20271e-02       7.58723e-02       5.99755e-02
   17  1.70e-05      5.49650e-02       7.17565e-02       6.05622e-02
   18  1.80e-05      5.39337e-02       7.07847e-02       5.95507e-02
   19  1.90e-05      5.70338e-02       6.97079e-02       6.12585e-02
   20  2.00e-05      5.93733e-02       8.25774e-02       6.71080e-02
   21  2.10e-05      6.60582e-02       8.04648e-02       7.08604e-02
   22  2.20e-05      6.69821e-02       9.50189e-02       7.63277e-02
   23  2.30e-05      7.05106e-02       8.24141e-02       7.44784e-02
   24  2.40e-05      7.73323e-02       9.48919e-02       8.31855e-02
   25  2.50e-05      7.97650e-02       8.02145e-02       7.99148e-02
   26  2.60e-05      8.47340e-02       9.04958e-02       8.66546e-02
   27  2.70e-05      8.57021e-02       9.17157e-02       8.77066e-02
   28  2.80e-05      8.98673e-02       1.18180e-01       9.93048e-02
   29  2.90e-05      9.41983e-02       1.12986e-01       1.00461e-01
   30  3.00e-05      1.03102e-01       1.22449e-01       1.09551e-01
   31  3.10e-05      1.06812e-01       1.12789e-01       1.08805e-01
   32  3.20e-05      1.09478e-01       1.05978e-01       1.08311e-01
   33  3.30e-05      1.14240e-01       1.15341e-01       1.14607e-01
   34  3.40e-05      1.17432e-01       1.11814e-01       1.15559e-01
   35  3.50e-05      1.21217e-01       1.25824e-01       1.22753e-01
   36  3.60e-05      1.21260e-01       1.21827e-01       1.21449e-01
   37  3.70e-05      1.25037e-01       1.43292e-01       1.31122e-01
   38  3.80e-05      1.31241e-01       1.45126e-01       1.35870e-01
   39  3.90e-05      1.34282e-01       1.52107e-01       1.40224e-01
   40  4.00e-05      1.36396e-01       1.59916e-01       1.44236e-01
   41  4.10e-05      1.38550e-01       1.48284e-01       1.41795e-01
   42  4.20e-05      1.39385e-01       1.33818e-01       1.37529e-01
   43  4.30e-05      1.41797e-01       1.57638e-01       1.47077e-01
   44  4.40e-05      1.43104e-01       1.29745e-01       1.38651e-01
   45  4.50e-05      1.45074e-01       1.60559e-01       1.50235e-01
   46  4.60e-05      1.51041e-01       1.47329e-01       1.49804e-01
   47  4.70e-05      1.53543e-01       1.94093e-01       1.67059e-01
   48  4.80e-05      1.55143e-01       1.96896e-01       1.69060e-01
   49  4.90e-05      1.63010e-01       1.57133e-01       1.61051e-01
   50  5.00e-05      1.61459e-01       1.92753e-01       1.71891e-01
   51  5.10e-05      1.63285e-01       2.24599e-01       1.83723e-01
   52  5.20e-05      1.64745e-01       1.67697e-01       1.65729e-01
   53  5.30e-05      1.67583e-01       1.80753e-01       1.71973e-01
   54  5.40e-05      1.72313e-01       1.92462e-01       1.79029e-01
   55  5.50e-05      1.77611e-01       1.71974e-01       1.75732e-01
   56  5.60e-05      1.82971e-01       1.65212e-01       1.77051e-01
   57  5.70e-05      1.86239e-01       2.00235e-01       1.90905e-01
   58  5.80e-05      1.92428e-01       1.88715e-01       1.91190e-01
   59  5.90e-05      1.92337e-01       2.01616e-01       1.95430e-01
   60  6.00e-05      1.98482e-01       2.15749e-01       2.04237e-01
   61  6.10e-05      2.02935e-01       1.96017e-01       2.00629e-01
   62  6.20e-05      2.03616e-01       2.06405e-01       2.04546e-01
   63  6.30e-05      2.03649e-01       1.82843e-01       1.96713e-01
   64  6.40e-05      2.08497e-01       1.82184e-01       1.99726e-01
   65  6.50e-05      2.14996e-01       1.82469e-01       2.04153e-01
   66  6.60e-05      2.17618e-01       1.76241e-01       2.03826e-01
   67  6.70e-05      2.24103e-01       1.88662e-01       2.12289e-01
   68  6.80e-05      2.30351e-01       2.35387e-01       2.32029e-01
   69  6.90e-05      2.35241e-01       1.91275e-01       2.20586e-01
   70  7.00e-05      2.40409e-01       1.93898e-01       2.24905e-01
   71  7.10e-05      2.36784e-01       1.76396e-01       2.16654e-01
   72  7.20e-05      2.47705e-01       1.83631e-01       2.26347e-01
   73  7.30e-05      2.48927e-01       1.79379e-01       2.25744e-01
   74  7.40e-05      2.50178e-01       1.99397e-01       2.33251e-01
   75  7.50e-05      2.53350e-01       1.77692e-01       2.28131e-01
   76  7.60e-05      2.62439e-01       2.07827e-01       2.44235e-01
   77  7.70e-05      2.73592e-01       1.94273e-01       2.47152e-01
   78  7.80e-05      2.72154e-01       1.93118e-01       2.45809e-01
   79  7.90e-05      2.75152e-01       2.32660e-01       2.60988e-01
   80  8.00e-05      2.80363e-01       2.32758e-01       2.64494e-01
   81  8.10e-05      2.86625e-01       2.04771e-01       2.59340e-01
   82  8.20e-05      2.97975e-01       2.42263e-01       2.79404e-01
   83  8.30e-05      2.99732e-01       2.26615e-01       2.75360e-01
   84  8.40e-05      3.06844e-01       1.76151e-01       2.63280e-01
   85  8.50e-05      3.09172e-01       2.20743e-01       2.79696e-01
   86  8.60e-05      3.05387e-01       2.02898e-01       2.71224e-01
   87  8.70e-05      3.05368e-01       1.90255e-01       2.66997e-01
   88  8.80e-05      3.07487e-01       2.33608e-01       2.82861e-01
   89  8.90e-05      3.13160e-01       2.25998e-01       2.84106e-01
   90  9.00e-05      3.09224e-01       2.30425e-01       2.82957e-01
   91  9.10e-05      3.13360e-01       2.50322e-01       2.92347e-01
   92  9.20e-05      3.13571e-01       2.79309e-01       3.02150e-01
   93  9.30e-05      3.20722e-01       2.09636e-01       2.83694e-01
   94  9.40e-05      3.23867e-01       2.39570e-01       2.95768e-01
   95  9.50e-05      3.36132e-01       2.56532e-01       3.09598e-01
   96  9.60e-05      3.40502e-01       2.10532e-01       2.97179e-01
   97  9.70e-05      3.51561e-01       2.68857e-01       3.23993e-01
   98  9.80e-05      3.51171e-01       2.55146e-01       3.19163e-01
   99  9.90e-05      3.56809e-01       2.35266e-01       3.16295e-01
  100  1.00e-04      3.59730e-01       2.42895e-01       3.20785e-01
  101  1.01e-04      3.67455e-01       2.33162e-01       3.22691e-01
  102  1.02e-04      3.71529e-01       2.43068e-01       3.28708e-01
  103  1.03e-04      3.76077e-01       2.96799e-01       3.49651e-01
  104  1.04e-04      3.88459e-01       1.94063e-01       3.23660e-01
  105  1.05e-04      3.89256e-01       2.34101e-01       3.37538e-01
  106  1.06e-04      3.96799e-01       2.48160e-01       3.47253e-01
  107  1.07e-04      4.00397e-01       2.12936e-01       3.37910e-01
  108  1.08e-04      4.03173e-01       2.42039e-01       3.49462e-01
  109  1.09e-04      4.03157e-01       2.69403e-01       3.58572e-01
  110  1.10e-04      4.04734e-01       2.35361e-01       3.48276e-01
  111  1.11e-04      4.06034e-01       2.61279e-01       3.57782e-01
  112  1.12e-04      4.07052e-01       3.03536e-01       3.72547e-01
  113  1.13e-04      4.13336e-01       2.25356e-01       3.50676e-01
  114  1.14e-04      4.23472e-01       2.37816e-01       3.61587e-01
  115  1.15e-04      4.26134e-01       2.39011e-01       3.63759e-01
  116  1.16e-04      4.32702e-01       2.49699e-01       3.71701e-01
  117  1.17e-04      4.38028e-01       2.19294e-01       3.65117e-01
  118  1.18e-04      4.39861e-01       2.75726e-01       3.85149e-01
  119  1.19e-04      4.42767e-01       2.51451e-01       3.78995e-01
  120  1.20e-04      4.51671e-01       2.33849e-01       3.79063e-01
  121  1.21e-04      4.51560e-01       2.62713e-01       3.88611e-01
  122  1.22e-04      4.65973e-01       2.08514e-01       3.80154e-01
  123  1.23e-04      4.72234e-01       2.42909e-01       3.95792e-01
  124  1.24e-04      4.80355e-01       2.91581e-01       4.17430e-01
  125  1.25e-04      4.83144e-01       2.48128e-01       4.04805e-01
  126  1.26e-04      4.97948e-01       2.61032e-01       4.18976e-01
  127  1.27e-04      4.99902e-01       2.80064e-01       4.26623e-01
  128  1.28e-04      5.04246e-01       2.51187e-01       4.19893e-01
  129  1.29e-04      5.03731e-01       2.08693e-01       4.05385e-01
  130  1.30e-04      5.13764e-01       2.62966e-01       4.30165e-01
  131  1.31e-04      5.14695e-01       2.49160e-01       4.26184e-01
  132  1.32e-04      5.18148e-01       2.60123e-01       4.32140e-01
  133  1.33e-04      5.18784e-01       2.14676e-01       4.17414e-01
  134  1.34e-04      5.21400e-01       2.61321e-01       4.34707e-01
  135  1.35e-04      5.28170e-01       2.27133e-01       4.27824e-01
  136  1.36e-04      5.29107e-01       2.73073e-01       4.43762e-01
  137  1.37e-04      5.29332e-01       1.76606e-01       4.11757e-01
  138  1.38e-04      5.37549e-01       2.36631e-01       4.37243e-01
  139  1.39e-04      5.33794e-01       2.52053e-01       4.39880e-01
  140  1.40e-04      5.34063e-01       2.62261e-01       4.43463e-01
  141  1.41e-04      5.33203e-01       2.05892e-01       4.24099e-01
  142  1.42e-04      5.30751e-01       2.71524e-01       4.44342e-01
  143  1.43e-04      5.38785e-01       2.30868e-01       4.36146e-01
  144  1.44e-04      5.52590e-01       2.15426e-01       4.40202e-01
  145  1.45e-04      5.48156e-01       2.42848e-01       4.46386e-01
  146  1.46e-04      5.52510e-01       2.33107e-01       4.46042e-01
  147  1.47e-04      5.55203e-01       2.43632e-01       4.51346e-01
  148  1.48e-04      5.48355e-01       2.53433e-01       4.50047e-01
  149  1.49e-04      5.49529e-01       2.09820e-01       4.36293e-01
  150  1.50e-04      5.49356e-01       2.55166e-01       4.51293e-01
  151  1.51e-04      5.62485e-01       2.25971e-01       4.50314e-01
  152  1.52e-04      5.61916e-01       2.28568e-01       4.50800e-01
  153  1.53e-04      5.65292e-01       2.39946e-01       4.56843e-01
  154  1.54e-04      5.69326e-01       2.41407e-01       4.60020e-01
  155  1.55e-04      5.80377e-01       2.83558e-01       4.81437e-01
  156  1.56e-04      5.81007e-01       2.35340e-01       4.65785e-01
  157  1.57e-04      5.85625e-01       2.60437e-01       4.77229e-01
  158  1.58e-04      5.88551e-01       2.50695e-01       4.75932e-01
  159  1.59e-04      5.92617e-01       2.29195e-01       4.71477e-01
  160  1.60e-04      5.95588e-01       2.83327e-01       4.91501e-01
  161  1.61e-04      5.98390e-01       2.48365e-01       4.81715e-01
  162  1.62e-04      6.00239e-01       3.17854e-01       5.06111e-01
  163  1.63e-04      6.12607e-01       2.51200e-01       4.92138e-01
  164  1.64e-04      6.24741e-01       2.68686e-01       5.06056e-01
  165  1.65e-04      6.33715e-01       2.44952e-01       5.04128e-01
  166  1.66e-04      6.39840e-01       2.34575e-01       5.04752e-01
  167  1.67e-04      6.47843e-01       2.64344e-01       5.20010e-01
  168  1.68e-04      6.66596e-01       3.21178e-01       5.51457e-01
  169  1.69e-04      6.55081e-01       2.81482e-01       5.30548e-01
  170  1.70e-04      6.63202e-01       3.00535e-01       5.42313e-01
  171  1.71e-04      6.68630e-01       2.93311e-01       5.43524e-01
  172  1.72e-04      6.74694e-01       2.73902e-01       5.41096e-01
  173  1.73e-04      6.79638e-01       2.72125e-01       5.43801e-01
  174  1.74e-04      6.89622e-01       3.05102e-01       5.61449e-01
  175  1.75e-04      7.03745e-01       2.52380e-01       5.53290e-01
  176  1.76e-04      7.00781e-01       2.98643e-01       5.66735e-01
  177  1.77e-04      7.07123e-01       3.03727e-01       5.72658e-01
  178  1.78e-04      7.11565e-01       2.95463e-01       5.72864e-01
  179  1.79e-04      7.19048e-01       3.24000e-01       5.87365e-01
  180  1.80e-04      7.34117e-01       2.99027e-01       5.89087e-01
  181  1.81e-04      7.49963e-01       3.14488e-01       6.04805e-01
  182  1.82e-04      7.61104e-01       2.67028e-01       5.96412e-01
  183  1.83e-04      7.67255e-01       2.85049e-01       6.06520e-01
  184  1.84e-04      7.67649e-01       2.76901e-01       6.04066e-01
  185  1.85e-04      7.59198e-01       2.44771e-01       5.87722e-01
  186  1.86e-04      7.52664e-01       3.31377e-01       6.12235e-01
  187  1.87e-04      7.55988e-01       2.62057e-01       5.91344e-01
  188  1.88e-04      7.57918e-01       3.20128e-01       6.11988e-01
  189  1.89e-04      7.64663e-01       2.73710e-01       6.01012e-01
  190  1.90e-04      7.57238e-01       3.03479e-01       6.05985e-01
  191  1.91e-04      7.64179e-01       2.58102e-01       5.95487e-01
  192  1.92e-04      7.79833e-01       3.02894e-01       6.20853e-01
  193  1.93e-04      7.85821e-01       3.16885e-01       6.29509e-01
  194  1.94e-04      7.81261e-01       2.72115e-01       6.11546e-01
  195  1.95e-04      7.92066e-01       2.82565e-01       6.22232e-01
  196  1.96e-04      8.07341e-01       3.09858e-01       6.41513e-01
  197  1.97e-04      8.12975e-01       2.66565e-01       6.30838e-01
  198  1.98e-04      8.15459e-01       3.28819e-01       6.53246e-01
  199  1.99e-04      8.23977e-01       3.02743e-01       6.50232e-01
  200  2.00e-04      8.31070e-01       3.01469e-01       6.54536e-01
  201  2.01e-04      8.42152e-01       3.09767e-01       6.64690e-01
  202  2.02e-04      8.46450e-01       2.97194e-01       6.63365e-01
  203  2.03e-04      8.51955e-01       3.01932e-01       6.68614e-01
  204  2.04e-04      8.47122e-01       3.08422e-01       6.67555e-01
  205  2.05e-04      8.56874e-01       2.64850e-01       6.59533e-01
  206  2.06e-04      8.69533e-01       3.00612e-01       6.79893e-01
  207  2.07e-04      8.57144e-01       3.01361e-01       6.71883e-01
  208  2.08e-04      8.44415e-01       2.78157e-01       6.55662e-01
  209  2.09e-04      8.41898e-01       2.47551e-01       6.43782e-01
  210  2.10e-04      8.45058e-01       2.90453e-01       6.60189e-01
  211  2.11e-04      8.54516e-01       2.82876e-01       6.63969e-01
  212  2.12e-04      8.56497e-01       2.57348e-01       6.56781e-01
  213  2.13e-04      8.60242e-01       2.87982e-01       6.69489e-01
  214  2.14e-04      8.67242e-01       3.02605e-01       6.79030e-01
  215  2.15e-04      8.67554e-01       2.60706e-01       6.65271e-01
  216  2.16e-04      8.75105e-01       3.23806e-01       6.91339e-01
  217  2.17e-04      8.77052e-01       2.72007e-01       6.75370e-01
  218  2.18e-04      8.71209e-01       2.39599e-01       6.60672e-01
  219  2.19e-04      8.74854e-01       2.83958e-01       6.77889e-01
  220  2.20e-04      8.86668e-01       2.84852e-01       6.86063e-01
  221  2.21e-04      8.90299e-01       2.76783e-01       6.85794e-01
  222  2.22e-04      9.03859e-01       3.11547e-01       7.06422e-01
  223  2.23e-04      9.09923e-01       2.92031e-01       7.03959e-01
  224  2.24e-04      9.07891e-01       2.76977e-01       6.97587e-01
  225  2.25e-04      9.17310e-01       2.94094e-01       7.09571e-01
  226  2.26e-04      9.30053e-01       2.75007e-01       7.11704e-01
  227  2.27e-04      9.28261e-01       3.25601e-01       7.27374e-01
  228  2.28e-04      9.33485e-01       2.92609e-01       7.19859e-01
  229  2.29e-04      9.36501e-01       3.33210e-01       7.35404e-01
  230  2.30e-04      9.52253e-01       2.92136e-01       7.32214e-01
  231  2.31e-04      9.59642e-01       2.90558e-01       7.36614e-01
  232  2.32e-04      9.52043e-01       3.10833e-01       7.38306e-01
  233  2.33e-04      9.50064e-01       3.42800e-01       7.47643e-01
  234  2.34e-04      9.41303e-01       3.01241e-01       7.27949e-01
  235  2.35e-04      9.39754e-01       3.50155e-01       7.43221e-01
  236  2.36e-04      9.26629e-01       2.84427e-01       7.12562e-01
  237  2.37e-04      9.27516e-01       3.03714e-01       7.19582e-01
  238  2.38e-04      9.37821e-01       3.10397e-01       7.28680e-01
  239  2.39e-04      9.50541e-01       2.63453e-01       7.21512e-01
  240  2.40e-04      9.61292e-01       3.17723e-01       7.46769e-01
  241  2.41e-04      9.69230e-01       2.89905e-01       7.42788e-01
  242  2.42e-04      9.66251e-01       3.01083e-01       7.44528e-01
  243  2.43e-04      9.70711e-01       3.47164e-01       7.62862e-01
  244  2.44e-04      9.70757e-01       3.75806e-01       7.72440e-01
  245  2.45e-04      9.62908e-01       3.07673e-01       7.44497e-01
  246  2.46e-04      9.85196e-01       3.68586e-01       7.79659e-01
  247  2.47e-04      9.94229e-01       3.17396e-01       7.68618e-01
  248  2.48e-04      1.01595e+00       2.80598e-01       7.70830e-01
  249  2.49e-04      1.02190e+00       3.87005e-01       8.10268e-01
  250  2.50e-04      1.02801e+00       3.66422e-01       8.07479e-01
  251  2.51e-04      1.01666e+00       3.19339e-01       7.84222e-01
  252  2.52e-04      1.03152e+00       3.75937e-01       8.12995e-01
  253  2.53e-04      1.03161e+00       3.13184e-01       7.92137e-01
  254  2.54e-04      1.03188e+00       2.81764e-01       7.81839e-01
  255  2.55e-04      1.04403e+00       2.79976e-01       7.89347e-01
  256  2.56e-04      1.04407e+00       2.57737e-01       7.81960e-01
  257  2.57e-04      1.05771e+00       3.22581e-01       8.12669e-01
  258  2.58e-04      1.06244e+00       3.23527e-01       8.16134e-01
  259  2.59e-04      1.06895e+00       3.12688e-01       8.16860e-01
  260  2.60e-04      1.06953e+00       3.49287e-01       8.29451e-01
  261  2.61e-04      1.06570e+00       2.92747e-01       8.08052e-01
  262  2.62e-04      1.07766e+00       3.39218e-01       8.31510e-01
  263  2.63e-04      1.08046e+00       2.24666e-01       7.95198e-01
  264  2.64e-04      1.08906e+00       3.81821e-01       8.53312e-01
  265  2.65e-04      1.10233e+00       3.12746e-01       8.39132e-01
  266  2.66e-04      1.09345e+00       3.01794e-01       8.29565e-01
  267  2.67e-04      1.11669e+00       3.25302e-01       8.52892e-01
  268  2.68e-04      1.10976e+00       2.99031e-01       8.39518e-01
  269  2.69e-04      1.10149e+00       3.17882e-01       8.40286e-01
  270  2.70e-04      1.11254e+00       3.18797e-01       8.47959e-01
  271  2.71e-04      1.10742e+00       3.26704e-01       8.47181e-01
  272  2.72e-04      1.11633e+00       2.91173e-01       8.41275e-01
  273  2.73e-04      1.11308e+00       3.42084e-01       8.56080e-01
  274  2.74e-04      1.11633e+00       2.76859e-01       8.36507e-01
  275  2.75e-04      1.10478e+00       3.54532e-01       8.54699e-01
  276  2.76e-04      1.09916e+00       2.72444e-01       8.23585e-01
  277  2.77e-04      1.10991e+00       3.69145e-01       8.62990e-01
  278  2.78e-04      1.10796e+00       3.65390e-01       8.60436e-01
  279  2.79e-04      1.11576e+00       3.32353e-01       8.54624e-01
  280  2.80e-04      1.12544e+00       3.66685e-01       8.72522e-01
  281  2.81e-04      1.11990e+00       3.52722e-01       8.64171e-01
  282  2.82e-04      1.13260e+00       3.13499e-01       8.59566e-01
  283  2.83e-04      1.14057e+00       3.18358e-01       8.66499e-01
  284  2.84e-04      1.14724e+00       3.34007e-01       8.76159e-01
  285  2.85e-04      1.17363e+00       2.76756e-01       8.74672e-01
  286  2.86e-04      1.17904e+00       3.37952e-01       8.98678e-01
  287  2.87e-04      1.18963e+00       2.97318e-01       8.92191e-01
  288  2.88e-04      1.19232e+00       3.17533e-01       9.00724e-01
  289  2.89e-04      1.17959e+00       3.42779e-01       9.00652e-01
  290  2.90e-04      1.19004e+00       3.47448e-01       9.09174e-01
  291  2.91e-04      1.19502e+00       3.26434e-01       9.05488e-01
  292  2.92e-04      1.19935e+00       3.46234e-01       9.14978e-01
  293  2.93e-04      1.19323e+00       3.75559e-01       9.20676e-01
  294  2.94e-04      1.18864e+00       3.13268e-01       8.96851e-01
  295  2.95e-04      1.18606e+00       3.39491e-01       9.03873e-01
  296  2.96e-04      1.17595e+00       3.79583e-01       9.10496e-01
  297  2.97e-04      1.18580e+00       3.10705e-01       8.94099e-01
  298  2.98e-04      1.19341e+00       3.56532e-01       9.14453e-01
  299  2.99e-04      1.20833e+00       3.15317e-01       9.10660e-01
  300  3.00e-04      1.21692e+00       3.17118e-01       9.16987e-01
  301  3.01e-04      1.24608e+00       3.83935e-01       9.58701e-01
  302  3.02e-04      1.25016e+00       3.37168e-01       9.45827e-01
  303  3.03e-04      1.24380e+00       3.34929e-01       9.40840e-01
  304  3.04e-04      1.26012e+00       3.77407e-01       9.65883e-01
  305  3.05e-04      1.26198e+00       3.24740e-01       9.49569e-01
  306  3.06e-04      1.26788e+00       3.67658e-01       9.67809e-01
  307  3.07e-04      1.28709e+00       3.61248e-01       9.78478e-01
  308  3.08e-04      1.29583e+00       3.09643e-01       9.67099e-01
  309  3.09e-04      1.29613e+00       3.61676e-01       9.84646e-01
  310  3.10e-04      1.29974e+00       2.78200e-01       9.59227e-01
  311  3.11e-04      1.30461e+00       3.06065e-01       9.71759e-01
  312  3.12e-04      1.30342e+00       3.01200e-01       9.69344e-01
  313  3.13e-04      1.30564e+00       2.77791e-01       9.63026e-01
  314  3.14e-04      1.29671e+00       3.08919e-01       9.67448e-01
  315  3.15e-04      1.30080e+00       2.79142e-01       9.60248e-01
  316  3.16e-04      1.32710e+00       2.99475e-01       9.84559e-01
  317  3.17e-04      1.32389e+00       3.47085e-01       9.98287e-01
  318  3.18e-04      1.31973e+00       2.88978e-01       9.76149e-01
  319  3.19e-04      1.33058e+00       3.47595e-01       1.00292e+00
  320  3.20e-04      1.34593e+00       3.32805e-01       1.00822e+00
  321  3.21e-04      1.35544e+00       2.45195e-01       9.85361e-01
  322  3.22e-04      1.36206e+00       3.03600e-01       1.00924e+00
  323  3.23e-04      1.36544e+00       2.90988e-01       1.00729e+00
  324  3.24e-04      1.37757e+00       3.29211e-01       1.02811e+00
  325  3.25e-04      1.37958e+00       3.38745e-01       1.03264e+00
  326  3.26e-04      1.37534e+00       3.21321e-01       1.02400e+00
  327  3.27e-04      1.37879e+00       3.31922e-01       1.02983e+00
  328  3.28e-04      1.38812e+00       3.02502e-01       1.02625e+00
  329  3.29e-04      1.40433e+00       2.74272e-01       1.02765e+00
  330  3.30e-04      1.40064e+00       2.87474e-01       1.02958e+00
  331  3.31e-04      1.43375e+00       2.46233e-01       1.03791e+00
  332  3.32e-04      1.43494e+00       3.21700e-01       1.06386e+00
  333  3.33e-04      1.43466e+00       2.93910e-01       1.05441e+00
  334  3.34e-04      1.43192e+00       2.75698e-01       1.04651e+00
  335  3.35e-04      1.43264e+00       3.50512e-01       1.07193e+00
  336  3.36e-04      1.42757e+00       3.06514e-01       1.05389e+00
  337  3.37e-04      1.43480e+00       2.83187e-01       1.05093e+00
  338  3.38e-04      1.42522e+00       3.26518e-01       1.05899e+00
  339  3.39e-04      1.42248e+00       2.72317e-01       1.03909e+00
  340  3.40e-04      1.43042e+00       3.29971e-01       1.06361e+00
  341  3.41e-04      1.43986e+00       3.33067e-01       1.07093e+00
  342  3.42e-04      1.42941e+00       2.34735e-01       1.03119e+00
  343  3.43e-04      1.43007e+00       3.65661e-01       1.07527e+00
  344  3.44e-04      1.43690e+00       3.30309e-01       1.06803e+00
  345  3.45e-04      1.44376e+00       3.15801e-01       1.06777e+00
  346  3.46e-04      1.44011e+00       3.02190e-01       1.06080e+00
  347  3.47e-04      1.42678e+00       3.15219e-01       1.05626e+00
  348  3.48e-04      1.43564e+00       3.02409e-01       1.05790e+00
  349  3.49e-04      1.43128e+00       3.23535e-01       1.06203e+00
  350  3.50e-04      1.42879e+00       3.45591e-01       1.06772e+00
  351  3.51e-04      1.43231e+00       3.77769e-01       1.08079e+00
  352  3.52e-04      1.43906e+00       3.28040e-01       1.06872e+00
  353  3.53e-04      1.45494e+00       3.50594e-01       1.08683e+00
  354  3.54e-04      1.44862e+00       3.52405e-01       1.08321e+00
  355  3.55e-04      1.46053e+00       2.66774e-01       1.06261e+00
  356  3.56e-04      1.45327e+00       3.39452e-01       1.08200e+00
  357  3.57e-04      1.47463e+00       3.14680e-01       1.08798e+00
  358  3.58e-04      1.45894e+00       3.29668e-01       1.08252e+00
  359  3.59e-04      1.46108e+00       2.85831e-01       1.06933e+00
  360  3.60e-04      1.45757e+00       3.54878e-01       1.09001e+00
  361  3.61e-04      1.45506e+00       2.87333e-01       1.06582e+00
  362  3.62e-04      1.45123e+00       3.13850e-01       1.07210e+00
  363  3.63e-04      1.44942e+00       3.11660e-01       1.07017e+00
  364  3.64e-04      1.43259e+00       3.25086e-01       1.06342e+00
  365  3.65e-04      1.43527e+00       3.20899e-01       1.06382e+00
  366  3.66e-04      1.42933e+00       2.72936e-01       1.04386e+00
  367  3.67e-04      1.43607e+00       3.27848e-01       1.06666e+00
  368  3.68e-04      1.43342e+00       3.28446e-01       1.06509e+00
  369  3.69e-04      1.44296e+00       3.03796e-01       1.06324e+00
  370  3.70e-04      1.43305e+00       2.43506e-01       1.03653e+00
  371  3.71e-04      1.44135e+00       3.24638e-01       1.06911e+00
  372  3.72e-04      1.44730e+00       2.86505e-01       1.06037e+00
  373  3.73e-04      1.44228e+00       2.33440e-01       1.03933e+00
  374  3.74e-04      1.44512e+00       2.76235e-01       1.05549e+00
  375  3.75e-04      1.46643e+00       2.44349e-01       1.05907e+00
  376  3.76e-04      1.46048e+00       2.44870e-01       1.05528e+00
  377  3.77e-04      1.47525e+00       2.57651e-01       1.06939e+00
  378  3.78e-04      1.47374e+00       2.78489e-01       1.07532e+00
  379  3.79e-04      1.47133e+00       2.65121e-01       1.06926e+00
  380  3.80e-04      1.46028e+00       3.24424e-01       1.08166e+00
  381  3.81e-04      1.49268e+00       2.89512e-01       1.09162e+00
  382  3.82e-04      1.48797e+00       3.07184e-01       1.09437e+00
  383  3.83e-04      1.48777e+00       2.94481e-01       1.09001e+00
  384  3.84e-04      1.48964e+00       2.77707e-01       1.08566e+00
  385  3.85e-04      1.49122e+00       2.42372e-01       1.07494e+00
  386  3.86e-04      1.49875e+00       2.69208e-01       1.08890e+00
  387  3.87e-04      1.51837e+00       3.03041e-01       1.11326e+00
  388  3.88e-04      1.50383e+00       3.18067e-01       1.10858e+00
  389  3.89e-04      1.51492e+00       2.72767e-01       1.10087e+00
  390  3.90e-04      1.52041e+00       2.41885e-01       1.09423e+00
  391  3.91e-04      1.52489e+00       2.89015e-01       1.11293e+00
  392  3.92e-04      1.53169e+00       2.42550e-01       1.10198e+00
  393  3.93e-04      1.53685e+00       2.30737e-01       1.10148e+00
  394  3.94e-04      1.53471e+00       2.74448e-01       1.11462e+00
  395  3.95e-04      1.54698e+00       2.67158e-01       1.12037e+00
  396  3.96e-04      1.55510e+00       2.70488e-01       1.12690e+00
  397  3.97e-04      1.55801e+00       2.72269e-01       1.12943e+00
  398  3.98e-04      1.55093e+00       2.34248e-01       1.11204e+00
  399  3.99e-04      1.55342e+00       2.47759e-01       1.11820e+00
  400  4.00e-04      1.56444e+00       2.45596e-01       1.12482e+00
  401  4.01e-04      1.57777e+00       2.17594e-01       1.12438e+00
  402  4.02e-04      1.57362e+00       2.83352e-01       1.14353e+00
  403  4.03e-04      1.56974e+00       2.81432e-01       1.14030e+00
  404  4.04e-04      1.57162e+00       2.42019e-01       1.12842e+00
  405  4.05e-04      1.58703e+00       2.79771e-01       1.15128e+00
  406  4.06e-04      1.58990e+00       2.10653e-01       1.13015e+00
  407  4.07e-04      1.58503e+00       2.23786e-01       1.13128e+00
  408  4.08e-04      1.58599e+00       2.62897e-01       1.14496e+00
  409  4.09e-04      1.57546e+00       2.38634e-01       1.12985e+00
  410  4.10e-04      1.59296e+00       2.43488e-01       1.14314e+00
  411  4.11e-04      1.58962e+00       3.20723e-01       1.16665e+00
  412  4.12e-04      1.60062e+00       2.45076e-01       1.14877e+00
  413  4.13e-04      1.60415e+00       2.58951e-01       1.15575e+00
  414  4.14e-04      1.59798e+00       2.73278e-01       1.15641e+00
  415  4.15e-04      1.62382e+00       2.37878e-01       1.16184e+00
  416  4.16e-04      1.62184e+00       2.62453e-01       1.16871e+00
  417  4.17e-04      1.62825e+00       2.93702e-01       1.18340e+00
  418  4.18e-04      1.63315e+00       3.49135e-01       1.20515e+00
  419  4.19e-04      1.63277e+00       2.44616e-01       1.17005e+00
  420  4.20e-04      1.62907e+00       3.15715e-01       1.19128e+00
  421  4.21e-04      1.62614e+00       2.71771e-01       1.17468e+00
  422  4.22e-04      1.61068e+00       2.94883e-01       1.17208e+00
  423  4.23e-04      1.60990e+00       2.25401e-01       1.14840e+00
  424  4.24e-04      1.62320e+00       3.03731e-01       1.18337e+00
  425  4.25e-04      1.62027e+00       2.47042e-01       1.16253e+00
  426  4.26e-04      1.62552e+00       3.31966e-01       1.19434e+00
  427  4.27e-04      1.62857e+00       3.20113e-01       1.19242e+00
  428  4.28e-04      1.63354e+00       3.05828e-01       1.19097e+00
  429  4.29e-04      1.65110e+00       3.22121e-01       1.20811e+00
  430  4.30e-04      1.63801e+00       2.48705e-01       1.17491e+00
  431  4.31e-04      1.63047e+00       2.87771e-01       1.18290e+00
  432  4.32e-04      1.63695e+00       2.46940e-01       1.17362e+00
  433  4.33e-04      1.64152e+00       3.05669e-01       1.19623e+00
  434  4.34e-04      1.66056e+00       3.01731e-01       1.20761e+00
  435  4.35e-04      1.67305e+00       3.40004e-01       1.22870e+00
  436  4.36e-04      1.66871e+00       2.99272e-01       1.21223e+00
  437  4.37e-04      1.65166e+00       2.71468e-01       1.19159e+00
  438  4.38e-04      1.64286e+00       2.76669e-01       1.18746e+00
  439  4.39e-04      1.64942e+00       2.92764e-01       1.19720e+00
  440  4.40e-04      1.65682e+00       2.37997e-01       1.18388e+00
  441  4.41e-04      1.66279e+00       2.99210e-01       1.20826e+00
  442  4.42e-04      1.66777e+00       2.97081e-01       1.21087e+00
  443  4.43e-04      1.65870e+00       2.86393e-01       1.20127e+00
  444  4.44e-04      1.64927e+00       2.68135e-01       1.18889e+00
  445  4.45e-04      1.68106e+00       3.41665e-01       1.23460e+00
  446  4.46e-04      1.69346e+00       2.55053e-01       1.21399e+00
  447  4.47e-04      1.68532e+00       3.15122e-01       1.22859e+00
  448  4.48e-04      1.69218e+00       3.29098e-01       1.23782e+00
  449  4.49e-04      1.70105e+00       2.96806e-01       1.23297e+00
  450  4.50e-04      1.71196e+00       3.23285e-01       1.24907e+00
  451  4.51e-04      1.71982e+00       3.37123e-01       1.25892e+00
  452  4.52e-04      1.72965e+00       2.53622e-01       1.23764e+00
  453  4.53e-04      1.72636e+00       3.06740e-01       1.25315e+00
  454  4.54e-04      1.73046e+00       2.90303e-01       1.25041e+00
  455  4.55e-04      1.72010e+00       2.57264e-01       1.23248e+00
  456  4.56e-04      1.72501e+00       3.19882e-01       1.25663e+00
  457  4.57e-04      1.72919e+00       2.49092e-01       1.23583e+00
  458  4.58e-04      1.72460e+00       3.04332e-01       1.25118e+00
  459  4.59e-04      1.71075e+00       2.84426e-01       1.23531e+00
  460  4.60e-04      1.72510e+00       2.78820e-01       1.24301e+00
  461  4.61e-04      1.73121e+00       3.06923e-01       1.25645e+00
  462  4.62e-04      1.73322e+00       3.57960e-01       1.27480e+00
  463  4.63e-04      1.74284e+00       2.71342e-01       1.25234e+00
  464  4.64e-04      1.76404e+00       3.52160e-01       1.29341e+00
  465  4.65e-04      1.77704e+00       3.45066e-01       1.29972e+00
  466  4.66e-04      1.78034e+00       2.87065e-01       1.28258e+00
  467  4.67e-04      1.79808e+00       3.53216e-01       1.31646e+00
  468  4.68e-04      1.80308e+00       3.26610e-01       1.31092e+00
  469  4.69e-04      1.81551e+00       3.34460e-01       1.32183e+00
  470  4.70e-04      1.80947e+00       2.84142e-01       1.30103e+00
  471  4.71e-04      1.81639e+00       3.00105e-01       1.31096e+00
  472  4.72e-04      1.82861e+00       3.16576e-01       1.32460e+00
  473  4.73e-04      1.83816e+00       3.23867e-01       1.33340e+00
  474  4.74e-04      1.85315e+00       3.41711e-01       1.34934e+00
  475  4.75e-04      1.84983e+00       3.32806e-01       1.34416e+00
  476  4.76e-04      1.85650e+00       3.30648e-01       1.34788e+00
  477  4.77e-04      1.87001e+00       3.42742e-01       1.36092e+00
  478  4.78e-04      1.87166e+00       3.56398e-01       1.36658e+00
  479  4.79e-04      1.87184e+00       3.45745e-01       1.36314e+00
  480  4.80e-04      1.85786e+00       2.96349e-01       1.33735e+00
  481  4.81e-04      1.85875e+00       3.17809e-01       1.34511e+00
  482  4.82e-04      1.86416e+00       3.15080e-01       1.34780e+00
  483  4.83e-04      1.86282e+00       2.82375e-01       1.33600e+00
  484  4.84e-04      1.86903e+00       3.57929e-01       1.36533e+00
  485  4.85e-04      1.87373e+00       3.21800e-01       1.35642e+00
  486  4.86e-04      1.86534e+00       3.61057e-01       1.36391e+00
  487  4.87e-04      1.88111e+00       3.58055e-01       1.37342e+00
  488  4.88e-04      1.90320e+00       3.71512e-01       1.39264e+00
  489  4.89e-04      1.91982e+00       2.96712e-01       1.37879e+00
  490  4.90e-04      1.91790e+00       3.23847e-01       1.38655e+00
  491  4.91e-04      1.90795e+00       3.66242e-01       1.39405e+00
  492  4.92e-04      1.91378e+00       3.25511e-01       1.38436e+00
  493  4.93e-04      1.90534e+00       3.51466e-01       1.38738e+00
  494  4.94e-04      1.90178e+00       3.20926e-01       1.37483e+00
  495  4.95e-04      1.91424e+00       4.14707e-01       1.41440e+00
  496  4.96e-04      1.90960e+00       3.17268e-01       1.37882e+00
  497  4.97e-04      1.90343e+00       3.50050e-01       1.38564e+00
  498  4.98e-04      1.91537e+00       3.27367e-01       1.38604e+00
  499  4.99e-04      1.90451e+00       3.19483e-01       1.37617e+00
