Delta = -5.172e-01 gamma
 step      t        T_in_plane/mK   T_out_of_plane/mK   T_tot/mK
    0  0.00e+00      5.59308e+00       0.00000e+00       3.72872e+00
    1  2.00e-06      5.47034e+00       2.16838e-03       3.64762e+00
    2  4.00e-06      5.49817e+00       2.74998e-03       3.66636e+00
    3  6.00e-06      5.57809e+00       5.23115e-03       3.72047e+00
    4  8.00e-06      5.57822e+00       6.66198e-03       3.72104e+00
    5  1.00e-05      5.54765e+00       8.08388e-03       3.70113e+00
    6  1.20e-05      5.56219e+00       9.09700e-03       3.71116e+00
    7  1.40e-05      5.58629e+00       1.25243e-02       3.72837e+00
    8  1.60e-05      5.56075e+00       1.61033e-02       3.71253e+00
    9  1.80e-05      5.59168e+00       1.63409e-02       3.73324e+00
   10  2.00e-05      5.59505e+00       1.49681e-02       3.73502e+00
   11  2.20e-05      5.59397e+00       1.91911e-02       3.73571e+00
   12  2.40e-05      5.61768e+00       1.83444e-02       3.75124e+00
   13  2.60e-05      5.62268e+00       1.96839e-02       3.75501e+00
   14  2.80e-05      5.58469e+00       1.88214e-02       3.72940e+00
   15  3.00e-05      5.58616e+00       2.16532e-02       3.73133e+00
   16  3.20e-05      5.55555e+00       2.48045e-02       3.71197e+00
   17  3.40e-05      5.59139e+00       2.87755e-02       3.73719e+00
   18  3.60e-05      5.54042e+00       3.18783e-02       3.70424e+00
   19  3.80e-05      5.55941e+00       3.50795e-02       3.71797e+00
   20  4.00e-05      5.60749e+00       3.37491e-02       3.74958e+00
   21  4.20e-05      5.57625e+00       3.45399e-02       3.72901e+00
   22  4.40e-05      5.59856e+00       3.17194e-02       3.74295e+00
   23  4.60e-05      5.63036e+00       3.36920e-02       3.76480e+00
   24  4.80e-05      5.69125e+00       3.64086e-02       3.80630e+00
   25  5.00e-05      5.69057e+00       4.17595e-02       3.80764e+00
   26  5.20e-05      5.68072e+00       3.56117e-02       3.79902e+00
   27  5.40e-05      5.66740e+00       4.35011e-02       3.79277e+00
   28  5.60e-05      5.68619e+00       4.42491e-02       3.80554e+00
   29  5.80e-05      5.68871e+00       3.73165e-02       3.80492e+00
   30  6.00e-05      5.65893e+00       4.00614e-02       3.78597e+00
   31  6.20e-05      5.63264e+00       4.42115e-02       3.76983e+00
   32  6.40e-05      5.65483e+00       3.96431e-02       3.78310e+00
   33  6.60e-05      5.67168e+00       4.84954e-02       3.79728e+00
   34  6.80e-05      5.64642e+00       5.73113e-02       3.78338e+00
   35  7.00e-05      5.61938e+00       5.36110e-02       3.76413e+00
   36  7.20e-05      5.64238e+00       6.45517e-02       3.78311e+00
   37  7.40e-05      5.60976e+00       6.21508e-02       3.76056e+00
   38  7.60e-05      5.51732e+00       6.38033e-02       3.69948e+00
   39  7.80e-05      5.54149e+00       7.07240e-02       3.71790e+00
   40  8.00e-05      5.52363e+00       7.26576e-02       3.70664e+00
   41  8.20e-05      5.48724e+00       5.56721e-02       3.67671e+00
   42  8.40e-05      5.43390e+00       6.13464e-02       3.64305e+00
   43  8.60e-05      5.44499e+00       7.08461e-02       3.65361e+00
   44  8.80e-05      5.47610e+00       8.22561e-02       3.67815e+00
   45  9.00e-05      5.48794e+00       7.87735e-02       3.68489e+00
   46  9.20e-05      5.50350e+00       7.92528e-02       3.69542e+00
   47  9.40e-05      5.50369e+00       8.66723e-02       3.69802e+00
   48  9.60e-05      5.51997e+00       7.87427e-02       3.70623e+00
   49  9.80e-05      5.50177e+00       7.52685e-02       3.69294e+00
   50  1.00e-04      5.53550e+00       9.73910e-02       3.72280e+00
   51  1.02e-04      5.50637e+00       7.61072e-02       3.69628e+00
   52  1.04e-04      5.48456e+00       1.03780e-01       3.69096e+00
   53  1.06e-04      5.45926e+00       9.35984e-02       3.67070e+00
   54  1.08e-04      5.51297e+00       8.57335e-02       3.70389e+00
   55  1.10e-04      5.52757e+00       9.03421e-02       3.71516e+00
   56  1.12e-04      5.56166e+00       1.07579e-01       3.74363e+00
   57  1.14e-04      5.57615e+00       9.35645e-02       3.74862e+00
   58  1.16e-04      5.54227e+00       8.76603e-02       3.72407e+00
   59  1.18e-04      5.54801e+00       9.38480e-02       3.72995e+00
   60  1.20e-04      5.56182e+00       1.11681e-01       3.74511e+00
   61  1.22e-04      5.57513e+00       9.76898e-02       3.74932e+00
   62  1.24e-04      5.62242e+00       9.85158e-02       3.78112e+00
   63  1.26e-04      5.63306e+00       1.14962e-01       3.79370e+00
   64  1.28e-04      5.66253e+00       1.19421e-01       3.81483e+00
   65  1.30e-04      5.68128e+00       9.89266e-02       3.82049e+00
   66  1.32e-04      5.65055e+00       1.10771e-01       3.80396e+00
   67  1.34e-04      5.66350e+00       1.01082e-01       3.80936e+00
   68  1.36e-04      5.67553e+00       1.24264e-01       3.82511e+00
   69  1.38e-04      5.66278e+00       1.14822e-01       3.81346e+00
   70  1.40e-04      5.67392e+00       1.15866e-01       3.82123e+00
   71  1.42e-04      5.67597e+00       1.02638e-01       3.81820e+00
   72  1.44e-04      5.66629e+00       1.44491e-01       3.82569e+00
   73  1.46e-04      5.69081e+00       1.06730e-01       3.82945e+00
   74  1.48e-04      5.68046e+00       1.09540e-01       3.82349e+00
   75  1.50e-04      5.69867e+00       1.15365e-01       3.83757e+00
   76  1.52e-04      5.71956e+00       1.55210e-01       3.86478e+00
   77  1.54e-04      5.80282e+00       1.24110e-01       3.90992e+00
   78  1.56e-04      5.86901e+00       1.29276e-01       3.95577e+00
   79  1.58e-04      5.86313e+00       1.30514e-01       3.95226e+00
   80  1.60e-04      5.86604e+00       1.40730e-01       3.95760e+00
   81  1.62e-04      5.86743e+00       1.36549e-01       3.95714e+00
   82  1.64e-04      5.85341e+00       1.60321e-01       3.95571e+00
   83  1.66e-04      5.85120e+00       1.30795e-01       3.94440e+00
   84  1.68e-04      5.88961e+00       1.69133e-01       3.98278e+00
   85  1.70e-04      5.95357e+00       1.35693e-01       4.01428e+00
   86  1.72e-04      6.00926e+00       1.46235e-01       4.05492e+00
   87  1.74e-04      6.06596e+00       1.55705e-01       4.09588e+00
   88  1.76e-04      6.06953e+00       1.63042e-01       4.10070e+00
   89  1.78e-04      6.09466e+00       1.44203e-01       4.11118e+00
   90  1.80e-04      6.08467e+00       1.75492e-01       4.11494e+00
   91  1.82e-04      6.07235e+00       1.33951e-01       4.09288e+00
   92  1.84e-04      6.09029e+00       1.60780e-01       4.11379e+00
   93  1.86e-04      6.10869e+00       1.53080e-01       4.12349e+00
   94  1.88e-04      6.08183e+00       1.52998e-01       4.10555e+00
   95  1.90e-04      6.13130e+00       1.46028e-01       4.13621e+00
   96  1.92e-04      6.15412e+00       1.79395e-01       4.16254e+00
   97  1.94e-04      6.16952e+00       1.89389e-01       4.17614e+00
   98  1.96e-04      6.19592e+00       1.56697e-01       4.18285e+00
   99  1.98e-04      6.19298e+00       1.77532e-01       4.18783e+00
  100  2.00e-04      6.16297e+00       2.03123e-01       4.17635e+00
  101  2.02e-04      6.13473e+00       1.70329e-01       4.14660e+00
  102  2.04e-04      6.18158e+00       2.09266e-01       4.19081e+00
  103  2.06e-04      6.13232e+00       1.34821e-01       4.13316e+00
  104  2.08e-04      6.12555e+00       2.07419e-01       4.15284e+00
  105  2.10e-04      6.09403e+00       2.06867e-01       4.13164e+00
  106  2.12e-04      6.12383e+00       2.06805e-01       4.15149e+00
  107  2.14e-04      6.07710e+00       1.77554e-01       4.11059e+00
  108  2.16e-04      6.10503e+00       2.25628e-01       4.14523e+00
  109  2.18e-04      6.09689e+00       2.02648e-01       4.13214e+00
  110  2.20e-04      6.05610e+00       2.03159e-01       4.10512e+00
  111  2.22e-04      6.04212e+00       1.68379e-01       4.08421e+00
  112  2.24e-04      6.00961e+00       2.12272e-01       4.07717e+00
  113  2.26e-04      5.99904e+00       1.94286e-01       4.06413e+00
  114  2.28e-04      6.05172e+00       1.96052e-01       4.09983e+00
  115  2.30e-04      6.08958e+00       1.82285e-01       4.12048e+00
  116  2.32e-04      6.08043e+00       2.17799e-01       4.12622e+00
  117  2.34e-04      6.17102e+00       1.88063e-01       4.17670e+00
  118  2.36e-04      6.15633e+00       1.87780e-01       4.16682e+00
  119  2.38e-04      6.14554e+00       1.87988e-01       4.15969e+00
  120  2.40e-04      6.07923e+00       2.47405e-01       4.13529e+00
  121  2.42e-04      6.06281e+00       2.09829e-01       4.11182e+00
  122  2.44e-04      6.03729e+00       1.64618e-01       4.07973e+00
  123  2.46e-04      6.09352e+00       1.75562e-01       4.12087e+00
  124  2.48e-04      6.09582e+00       2.40727e-01       4.14412e+00
  125  2.50e-04      6.05094e+00       2.21558e-01       4.10781e+00
  126  2.52e-04      6.05895e+00       2.41275e-01       4.11973e+00
  127  2.54e-04      6.04155e+00       2.32825e-01       4.10531e+00
  128  2.56e-04      6.02942e+00       2.34999e-01       4.09795e+00
  129  2.58e-04      6.06739e+00       2.71165e-01       4.13532e+00
  130  2.60e-04      6.10134e+00       2.80114e-01       4.16093e+00
  131  2.62e-04      6.08939e+00       2.26487e-01       4.13509e+00
  132  2.64e-04      6.07769e+00       3.08274e-01       4.15455e+00
  133  2.66e-04      6.14055e+00       2.52424e-01       4.17784e+00
  134  2.68e-04      6.16722e+00       2.30318e-01       4.18826e+00
  135  2.70e-04      6.14207e+00       2.18290e-01       4.16748e+00
  136  2.72e-04      6.12494e+00       2.86749e-01       4.17888e+00
  137  2.74e-04      6.19509e+00       2.46130e-01       4.21210e+00
  138  2.76e-04      6.15738e+00       2.43563e-01       4.18611e+00
  139  2.78e-04      6.21103e+00       2.64268e-01       4.22878e+00
  140  2.80e-04      6.27795e+00       2.37918e-01       4.26461e+00
  141  2.82e-04      6.26473e+00       2.72280e-01       4.26725e+00
  142  2.84e-04      6.30046e+00       2.85899e-01       4.29561e+00
  143  2.86e-04      6.34453e+00       2.12098e-01       4.30039e+00
  144  2.88e-04      6.40908e+00       2.82036e-01       4.36673e+00
  145  2.90e-04      6.47168e+00       2.77082e-01       4.40681e+00
  146  2.92e-04      6.48591e+00       2.47688e-01       4.40651e+00
  147  2.94e-04      6.51255e+00       2.94093e-01       4.43973e+00
  148  2.96e-04      6.50676e+00       2.84698e-01       4.43274e+00
  149  2.98e-04      6.53999e+00       2.96594e-01       4.45886e+00
  150  3.00e-04      6.56213e+00       3.21848e-01       4.48204e+00
  151  3.02e-04      6.58228e+00       2.47435e-01       4.47066e+00
  152  3.04e-04      6.53896e+00       2.81213e-01       4.45304e+00
  153  3.06e-04      6.56662e+00       2.82454e-01       4.47190e+00
  154  3.08e-04      6.58906e+00       2.78594e-01       4.48557e+00
  155  3.10e-04      6.63464e+00       2.58753e-01       4.50934e+00
  156  3.12e-04      6.62020e+00       2.51611e-01       4.49734e+00
  157  3.14e-04      6.69867e+00       2.90756e-01       4.56270e+00
  158  3.16e-04      6.75292e+00       2.56830e-01       4.58755e+00
  159  3.18e-04      6.75447e+00       2.25365e-01       4.57810e+00
  160  3.20e-04      6.71738e+00       2.92256e-01       4.57567e+00
  161  3.22e-04      6.74161e+00       2.56102e-01       4.57977e+00
  162  3.24e-04      6.79589e+00       2.58010e-01       4.61659e+00
  163  3.26e-04      6.79671e+00       2.67630e-01       4.62035e+00
  164  3.28e-04      6.83261e+00       2.66664e-01       4.64396e+00
  165  3.30e-04      6.89214e+00       2.90506e-01       4.69160e+00
  166  3.32e-04      6.91713e+00       2.57756e-01       4.69734e+00
  167  3.34e-04      6.90999e+00       2.43433e-01       4.68780e+00
  168  3.36e-04      6.94714e+00       2.73165e-01       4.72248e+00
  169  3.38e-04      6.95649e+00       2.65281e-01       4.72609e+00
  170  3.40e-04      6.92940e+00       2.69099e-01       4.70930e+00
  171  3.42e-04      6.96977e+00       2.94727e-01       4.74475e+00
  172  3.44e-04      6.96386e+00       2.51154e-01       4.72629e+00
  173  3.46e-04      7.02775e+00       3.04286e-01       4.78659e+00
  174  3.48e-04      6.99668e+00       2.52582e-01       4.74865e+00
  175  3.50e-04      7.01286e+00       2.66027e-01       4.76392e+00
  176  3.52e-04      7.05545e+00       3.35490e-01       4.81546e+00
  177  3.54e-04      7.06951e+00       3.21222e-01       4.82008e+00
  178  3.56e-04      7.00989e+00       3.53131e-01       4.79097e+00
  179  3.58e-04      7.06720e+00       3.09619e-01       4.81467e+00
  180  3.60e-04      7.13560e+00       3.82351e-01       4.88452e+00
  181  3.62e-04      7.15161e+00       3.35185e-01       4.87947e+00
  182  3.64e-04      7.17460e+00       2.98364e-01       4.88252e+00
  183  3.66e-04      7.17695e+00       3.26747e-01       4.89355e+00
  184  3.68e-04      7.17867e+00       3.40831e-01       4.89939e+00
  185  3.70e-04      7.21766e+00       3.27745e-01       4.92102e+00
  186  3.72e-04      7.24545e+00       3.03646e-01       4.93152e+00
  187  3.74e-04      7.27719e+00       3.20898e-01       4.95843e+00
  188  3.76e-04      7.27717e+00       3.52264e-01       4.96886e+00
  189  3.78e-04      7.33432e+00       3.86599e-01       5.01841e+00
  190  3.80e-04      7.41299e+00       3.33486e-01       5.05316e+00
  191  3.82e-04      7.39159e+00       3.49894e-01       5.04436e+00
  192  3.84e-04      7.30499e+00       3.61301e-01       4.99043e+00
  193  3.86e-04      7.28910e+00       4.00119e-01       4.99277e+00
  194  3.88e-04      7.27279e+00       3.24151e-01       4.95658e+00
  195  3.90e-04      7.25513e+00       3.48138e-01       4.95280e+00
  196  3.92e-04      7.31023e+00       4.59817e-01       5.02676e+00
  197  3.94e-04      7.31861e+00       3.60935e-01       4.99938e+00
  198  3.96e-04      7.34923e+00       3.37241e-01       5.01190e+00
  199  3.98e-04      7.40303e+00       4.19875e-01       5.07531e+00
  200  4.00e-04      7.42133e+00       3.26929e-01       5.05653e+00
  201  4.02e-04      7.41303e+00       3.68298e-01       5.06479e+00
  202  4.04e-04      7.48055e+00       3.71343e-01       5.11081e+00
  203  4.06e-04      7.49338e+00       3.09662e-01       5.09881e+00
  204  4.08e-04      7.46968e+00       3.82677e-01       5.10735e+00
  205  4.10e-04      7.42512e+00       4.17702e-01       5.08931e+00
  206  4.12e-04      7.50843e+00       3.20246e-01       5.11237e+00
  207  4.14e-04      7.51536e+00       3.95753e-01       5.14216e+00
  208  4.16e-04      7.54529e+00       3.67795e-01       5.15279e+00
  209  4.18e-04      7.59958e+00       3.57697e-01       5.18562e+00
  210  4.20e-04      7.63027e+00       3.54101e-01       5.20488e+00
  211  4.22e-04      7.61145e+00       3.43702e-01       5.18887e+00
  212  4.24e-04      7.69384e+00       3.57951e-01       5.24854e+00
  213  4.26e-04      7.68119e+00       3.86013e-01       5.24946e+00
  214  4.28e-04      7.65250e+00       3.96426e-01       5.23381e+00
  215  4.30e-04      7.63053e+00       3.59444e-01       5.20683e+00
  216  4.32e-04      7.65178e+00       3.79020e-01       5.22752e+00
  217  4.34e-04      7.66961e+00       4.31694e-01       5.25697e+00
  218  4.36e-04      7.63347e+00       3.88326e-01       5.21842e+00
  219  4.38e-04      7.61727e+00       4.21877e-01       5.21881e+00
  220  4.40e-04      7.65764e+00       3.79732e-01       5.23167e+00
  221  4.42e-04      7.67679e+00       3.75330e-01       5.24297e+00
  222  4.44e-04      7.67630e+00       3.41490e-01       5.23136e+00
  223  4.46e-04      7.68753e+00       3.87464e-01       5.25418e+00
  224  4.48e-04      7.70717e+00       4.18877e-01       5.27774e+00
  225  4.50e-04      7.77170e+00       3.65798e-01       5.30306e+00
  226  4.52e-04      7.78400e+00       4.20963e-01       5.32965e+00
  227  4.54e-04      7.82417e+00       4.72881e-01       5.37374e+00
  228  4.56e-04      7.81792e+00       4.34997e-01       5.35695e+00
  229  4.58e-04      7.83541e+00       4.40133e-01       5.37032e+00
  230  4.60e-04      7.89681e+00       4.05587e-01       5.39973e+00
  231  4.62e-04      7.89370e+00       4.23078e-01       5.40349e+00
  232  4.64e-04      7.86060e+00       4.61552e-01       5.39425e+00
  233  4.66e-04      7.93785e+00       4.17186e-01       5.43096e+00
  234  4.68e-04      7.89805e+00       4.03762e-01       5.39995e+00
  235  4.70e-04      7.91502e+00       4.86622e-01       5.43888e+00
  236  4.72e-04      7.90209e+00       4.24271e-01       5.40948e+00
  237  4.74e-04      7.85498e+00       3.62712e-01       5.35756e+00
  238  4.76e-04      7.85913e+00       4.33421e-01       5.38390e+00
  239  4.78e-04      7.88351e+00       4.46388e-01       5.40447e+00
  240  4.80e-04      7.95485e+00       4.63996e-01       5.45790e+00
  241  4.82e-04      8.02631e+00       4.77577e-01       5.51007e+00
  242  4.84e-04      8.09168e+00       3.80114e-01       5.52116e+00
  243  4.86e-04      8.09984e+00       4.36705e-01       5.54546e+00
  244  4.88e-04      8.07023e+00       4.65355e-01       5.53527e+00
  245  4.90e-04      8.12766e+00       4.04618e-01       5.55331e+00
  246  4.92e-04      8.14077e+00       4.75229e-01       5.58559e+00
  247  4.94e-04      8.18407e+00       4.60637e-01       5.60959e+00
  248  4.96e-04      8.17278e+00       4.43344e-01       5.59630e+00
  249  4.98e-04      8.13160e+00       3.85202e-01       5.54947e+00
  250  5.00e-04      8.12741e+00       4.84849e-01       5.57989e+00
  251  5.02e-04      8.11894e+00       5.07287e-01       5.58172e+00
  252  5.04e-04      8.14005e+00       3.98126e-01       5.55941e+00
  253  5.06e-04      8.15091e+00       4.51580e-01       5.58447e+00
  254  5.08e-04      8.15837e+00       4.83925e-01       5.60022e+00
  255  5.10e-04      8.19006e+00       4.69978e-01       5.61670e+00
  256  5.12e-04      8.25730e+00       5.26294e-01       5.68030e+00
  257  5.14e-04      8.21624e+00       4.48513e-01       5.62700e+00
  258  5.16e-04      8.13587e+00       4.56414e-01       5.57605e+00
  259  5.18e-04      8.15970e+00       4.34338e-01       5.58458e+00
  260  5.20e-04      8.14881e+00       4.47296e-01       5.58164e+00
  261  5.22e-04      8.12917e+00       5.08850e-01       5.58907e+00
  262  5.24e-04      8.10168e+00       4.66678e-01       5.55668e+00
  263  5.26e-04      8.09020e+00       4.79945e-01       5.55345e+00
  264  5.28e-04      8.09127e+00       4.92769e-01       5.55844e+00
  265  5.30e-04      8.16405e+00       5.33355e-01       5.62049e+00
  266  5.32e-04      8.08754e+00       5.04709e-01       5.55993e+00
  267  5.34e-04      8.12284e+00       4.95304e-01       5.58033e+00
  268  5.36e-04      8.10866e+00       5.36188e-01       5.58450e+00
  269  5.38e-04      8.09651e+00       4.75063e-01       5.55603e+00
  270  5.40e-04      8.17921e+00       5.49010e-01       5.63581e+00
  271  5.42e-04      8.25986e+00       4.24678e-01       5.64814e+00
  272  5.44e-04      8.23748e+00       4.84909e-01       5.65329e+00
  273  5.46e-04      8.28356e+00       6.21309e-01       5.72947e+00
  274  5.48e-04      8.32373e+00       5.04360e-01       5.71727e+00
  275  5.50e-04      8.35965e+00       5.21847e-01       5.74705e+00
  276  5.52e-04      8.35674e+00       5.98985e-01       5.77082e+00
  277  5.54e-04      8.34948e+00       4.52968e-01       5.71731e+00
  278  5.56e-04      8.36465e+00       5.21252e-01       5.75019e+00
  279  5.58e-04      8.34436e+00       5.90026e-01       5.75958e+00
  280  5.60e-04      8.32884e+00       5.06955e-01       5.72155e+00
  281  5.62e-04      8.41546e+00       5.26170e-01       5.78570e+00
  282  5.64e-04      8.43192e+00       5.57823e-01       5.80722e+00
  283  5.66e-04      8.47141e+00       5.37017e-01       5.82661e+00
  284  5.68e-04      8.51121e+00       5.15115e-01       5.84584e+00
  285  5.70e-04      8.54749e+00       4.87568e-01       5.86085e+00
  286  5.72e-04      8.44104e+00       4.58060e-01       5.78005e+00
  287  5.74e-04      8.52551e+00       5.02635e-01       5.85122e+00
  288  5.76e-04      8.54390e+00       4.75597e-01       5.85447e+00
  289  5.78e-04      8.57528e+00       4.83303e-01       5.87796e+00
  290  5.80e-04      8.68477e+00       5.36461e-01       5.96867e+00
  291  5.82e-04      8.67086e+00       5.87146e-01       5.97629e+00
  292  5.84e-04      8.73116e+00       5.14840e-01       5.99239e+00
  293  5.86e-04      8.72360e+00       5.03517e-01       5.98357e+00
  294  5.88e-04      8.74714e+00       5.72519e-01       6.02227e+00
  295  5.90e-04      8.76350e+00       5.73080e-01       6.03336e+00
  296  5.92e-04      8.77381e+00       5.91020e-01       6.04621e+00
  297  5.94e-04      8.76521e+00       5.01274e-01       6.01056e+00
  298  5.96e-04      8.91057e+00       5.65452e-01       6.12887e+00
  299  5.98e-04      8.86260e+00       5.37076e-01       6.08743e+00
  300  6.00e-04      8.91638e+00       5.35633e-01       6.12280e+00
  301  6.02e-04      8.90481e+00       5.33551e-01       6.11439e+00
  302  6.04e-04      8.96725e+00       5.95603e-01       6.17670e+00
  303  6.06e-04      9.00690e+00       5.26013e-01       6.17994e+00
  304  6.08e-04      9.05433e+00       5.67209e-01       6.22529e+00
  305  6.10e-04      9.03319e+00       4.80630e-01       6.18234e+00
  306  6.12e-04      9.07348e+00       6.07346e-01       6.25144e+00
  307  6.14e-04      9.07576e+00       5.47167e-01       6.23289e+00
  308  6.16e-04      9.15170e+00       5.18532e-01       6.27398e+00
  309  6.18e-04      9.17723e+00       5.72728e-01       6.30906e+00
  310  6.20e-04      9.18724e+00       5.09043e-01       6.29450e+00
  311  6.22e-04      9.15568e+00       6.28300e-01       6.31322e+00
  312  6.24e-04      9.18277e+00       5.85928e-01       6.31715e+00
  313  6.26e-04      9.16897e+00       6.21915e-01       6.31995e+00
  314  6.28e-04      9.22321e+00       5.39758e-01       6.32873e+00
  315  6.30e-04      9.17387e+00       4.87861e-01       6.27853e+00
  316  6.32e-04      9.25506e+00       5.12485e-01       6.34087e+00
  317  6.34e-04      9.25579e+00       5.55090e-01       6.35556e+00
  318  6.36e-04      9.24623e+00       5.09467e-01       6.33398e+00
  319  6.38e-04      9.25194e+00       6.65191e-01       6.38969e+00
  320  6.40e-04      9.35481e+00       5.06585e-01       6.40540e+00
  321  6.42e-04      9.31445e+00       6.59728e-01       6.42954e+00
  322  6.44e-04      9.40317e+00       6.17967e-01       6.47477e+00
  323  6.46e-04      9.36562e+00       6.43470e-01       6.45824e+00
  324  6.48e-04      9.38459e+00       6.29035e-01       6.46607e+00
  325  6.50e-04      9.45757e+00       5.87531e-01       6.50089e+00
  326  6.52e-04      9.48715e+00       5.94386e-01       6.52289e+00
  327  6.54e-04      9.47433e+00       5.92409e-01       6.51369e+00
  328  6.56e-04      9.51027e+00       5.32957e-01       6.51783e+00
  329  6.58e-04      9.46686e+00       6.01620e-01       6.51178e+00
  330  6.60e-04      9.42397e+00       6.25446e-01       6.49113e+00
  331  6.62e-04      9.45978e+00       6.60505e-01       6.52669e+00
  332  6.64e-04      9.50923e+00       6.43355e-01       6.55394e+00
  333  6.66e-04      9.58710e+00       5.94184e-01       6.58946e+00
  334  6.68e-04      9.56929e+00       6.28916e-01       6.58916e+00
  335  6.70e-04      9.60089e+00       6.76130e-01       6.62597e+00
  336  6.72e-04      9.57878e+00       5.30322e-01       6.56263e+00
  337  6.74e-04      9.57179e+00       5.20860e-01       6.55482e+00
  338  6.76e-04      9.63198e+00       6.45949e-01       6.63664e+00
  339  6.78e-04      9.67781e+00       6.47701e-01       6.66778e+00
  340  6.80e-04      9.66921e+00       6.81177e-01       6.67320e+00
  341  6.82e-04      9.70694e+00       7.13771e-01       6.70921e+00
  342  6.84e-04      9.82014e+00       5.84799e-01       6.74169e+00
  343  6.86e-04      9.89297e+00       7.07073e-01       6.83100e+00
  344  6.88e-04      9.87989e+00       6.65279e-01       6.80836e+00
  345  6.90e-04      9.86142e+00       6.79989e-01       6.80094e+00
  346  6.92e-04      9.78806e+00       5.87342e-01       6.72115e+00
  347  6.94e-04      9.83070e+00       7.34657e-01       6.79868e+00
  348  6.96e-04      9.81566e+00       6.18616e-01       6.74998e+00
  349  6.98e-04      9.81749e+00       7.72063e-01       6.80235e+00
  350  7.00e-04      9.79946e+00       6.30342e-01       6.74308e+00
  351  7.02e-04      9.86771e+00       7.25871e-01       6.82043e+00
  352  7.04e-04      9.87009e+00       6.68131e-01       6.80277e+00
  353  7.06e-04      9.92552e+00       7.33740e-01       6.86159e+00
  354  7.08e-04      9.87200e+00       5.82334e-01       6.77544e+00
  355  7.10e-04      9.94746e+00       7.27469e-01       6.87413e+00
  356  7.12e-04      9.99812e+00       6.79053e-01       6.89176e+00
  357  7.14e-04      9.99428e+00       7.87160e-01       6.92524e+00
  358  7.16e-04      9.96391e+00       7.17617e-01       6.88181e+00
  359  7.18e-04      1.00459e+01       6.61630e-01       6.91779e+00
  360  7.20e-04      9.96972e+00       7.95590e-01       6.91168e+00
  361  7.22e-04      1.00595e+01       7.49161e-01       6.95606e+00
  362  7.24e-04      1.00940e+01       7.51807e-01       6.97995e+00
  363  7.26e-04      1.01122e+01       7.13039e-01       6.97913e+00
  364  7.28e-04      1.01049e+01       7.16494e-01       6.97540e+00
  365  7.30e-04      1.00956e+01       6.34489e-01       6.94190e+00
  366  7.32e-04      1.00385e+01       7.51954e-01       6.94295e+00
  367  7.34e-04      1.00481e+01       7.51442e-01       6.94924e+00
  368  7.36e-04      1.01331e+01       6.40797e-01       6.96897e+00
  369  7.38e-04      1.00850e+01       7.86731e-01       6.98558e+00
  370  7.40e-04      1.01067e+01       7.65220e-01       6.99291e+00
  371  7.42e-04      1.02349e+01       6.40094e-01       7.03662e+00
  372  7.44e-04      1.01372e+01       8.07710e-01       7.02734e+00
  373  7.46e-04      1.01290e+01       6.79748e-01       6.97922e+00
  374  7.48e-04      1.00964e+01       7.15904e-01       6.96959e+00
  375  7.50e-04      1.00706e+01       8.75800e-01       7.00564e+00
  376  7.52e-04      1.01767e+01       6.14358e-01       6.98926e+00
  377  7.54e-04      1.01949e+01       8.04429e-01       7.06473e+00
  378  7.56e-04      1.02357e+01       8.53842e-01       7.10842e+00
  379  7.58e-04      1.03376e+01       7.99623e-01       7.15827e+00
  380  7.60e-04      1.03876e+01       6.90814e-01       7.15532e+00
  381  7.62e-04      1.04363e+01       6.68795e-01       7.18045e+00
  382  7.64e-04      1.03922e+01       7.76239e-01       7.18685e+00
  383  7.66e-04      1.03367e+01       7.74429e-01       7.14929e+00
  384  7.68e-04      1.04119e+01       8.02397e-01       7.20876e+00
  385  7.70e-04      1.04252e+01       7.98858e-01       7.21640e+00
  386  7.72e-04      1.04557e+01       7.27125e-01       7.21286e+00
  387  7.74e-04      1.04216e+01       7.75191e-01       7.20616e+00
  388  7.76e-04      1.05276e+01       7.41669e-01       7.26561e+00
  389  7.78e-04      1.04590e+01       7.47824e-01       7.22195e+00
  390  7.80e-04      1.04965e+01       6.88489e-01       7.22713e+00
  391  7.82e-04      1.05209e+01       6.87962e-01       7.24326e+00
  392  7.84e-04      1.06418e+01       8.23531e-01       7.36903e+00
  393  7.86e-04      1.07390e+01       7.42554e-01       7.40685e+00
  394  7.88e-04      1.08316e+01       8.34267e-01       7.49918e+00
  395  7.90e-04      1.07827e+01       8.84601e-01       7.48335e+00
  396  7.92e-04      1.08974e+01       7.14402e-01       7.50304e+00
  397  7.94e-04      1.08424e+01       7.28797e-01       7.47123e+00
  398  7.96e-04      1.08438e+01       7.60871e-01       7.48285e+00
  399  7.98e-04      1.08555e+01       6.95947e-01       7.46896e+00
  400  8.00e-04      1.09518e+01       6.24213e-01       7.50927e+00
  401  8.02e-04      1.09773e+01       8.11226e-01       7.58859e+00
  402  8.04e-04      1.10419e+01       7.38302e-01       7.60738e+00
  403  8.06e-04      1.10245e+01       8.38266e-01       7.62907e+00
  404  8.08e-04      1.11016e+01       7.84964e-01       7.66274e+00
  405  8.10e-04      1.10830e+01       8.37808e-01       7.66794e+00
  406  8.12e-04      1.11122e+01       7.96969e-01       7.67376e+00
  407  8.14e-04      1.11288e+01       7.72484e-01       7.67670e+00
  408  8.16e-04      1.11568e+01       6.70271e-01       7.66131e+00
  409  8.18e-04      1.11520e+01       8.85131e-01       7.72971e+00
  410  8.20e-04      1.12308e+01       6.76047e-01       7.71254e+00
  411  8.22e-04      1.11825e+01       8.00559e-01       7.72187e+00
  412  8.24e-04      1.12693e+01       7.22901e-01       7.75381e+00
  413  8.26e-04      1.12892e+01       8.13798e-01       7.79738e+00
  414  8.28e-04      1.13719e+01       8.67213e-01       7.87033e+00
  415  8.30e-04      1.13921e+01       7.71916e-01       7.85205e+00
  416  8.32e-04      1.14018e+01       7.58306e-01       7.85397e+00
  417  8.34e-04      1.13879e+01       9.36564e-01       7.90409e+00
  418  8.36e-04      1.13961e+01       6.83674e-01       7.82529e+00
  419  8.38e-04      1.13538e+01       8.36479e-01       7.84802e+00
  420  8.40e-04      1.14179e+01       7.66038e-01       7.86725e+00
  421  8.42e-04      1.14196e+01       8.54245e-01       7.89781e+00
  422  8.44e-04      1.14511e+01       8.62972e-01       7.92170e+00
  423  8.46e-04      1.14756e+01       7.87197e-01       7.91279e+00
  424  8.48e-04      1.15270e+01       7.32572e-01       7.92888e+00
  425  8.50e-04      1.15860e+01       8.59033e-01       8.01037e+00
  426  8.52e-04      1.17216e+01       6.78089e-01       8.04042e+00
  427  8.54e-04      1.17489e+01       9.34562e-01       8.14412e+00
  428  8.56e-04      1.17762e+01       8.66802e-01       8.13976e+00
  429  8.58e-04      1.18116e+01       7.07880e-01       8.11035e+00
  430  8.60e-04      1.18052e+01       8.83510e-01       8.16464e+00
  431  8.62e-04      1.19017e+01       8.24447e-01       8.20925e+00
  432  8.64e-04      1.19488e+01       8.14747e-01       8.23747e+00
  433  8.66e-04      1.19556e+01       6.85896e-01       8.19905e+00
  434  8.68e-04      1.19361e+01       6.63355e-01       8.17851e+00
  435  8.70e-04      1.20748e+01       6.92870e-01       8.28083e+00
  436  8.72e-04      1.22472e+01       9.80248e-01       8.49154e+00
  437  8.74e-04      1.22751e+01       7.96080e-01       8.44875e+00
  438  8.76e-04      1.22195e+01       9.60644e-01       8.46656e+00
  439  8.78e-04      1.23262e+01       7.51612e-01       8.46802e+00
  440  8.80e-04      1.22054e+01       8.63473e-01       8.42476e+00
  441  8.82e-04      1.22365e+01       8.13447e-01       8.42878e+00
  442  8.84e-04      1.22461e+01       7.33022e-01       8.40839e+00
  443  8.86e-04      1.21944e+01       7.39198e-01       8.37599e+00
  444  8.88e-04      1.21514e+01       8.39829e-01       8.38087e+00
  445  8.90e-04      1.21860e+01       6.53839e-01       8.34193e+00
  446  8.92e-04      1.21496e+01       9.35626e-01       8.41160e+00
  447  8.94e-04      1.22246e+01       8.76885e-01       8.44201e+00
  448  8.96e-04      1.22086e+01       7.07331e-01       8.37485e+00
  449  8.98e-04      1.22860e+01       8.77599e-01       8.48319e+00
  450  9.00e-04      1.23230e+01       7.43324e-01       8.46312e+00
  451  9.02e-04      1.22966e+01       7.81293e-01       8.45814e+00
  452  9.04e-04      1.23922e+01       7.95673e-01       8.52670e+00
  453  9.06e-04      1.24740e+01       7.44302e-01       8.56411e+00
  454  9.08e-04      1.23972e+01       7.98603e-01       8.53103e+00
  455  9.10e-04      1.24026e+01       8.87570e-01       8.56422e+00
  456  9.12e-04      1.23403e+01       7.27510e-01       8.46935e+00
  457  9.14e-04      1.23837e+01       8.10340e-01       8.52592e+00
  458  9.16e-04      1.24205e+01       8.15263e-01       8.55211e+00
  459  9.18e-04      1.25418e+01       8.78527e-01       8.65402e+00
  460  9.20e-04      1.26349e+01       7.76536e-01       8.68209e+00
  461  9.22e-04      1.26241e+01       8.10177e-01       8.68614e+00
  462  9.24e-04      1.25841e+01       8.55056e-01       8.67445e+00
  463  9.26e-04      1.25797e+01       9.48865e-01       8.70279e+00
  464  9.28e-04      1.26559e+01       9.13175e-01       8.74163e+00
  465  9.30e-04      1.26640e+01       8.61773e-01       8.72991e+00
  466  9.32e-04      1.26288e+01       7.15720e-01       8.65776e+00
  467  9.34e-04      1.26138e+01       7.18228e-01       8.64862e+00
  468  9.36e-04      1.26685e+01       8.72442e-01       8.73648e+00
  469  9.38e-04      1.26883e+01       7.82435e-01       8.71965e+00
  470  9.40e-04      1.27652e+01       9.21897e-01       8.81746e+00
  471  9.42e-04      1.27661e+01       8.27760e-01       8.78667e+00
  472  9.44e-04      1.28306e+01       8.74751e-01       8.84532e+00
  473  9.46e-04      1.28274e+01       9.56569e-01       8.87049e+00
  474  9.48e-04      1.28686e+01       8.71994e-01       8.86971e+00
  475  9.50e-04      1.29630e+01       7.97268e-01       8.90778e+00
  476  9.52e-04      1.31438e+01       8.45476e-01       9.04436e+00
  477  9.54e-04      1.31754e+01       6.86836e-01       9.01253e+00
  478  9.56e-04      1.32017e+01       9.64712e-01       9.12269e+00
  479  9.58e-04      1.31026e+01       8.26454e-01       9.01053e+00
  480  9.60e-04      1.31726e+01       9.08881e-01       9.08468e+00
  481  9.62e-04      1.31383e+01       9.96893e-01       9.09120e+00
  482  9.64e-04      1.32452e+01       9.16412e-01       9.13559e+00
  483  9.66e-04      1.31985e+01       8.44069e-01       9.08034e+00
  484  9.68e-04      1.30832e+01       9.91386e-01       9.05262e+00
  485  9.70e-04      1.30758e+01       6.99441e-01       8.95032e+00
  486  9.72e-04      1.32064e+01       8.65840e-01       9.09289e+00
  487  9.74e-04      1.31969e+01       9.24244e-01       9.10602e+00
  488  9.76e-04      1.32477e+01       8.39728e-01       9.11169e+00
  489  9.78e-04      1.32443e+01       9.78146e-01       9.15560e+00
  490  9.80e-04      1.32467e+01       9.58412e-01       9.15060e+00
  491  9.82e-04      1.32860e+01       9.58294e-01       9.17680e+00
  492  9.84e-04      1.33970e+01       1.00238e+00       9.26546e+00
  493  9.86e-04      1.33886e+01       8.23943e-01       9.20039e+00
  494  9.88e-04      1.34878e+01       7.61901e-01       9.24582e+00
  495  9.90e-04      1.34699e+01       1.05324e+00       9.33102e+00
  496  9.92e-04      1.34475e+01       8.24582e-01       9.23985e+00
  497  9.94e-04      1.34123e+01       1.15005e+00       9.32490e+00
  498  9.96e-04      1.34051e+01       8.98774e-01       9.23632e+00
  499  9.98e-04      1.33799e+01       9.72362e-01       9.24403e+00
  500  1.00e-03      1.33957e+01       1.05105e+00       9.28082e+00
  501  1.00e-03      1.34758e+01       9.33592e-01       9.29507e+00
  502  1.00e-03      1.35029e+01       9.28824e-01       9.31154e+00
  503  1.01e-03      1.34863e+01       9.07762e-01       9.29344e+00
  504  1.01e-03      1.36168e+01       8.72335e-01       9.36865e+00
  505  1.01e-03      1.36812e+01       9.95681e-01       9.45267e+00
  506  1.01e-03      1.37999e+01       1.00414e+00       9.53462e+00
  507  1.01e-03      1.38523e+01       9.90109e-01       9.56492e+00
  508  1.02e-03      1.38288e+01       1.06210e+00       9.57324e+00
  509  1.02e-03      1.38751e+01       8.92797e-01       9.54767e+00
  510  1.02e-03      1.38670e+01       1.07611e+00       9.60340e+00
  511  1.02e-03      1.39941e+01       8.96349e-01       9.62819e+00
  512  1.02e-03      1.40738e+01       8.46429e-01       9.66468e+00
  513  1.03e-03      1.40584e+01       8.85743e-01       9.66749e+00
  514  1.03e-03      1.40883e+01       9.18830e-01       9.69848e+00
  515  1.03e-03      1.39956e+01       8.76021e-01       9.62243e+00
  516  1.03e-03      1.41279e+01       1.01607e+00       9.75731e+00
  517  1.03e-03      1.41955e+01       1.02090e+00       9.80398e+00
  518  1.04e-03      1.42869e+01       9.17534e-01       9.83044e+00
  519  1.04e-03      1.43688e+01       9.97547e-01       9.91172e+00
  520  1.04e-03      1.44220e+01       1.03848e+00       9.96083e+00
  521  1.04e-03      1.44937e+01       9.69557e-01       9.98562e+00
  522  1.04e-03      1.45791e+01       1.05039e+00       1.00695e+01
  523  1.05e-03      1.45394e+01       8.50202e-01       9.97632e+00
  524  1.05e-03      1.45454e+01       1.22414e+00       1.01050e+01
  525  1.05e-03      1.46733e+01       8.72070e-01       1.00729e+01
  526  1.05e-03      1.47212e+01       9.81268e-01       1.01412e+01
  527  1.05e-03      1.47959e+01       1.11058e+00       1.02341e+01
  528  1.06e-03      1.48205e+01       1.19792e+00       1.02796e+01
  529  1.06e-03      1.49467e+01       9.68201e-01       1.02872e+01
  530  1.06e-03      1.49904e+01       1.12227e+00       1.03677e+01
  531  1.06e-03      1.51499e+01       1.03400e+00       1.04446e+01
  532  1.06e-03      1.50759e+01       1.13721e+00       1.04297e+01
  533  1.07e-03      1.52459e+01       9.45420e-01       1.04791e+01
  534  1.07e-03      1.52988e+01       1.07542e+00       1.05577e+01
  535  1.07e-03      1.53051e+01       1.09854e+00       1.05696e+01
  536  1.07e-03      1.52367e+01       8.73293e-01       1.04489e+01
  537  1.07e-03      1.53149e+01       1.25430e+00       1.06280e+01
  538  1.08e-03      1.53613e+01       1.01679e+00       1.05798e+01
  539  1.08e-03      1.54178e+01       1.04933e+00       1.06283e+01
  540  1.08e-03      1.54014e+01       9.42332e-01       1.05817e+01
  541  1.08e-03      1.54706e+01       1.04457e+00       1.06619e+01
  542  1.08e-03      1.55602e+01       1.11097e+00       1.07438e+01
  543  1.09e-03      1.56606e+01       1.13336e+00       1.08182e+01
  544  1.09e-03      1.57066e+01       1.06106e+00       1.08248e+01
  545  1.09e-03      1.58198e+01       9.42529e-01       1.08607e+01
  546  1.09e-03      1.57153e+01       1.00835e+00       1.08130e+01
  547  1.09e-03      1.58056e+01       1.17214e+00       1.09278e+01
  548  1.10e-03      1.58708e+01       1.10208e+00       1.09479e+01
  549  1.10e-03      1.59604e+01       1.03064e+00       1.09838e+01
  550  1.10e-03      1.58735e+01       9.95420e-01       1.09141e+01
  551  1.10e-03      1.60303e+01       1.03721e+00       1.10326e+01
  552  1.10e-03      1.60701e+01       1.11573e+00       1.10853e+01
  553  1.11e-03      1.61446e+01       8.97450e-01       1.10622e+01
  554  1.11e-03      1.62184e+01       1.26678e+00       1.12346e+01
  555  1.11e-03      1.62829e+01       9.05226e-01       1.11570e+01
  556  1.11e-03      1.63585e+01       1.11466e+00       1.12772e+01
  557  1.11e-03      1.64304e+01       9.25845e-01       1.12622e+01
  558  1.12e-03      1.63759e+01       1.32362e+00       1.13585e+01
  559  1.12e-03      1.64970e+01       1.12551e+00       1.13732e+01
  560  1.12e-03      1.65868e+01       9.53910e-01       1.13758e+01
  561  1.12e-03      1.66401e+01       1.08632e+00       1.14555e+01
  562  1.12e-03      1.67474e+01       1.09762e+00       1.15308e+01
  563  1.13e-03      1.69177e+01       8.69206e-01       1.15682e+01
  564  1.13e-03      1.68605e+01       1.30111e+00       1.16740e+01
  565  1.13e-03      1.69993e+01       9.35410e-01       1.16447e+01
  566  1.13e-03      1.70514e+01       1.23774e+00       1.17802e+01
  567  1.13e-03      1.70224e+01       1.00483e+00       1.16832e+01
  568  1.14e-03      1.71956e+01       1.07209e+00       1.18211e+01
  569  1.14e-03      1.72665e+01       1.06892e+00       1.18673e+01
  570  1.14e-03      1.72536e+01       1.11554e+00       1.18743e+01
  571  1.14e-03      1.73199e+01       9.90743e-01       1.18768e+01
  572  1.14e-03      1.74595e+01       1.13424e+00       1.20177e+01
  573  1.15e-03      1.73985e+01       1.08689e+00       1.19613e+01
  574  1.15e-03      1.76449e+01       1.23819e+00       1.21760e+01
  575  1.15e-03      1.77141e+01       1.07386e+00       1.21674e+01
  576  1.15e-03      1.77465e+01       1.15153e+00       1.22148e+01
  577  1.15e-03      1.77825e+01       1.14133e+00       1.22354e+01
  578  1.16e-03      1.78115e+01       9.45784e-01       1.21896e+01
  579  1.16e-03      1.78412e+01       1.11071e+00       1.22644e+01
  580  1.16e-03      1.78809e+01       1.20149e+00       1.23211e+01
  581  1.16e-03      1.79323e+01       1.13510e+00       1.23333e+01
  582  1.16e-03      1.79722e+01       1.11099e+00       1.23518e+01
  583  1.17e-03      1.80086e+01       1.15556e+00       1.23910e+01
  584  1.17e-03      1.80826e+01       1.15021e+00       1.24385e+01
  585  1.17e-03      1.80297e+01       1.22020e+00       1.24265e+01
  586  1.17e-03      1.81970e+01       1.09473e+00       1.24962e+01
  587  1.17e-03      1.81118e+01       1.11013e+00       1.24446e+01
  588  1.18e-03      1.81533e+01       1.16020e+00       1.24890e+01
  589  1.18e-03      1.81655e+01       1.08344e+00       1.24715e+01
  590  1.18e-03      1.81680e+01       1.11407e+00       1.24833e+01
  591  1.18e-03      1.81516e+01       1.17394e+00       1.24924e+01
  592  1.18e-03      1.83916e+01       1.03968e+00       1.26077e+01
  593  1.19e-03      1.84023e+01       1.07852e+00       1.26277e+01
  594  1.19e-03      1.85098e+01       1.12198e+00       1.27138e+01
  595  1.19e-03      1.86675e+01       1.16676e+00       1.28339e+01
  596  1.19e-03      1.87024e+01       1.18660e+00       1.28638e+01
  597  1.19e-03      1.87723e+01       1.03691e+00       1.28605e+01
  598  1.20e-03      1.88645e+01       9.95892e-01       1.29083e+01
  599  1.20e-03      1.88529e+01       1.09785e+00       1.29346e+01
  600  1.20e-03      1.89350e+01       1.20578e+00       1.30253e+01
  601  1.20e-03      1.90146e+01       1.21150e+00       1.30802e+01
  602  1.20e-03      1.89815e+01       9.08694e-01       1.29572e+01
  603  1.21e-03      1.88712e+01       1.09441e+00       1.29456e+01
  604  1.21e-03      1.89825e+01       1.09647e+00       1.30205e+01
  605  1.21e-03      1.89480e+01       9.60189e-01       1.29521e+01
  606  1.21e-03      1.90769e+01       1.22613e+00       1.31266e+01
  607  1.21e-03      1.90962e+01       1.07531e+00       1.30892e+01
  608  1.22e-03      1.90750e+01       1.06244e+00       1.30708e+01
  609  1.22e-03      1.92058e+01       1.18527e+00       1.31990e+01
  610  1.22e-03      1.92060e+01       1.12996e+00       1.31807e+01
  611  1.22e-03      1.91256e+01       1.13683e+00       1.31293e+01
  612  1.22e-03      1.92872e+01       9.74085e-01       1.31828e+01
  613  1.23e-03      1.93084e+01       9.45686e-01       1.31875e+01
  614  1.23e-03      1.93889e+01       9.98645e-01       1.32588e+01
  615  1.23e-03      1.94048e+01       1.18552e+00       1.33317e+01
  616  1.23e-03      1.93281e+01       1.00330e+00       1.32198e+01
  617  1.23e-03      1.92935e+01       1.37739e+00       1.33214e+01
  618  1.24e-03      1.95335e+01       9.88802e-01       1.33519e+01
  619  1.24e-03      1.96823e+01       1.05936e+00       1.34746e+01
  620  1.24e-03      1.97313e+01       1.10110e+00       1.35212e+01
  621  1.24e-03      1.98856e+01       1.19276e+00       1.36546e+01
  622  1.24e-03      1.98484e+01       1.03949e+00       1.35788e+01
  623  1.25e-03      1.99276e+01       1.05754e+00       1.36376e+01
  624  1.25e-03      1.99885e+01       1.14688e+00       1.37079e+01
  625  1.25e-03      2.00281e+01       1.10970e+00       1.37220e+01
  626  1.25e-03      2.00918e+01       1.20491e+00       1.37962e+01
  627  1.25e-03      2.02726e+01       1.11550e+00       1.38869e+01
  628  1.26e-03      2.03687e+01       1.13478e+00       1.39574e+01
  629  1.26e-03      2.05232e+01       1.13829e+00       1.40616e+01
  630  1.26e-03      2.05193e+01       1.23934e+00       1.40927e+01
  631  1.26e-03      2.06238e+01       1.19007e+00       1.41459e+01
  632  1.26e-03      2.06345e+01       1.26047e+00       1.41765e+01
  633  1.27e-03      2.05751e+01       1.04178e+00       1.40640e+01
  634  1.27e-03      2.07208e+01       1.11516e+00       1.41856e+01
  635  1.27e-03      2.07663e+01       1.17197e+00       1.42349e+01
  636  1.27e-03      2.07761e+01       1.03589e+00       1.41960e+01
  637  1.27e-03      2.08326e+01       1.13569e+00       1.42670e+01
  638  1.28e-03      2.07584e+01       1.28851e+00       1.42684e+01
  639  1.28e-03      2.09001e+01       1.17447e+00       1.43249e+01
  640  1.28e-03      2.09354e+01       1.17568e+00       1.43488e+01
  641  1.28e-03      2.10484e+01       1.18306e+00       1.44266e+01
  642  1.28e-03      2.10882e+01       1.31133e+00       1.44959e+01
  643  1.29e-03      2.11586e+01       1.07254e+00       1.44633e+01
  644  1.29e-03      2.11637e+01       1.04626e+00       1.44579e+01
  645  1.29e-03      2.12963e+01       1.22731e+00       1.46066e+01
  646  1.29e-03      2.13294e+01       1.25207e+00       1.46370e+01
  647  1.29e-03      2.14015e+01       1.00783e+00       1.46036e+01
  648  1.30e-03      2.15768e+01       1.13493e+00       1.47628e+01
  649  1.30e-03      2.15934e+01       1.10378e+00       1.47635e+01
  650  1.30e-03      2.15747e+01       1.18747e+00       1.47790e+01
  651  1.30e-03      2.17280e+01       1.16644e+00       1.48741e+01
  652  1.30e-03      2.18517e+01       1.15915e+00       1.49542e+01
  653  1.31e-03      2.19071e+01       1.20469e+00       1.50063e+01
  654  1.31e-03      2.21291e+01       1.24562e+00       1.51680e+01
  655  1.31e-03      2.20339e+01       1.16703e+00       1.50783e+01
  656  1.31e-03      2.21047e+01       1.43739e+00       1.52156e+01
  657  1.31e-03      2.23265e+01       1.08469e+00       1.52459e+01
  658  1.32e-03      2.22575e+01       1.07604e+00       1.51970e+01
  659  1.32e-03      2.23198e+01       1.21695e+00       1.52855e+01
  660  1.32e-03      2.23975e+01       1.28726e+00       1.53607e+01
  661  1.32e-03      2.23854e+01       1.17056e+00       1.53138e+01
  662  1.32e-03      2.26018e+01       1.02606e+00       1.54099e+01
  663  1.33e-03      2.27222e+01       1.16340e+00       1.55359e+01
  664  1.33e-03      2.27856e+01       1.45547e+00       1.56756e+01
  665  1.33e-03      2.29213e+01       1.25034e+00       1.56977e+01
  666  1.33e-03      2.28696e+01       1.17114e+00       1.56368e+01
  667  1.33e-03      2.27532e+01       1.22708e+00       1.55778e+01
  668  1.34e-03      2.30092e+01       1.18836e+00       1.57356e+01
  669  1.34e-03      2.30628e+01       9.84610e-01       1.57034e+01
  670  1.34e-03      2.31134e+01       1.29949e+00       1.58421e+01
  671  1.34e-03      2.32534e+01       1.04288e+00       1.58499e+01
  672  1.34e-03      2.33290e+01       1.23362e+00       1.59639e+01
  673  1.35e-03      2.34629e+01       1.08925e+00       1.60050e+01
  674  1.35e-03      2.35884e+01       1.30754e+00       1.61614e+01
  675  1.35e-03      2.35553e+01       1.29982e+00       1.61368e+01
  676  1.35e-03      2.34914e+01       1.47382e+00       1.61522e+01
  677  1.35e-03      2.35454e+01       9.72249e-01       1.60210e+01
  678  1.36e-03      2.35448e+01       1.32579e+00       1.61385e+01
  679  1.36e-03      2.36919e+01       1.29250e+00       1.62254e+01
  680  1.36e-03      2.37559e+01       1.20319e+00       1.62383e+01
  681  1.36e-03      2.37719e+01       1.28445e+00       1.62761e+01
  682  1.36e-03      2.38577e+01       1.32750e+00       1.63476e+01
  683  1.37e-03      2.38779e+01       1.13704e+00       1.62976e+01
  684  1.37e-03      2.39191e+01       1.12128e+00       1.63198e+01
  685  1.37e-03      2.39784e+01       1.29254e+00       1.64164e+01
  686  1.37e-03      2.40409e+01       1.18598e+00       1.64226e+01
  687  1.37e-03      2.40111e+01       1.25315e+00       1.64251e+01
  688  1.38e-03      2.40534e+01       1.27172e+00       1.64595e+01
  689  1.38e-03      2.41416e+01       1.25474e+00       1.65127e+01
  690  1.38e-03      2.42060e+01       1.26461e+00       1.65589e+01
  691  1.38e-03      2.42212e+01       1.36178e+00       1.66014e+01
  692  1.38e-03      2.43246e+01       1.00325e+00       1.65508e+01
  693  1.39e-03      2.43187e+01       1.39596e+00       1.66778e+01
  694  1.39e-03      2.43340e+01       1.10662e+00       1.65915e+01
  695  1.39e-03      2.45517e+01       1.17629e+00       1.67599e+01
  696  1.39e-03      2.46029e+01       1.25049e+00       1.68188e+01
  697  1.39e-03      2.46278e+01       1.19372e+00       1.68165e+01
  698  1.40e-03      2.46583e+01       1.32231e+00       1.68796e+01
  699  1.40e-03      2.46319e+01       1.30766e+00       1.68572e+01
  700  1.40e-03      2.47594e+01       1.32063e+00       1.69465e+01
  701  1.40e-03      2.48879e+01       1.20567e+00       1.69938e+01
  702  1.40e-03      2.48107e+01       1.36150e+00       1.69943e+01
  703  1.41e-03      2.49509e+01       1.17829e+00       1.70267e+01
  704  1.41e-03      2.48392e+01       1.19739e+00       1.69586e+01
  705  1.41e-03      2.49845e+01       1.18191e+00       1.70503e+01
  706  1.41e-03      2.51149e+01       1.44576e+00       1.72252e+01
  707  1.41e-03      2.51476e+01       1.18628e+00       1.71605e+01
  708  1.42e-03      2.51931e+01       1.26551e+00       1.72172e+01
  709  1.42e-03      2.54310e+01       1.38372e+00       1.74152e+01
  710  1.42e-03      2.54098e+01       1.04465e+00       1.72881e+01
  711  1.42e-03      2.55621e+01       1.40883e+00       1.75110e+01
  712  1.42e-03      2.56425e+01       1.23532e+00       1.75068e+01
  713  1.43e-03      2.54624e+01       1.26931e+00       1.73980e+01
  714  1.43e-03      2.55942e+01       1.11440e+00       1.74343e+01
  715  1.43e-03      2.58197e+01       1.31303e+00       1.76508e+01
  716  1.43e-03      2.57832e+01       1.20703e+00       1.75911e+01
  717  1.43e-03      2.59486e+01       1.29539e+00       1.77309e+01
  718  1.44e-03      2.59328e+01       1.15677e+00       1.76741e+01
  719  1.44e-03      2.58538e+01       1.28960e+00       1.76658e+01
  720  1.44e-03      2.60077e+01       1.35459e+00       1.77900e+01
  721  1.44e-03      2.60665e+01       1.28299e+00       1.78054e+01
  722  1.44e-03      2.60326e+01       1.30460e+00       1.77899e+01
  723  1.45e-03      2.63538e+01       1.37114e+00       1.80263e+01
  724  1.45e-03      2.63033e+01       1.43149e+00       1.80127e+01
  725  1.45e-03      2.64523e+01       1.04804e+00       1.79842e+01
  726  1.45e-03      2.65133e+01       1.33043e+00       1.81190e+01
  727  1.45e-03      2.65674e+01       1.45486e+00       1.81965e+01
  728  1.46e-03      2.66851e+01       1.44014e+00       1.82701e+01
  729  1.46e-03      2.68567e+01       1.29428e+00       1.83359e+01
  730  1.46e-03      2.68134e+01       1.48424e+00       1.83703e+01
  731  1.46e-03      2.68484e+01       1.31958e+00       1.83388e+01
  732  1.46e-03      2.69305e+01       1.43278e+00       1.84313e+01
  733  1.47e-03      2.70217e+01       1.34395e+00       1.84624e+01
  734  1.47e-03      2.69722e+01       1.28850e+00       1.84110e+01
  735  1.47e-03      2.70726e+01       1.42452e+00       1.85232e+01
  736  1.47e-03      2.70812e+01       1.41067e+00       1.85243e+01
  737  1.47e-03      2.71241e+01       1.37256e+00       1.85402e+01
  738  1.48e-03      2.71627e+01       1.47716e+00       1.86008e+01
  739  1.48e-03      2.73005e+01       1.30556e+00       1.86355e+01
  740  1.48e-03      2.74727e+01       1.20370e+00       1.87164e+01
  741  1.48e-03      2.76011e+01       1.55849e+00       1.89202e+01
  742  1.48e-03      2.75898e+01       1.35944e+00       1.88463e+01
  743  1.49e-03      2.75932e+01       1.51821e+00       1.89015e+01
  744  1.49e-03      2.75717e+01       1.44758e+00       1.88636e+01
  745  1.49e-03      2.77465e+01       1.48418e+00       1.89924e+01
  746  1.49e-03      2.77567e+01       1.38904e+00       1.89675e+01
  747  1.49e-03      2.76963e+01       1.40083e+00       1.89312e+01
  748  1.50e-03      2.76165e+01       1.48942e+00       1.89074e+01
  749  1.50e-03      2.77707e+01       1.33689e+00       1.89594e+01
  750  1.50e-03      2.77470e+01       1.48357e+00       1.89925e+01
  751  1.50e-03      2.78521e+01       1.35170e+00       1.90187e+01
  752  1.50e-03      2.78548e+01       1.53345e+00       1.90810e+01
  753  1.51e-03      2.80262e+01       1.50646e+00       1.91863e+01
  754  1.51e-03      2.79154e+01       1.28495e+00       1.90386e+01
  755  1.51e-03      2.79373e+01       1.43397e+00       1.91028e+01
  756  1.51e-03      2.79557e+01       1.55240e+00       1.91546e+01
  757  1.51e-03      2.81107e+01       1.50199e+00       1.92412e+01
  758  1.52e-03      2.81510e+01       1.08296e+00       1.91283e+01
  759  1.52e-03      2.81465e+01       1.49698e+00       1.92633e+01
  760  1.52e-03      2.81670e+01       1.30977e+00       1.92146e+01
  761  1.52e-03      2.82690e+01       1.63116e+00       1.93897e+01
  762  1.52e-03      2.82699e+01       1.04689e+00       1.91956e+01
  763  1.53e-03      2.84290e+01       1.60990e+00       1.94893e+01
  764  1.53e-03      2.84320e+01       1.27470e+00       1.93795e+01
  765  1.53e-03      2.84870e+01       1.30659e+00       1.94269e+01
  766  1.53e-03      2.86033e+01       1.31258e+00       1.95064e+01
  767  1.53e-03      2.86612e+01       1.46970e+00       1.95974e+01
  768  1.54e-03      2.86350e+01       1.47520e+00       1.95818e+01
  769  1.54e-03      2.86259e+01       1.15886e+00       1.94702e+01
  770  1.54e-03      2.89007e+01       1.48235e+00       1.97613e+01
  771  1.54e-03      2.89547e+01       1.51087e+00       1.98068e+01
  772  1.54e-03      2.88885e+01       1.51061e+00       1.97625e+01
  773  1.55e-03      2.89117e+01       1.06650e+00       1.96300e+01
  774  1.55e-03      2.90634e+01       1.44064e+00       1.98558e+01
  775  1.55e-03      2.90542e+01       1.21104e+00       1.97731e+01
  776  1.55e-03      2.93697e+01       1.49628e+00       2.00785e+01
  777  1.55e-03      2.94346e+01       1.30435e+00       2.00579e+01
  778  1.56e-03      2.94634e+01       1.39837e+00       2.01084e+01
  779  1.56e-03      2.94845e+01       1.34963e+00       2.01062e+01
  780  1.56e-03      2.96273e+01       1.19833e+00       2.01509e+01
  781  1.56e-03      2.97353e+01       1.31390e+00       2.02615e+01
  782  1.56e-03      3.00448e+01       1.42648e+00       2.05054e+01
  783  1.57e-03      3.00432e+01       1.14872e+00       2.04117e+01
  784  1.57e-03      3.01302e+01       1.16711e+00       2.04759e+01
  785  1.57e-03      3.03376e+01       1.56371e+00       2.07463e+01
  786  1.57e-03      3.03773e+01       1.38712e+00       2.07139e+01
  787  1.57e-03      3.02227e+01       1.17492e+00       2.05401e+01
  788  1.58e-03      3.05011e+01       1.39012e+00       2.07974e+01
  789  1.58e-03      3.04016e+01       1.26294e+00       2.06887e+01
  790  1.58e-03      3.05702e+01       1.30700e+00       2.08158e+01
  791  1.58e-03      3.06834e+01       1.13195e+00       2.08329e+01
  792  1.58e-03      3.07611e+01       1.53140e+00       2.10179e+01
  793  1.59e-03      3.09173e+01       1.55808e+00       2.11309e+01
  794  1.59e-03      3.10522e+01       1.33293e+00       2.11457e+01
  795  1.59e-03      3.09961e+01       1.09832e+00       2.10301e+01
  796  1.59e-03      3.12384e+01       1.41363e+00       2.12968e+01
  797  1.59e-03      3.12084e+01       1.51790e+00       2.13116e+01
  798  1.60e-03      3.14226e+01       1.40765e+00       2.14176e+01
  799  1.60e-03      3.14886e+01       1.23512e+00       2.14041e+01
  800  1.60e-03      3.14925e+01       1.47045e+00       2.14851e+01
  801  1.60e-03      3.13638e+01       1.44558e+00       2.13911e+01
  802  1.60e-03      3.15633e+01       1.12103e+00       2.14159e+01
  803  1.61e-03      3.14971e+01       1.53424e+00       2.15095e+01
  804  1.61e-03      3.17488e+01       1.30426e+00       2.16006e+01
  805  1.61e-03      3.18145e+01       1.28791e+00       2.16390e+01
  806  1.61e-03      3.17577e+01       1.13562e+00       2.15504e+01
  807  1.61e-03      3.17395e+01       1.75724e+00       2.17454e+01
  808  1.62e-03      3.19566e+01       1.38236e+00       2.17652e+01
  809  1.62e-03      3.20325e+01       1.28635e+00       2.17838e+01
  810  1.62e-03      3.22132e+01       1.45249e+00       2.19596e+01
  811  1.62e-03      3.24042e+01       1.31358e+00       2.20406e+01
  812  1.62e-03      3.23297e+01       1.33578e+00       2.19984e+01
  813  1.63e-03      3.24222e+01       1.43157e+00       2.20920e+01
  814  1.63e-03      3.22972e+01       1.38509e+00       2.19932e+01
  815  1.63e-03      3.24055e+01       1.41484e+00       2.20753e+01
  816  1.63e-03      3.27153e+01       1.55391e+00       2.23282e+01
  817  1.63e-03      3.28330e+01       1.15364e+00       2.22732e+01
  818  1.64e-03      3.27559e+01       1.66818e+00       2.23933e+01
  819  1.64e-03      3.28629e+01       1.48080e+00       2.24022e+01
  820  1.64e-03      3.27612e+01       1.15511e+00       2.22258e+01
  821  1.64e-03      3.28867e+01       1.55386e+00       2.24424e+01
  822  1.64e-03      3.29753e+01       1.54038e+00       2.24970e+01
  823  1.65e-03      3.31535e+01       1.33245e+00       2.25465e+01
  824  1.65e-03      3.32480e+01       1.21950e+00       2.25718e+01
  825  1.65e-03      3.33653e+01       1.47176e+00       2.27341e+01
  826  1.65e-03      3.33711e+01       1.41975e+00       2.27207e+01
  827  1.65e-03      3.35452e+01       1.60201e+00       2.28975e+01
  828  1.66e-03      3.36965e+01       1.63579e+00       2.30096e+01
  829  1.66e-03      3.38264e+01       1.38116e+00       2.30113e+01
  830  1.66e-03      3.39908e+01       1.55123e+00       2.31776e+01
  831  1.66e-03      3.42106e+01       1.40349e+00       2.32749e+01
  832  1.66e-03      3.42997e+01       1.59072e+00       2.33967e+01
  833  1.67e-03      3.44929e+01       1.50095e+00       2.34956e+01
  834  1.67e-03      3.45271e+01       1.51092e+00       2.35217e+01
  835  1.67e-03      3.46531e+01       1.27041e+00       2.35255e+01
  836  1.67e-03      3.46674e+01       1.69620e+00       2.36770e+01
  837  1.67e-03      3.49234e+01       1.45623e+00       2.37677e+01
  838  1.68e-03      3.47519e+01       1.54083e+00       2.36815e+01
  839  1.68e-03      3.53529e+01       1.46986e+00       2.40585e+01
  840  1.68e-03      3.53167e+01       1.46872e+00       2.40341e+01
  841  1.68e-03      3.55326e+01       1.58420e+00       2.42165e+01
  842  1.68e-03      3.55345e+01       1.70687e+00       2.42586e+01
  843  1.69e-03      3.54664e+01       1.64318e+00       2.41920e+01
  844  1.69e-03      3.55261e+01       1.30780e+00       2.41200e+01
  845  1.69e-03      3.56509e+01       1.47338e+00       2.42584e+01
  846  1.69e-03      3.56915e+01       1.51843e+00       2.43005e+01
  847  1.69e-03      3.59867e+01       1.76017e+00       2.45779e+01
  848  1.70e-03      3.59897e+01       1.51835e+00       2.44993e+01
  849  1.70e-03      3.59787e+01       1.34411e+00       2.44338e+01
  850  1.70e-03      3.62983e+01       1.64826e+00       2.47483e+01
  851  1.70e-03      3.63344e+01       1.63235e+00       2.47670e+01
  852  1.70e-03      3.64612e+01       1.45742e+00       2.47932e+01
  853  1.71e-03      3.64843e+01       1.76451e+00       2.49110e+01
  854  1.71e-03      3.65372e+01       1.68762e+00       2.49207e+01
  855  1.71e-03      3.67600e+01       1.28535e+00       2.49351e+01
  856  1.71e-03      3.70155e+01       1.50048e+00       2.51772e+01
  857  1.71e-03      3.69141e+01       1.66830e+00       2.51655e+01
  858  1.72e-03      3.71270e+01       1.63985e+00       2.52979e+01
  859  1.72e-03      3.71101e+01       1.56204e+00       2.52607e+01
  860  1.72e-03      3.71024e+01       1.51457e+00       2.52398e+01
  861  1.72e-03      3.73710e+01       1.62260e+00       2.54549e+01
  862  1.72e-03      3.74661e+01       1.82071e+00       2.55843e+01
  863  1.73e-03      3.74943e+01       1.73336e+00       2.55740e+01
  864  1.73e-03      3.77234e+01       1.28920e+00       2.55787e+01
  865  1.73e-03      3.77261e+01       1.68475e+00       2.57123e+01
  866  1.73e-03      3.78414e+01       1.55839e+00       2.57471e+01
  867  1.73e-03      3.80313e+01       1.39490e+00       2.58192e+01
  868  1.74e-03      3.81239e+01       1.77097e+00       2.60063e+01
  869  1.74e-03      3.83057e+01       1.85669e+00       2.61560e+01
  870  1.74e-03      3.84609e+01       1.25126e+00       2.60577e+01
  871  1.74e-03      3.83672e+01       1.50304e+00       2.60792e+01
  872  1.74e-03      3.86621e+01       1.58778e+00       2.63040e+01
  873  1.75e-03      3.88066e+01       1.50482e+00       2.63726e+01
  874  1.75e-03      3.89112e+01       1.74993e+00       2.65241e+01
  875  1.75e-03      3.90183e+01       1.50130e+00       2.65127e+01
  876  1.75e-03      3.90136e+01       1.52828e+00       2.65185e+01
  877  1.75e-03      3.90440e+01       1.80194e+00       2.66300e+01
  878  1.76e-03      3.93298e+01       1.57714e+00       2.67456e+01
  879  1.76e-03      3.94067e+01       1.36649e+00       2.67266e+01
  880  1.76e-03      3.96768e+01       1.47214e+00       2.69419e+01
  881  1.76e-03      3.96866e+01       1.55683e+00       2.69767e+01
  882  1.76e-03      3.97185e+01       1.29276e+00       2.69099e+01
  883  1.77e-03      3.96737e+01       1.78598e+00       2.70445e+01
  884  1.77e-03      3.98139e+01       1.66516e+00       2.70977e+01
  885  1.77e-03      3.99221e+01       1.65627e+00       2.71668e+01
  886  1.77e-03      4.02173e+01       1.38512e+00       2.72732e+01
  887  1.77e-03      4.01840e+01       1.44491e+00       2.72710e+01
  888  1.78e-03      4.03493e+01       1.45284e+00       2.73838e+01
  889  1.78e-03      4.04212e+01       1.59829e+00       2.74802e+01
  890  1.78e-03      4.06696e+01       1.52588e+00       2.76217e+01
  891  1.78e-03      4.07477e+01       1.46502e+00       2.76535e+01
  892  1.78e-03      4.11173e+01       1.73061e+00       2.79884e+01
  893  1.79e-03      4.11173e+01       1.53043e+00       2.79217e+01
  894  1.79e-03      4.12072e+01       1.45928e+00       2.79579e+01
  895  1.79e-03      4.12333e+01       1.44474e+00       2.79705e+01
  896  1.79e-03      4.15348e+01       1.52978e+00       2.81998e+01
  897  1.79e-03      4.16058e+01       1.75492e+00       2.83222e+01
  898  1.80e-03      4.17252e+01       1.47906e+00       2.83098e+01
  899  1.80e-03      4.19628e+01       1.69754e+00       2.85410e+01
  900  1.80e-03      4.18169e+01       1.59143e+00       2.84084e+01
  901  1.80e-03      4.19481e+01       1.63837e+00       2.85115e+01
  902  1.80e-03      4.19791e+01       1.43335e+00       2.84638e+01
  903  1.81e-03      4.20536e+01       1.56680e+00       2.85580e+01
  904  1.81e-03      4.23876e+01       1.48967e+00       2.87549e+01
  905  1.81e-03      4.23985e+01       1.45011e+00       2.87491e+01
  906  1.81e-03      4.23977e+01       1.62421e+00       2.88065e+01
  907  1.81e-03      4.26979e+01       1.54815e+00       2.89813e+01
  908  1.82e-03      4.25166e+01       1.80946e+00       2.89475e+01
  909  1.82e-03      4.26778e+01       1.58207e+00       2.89792e+01
  910  1.82e-03      4.28946e+01       1.36632e+00       2.90519e+01
  911  1.82e-03      4.26733e+01       1.55920e+00       2.89686e+01
  912  1.82e-03      4.27937e+01       1.87447e+00       2.91539e+01
  913  1.83e-03      4.29723e+01       1.40570e+00       2.91167e+01
  914  1.83e-03      4.28718e+01       1.66067e+00       2.91347e+01
  915  1.83e-03      4.32198e+01       1.81885e+00       2.94195e+01
  916  1.83e-03      4.32331e+01       1.58681e+00       2.93510e+01
  917  1.83e-03      4.32500e+01       1.53772e+00       2.93459e+01
  918  1.84e-03      4.34749e+01       1.50971e+00       2.94865e+01
  919  1.84e-03      4.34828e+01       1.84002e+00       2.96018e+01
  920  1.84e-03      4.34571e+01       1.52165e+00       2.94786e+01
  921  1.84e-03      4.39265e+01       1.36846e+00       2.97405e+01
  922  1.84e-03      4.40153e+01       1.73120e+00       2.99206e+01
  923  1.85e-03      4.42792e+01       1.95180e+00       3.01701e+01
  924  1.85e-03      4.45176e+01       1.49941e+00       3.01782e+01
  925  1.85e-03      4.43667e+01       1.48752e+00       3.00736e+01
  926  1.85e-03      4.45257e+01       1.63541e+00       3.02289e+01
  927  1.85e-03      4.47725e+01       1.64758e+00       3.03976e+01
  928  1.86e-03      4.45964e+01       1.68586e+00       3.02929e+01
  929  1.86e-03      4.49546e+01       1.65341e+00       3.05209e+01
  930  1.86e-03      4.52556e+01       1.76994e+00       3.07603e+01
  931  1.86e-03      4.54392e+01       1.65709e+00       3.08452e+01
  932  1.86e-03      4.54966e+01       1.84258e+00       3.09453e+01
  933  1.87e-03      4.55635e+01       1.63785e+00       3.09216e+01
  934  1.87e-03      4.57042e+01       1.54206e+00       3.09835e+01
  935  1.87e-03      4.60274e+01       1.72597e+00       3.12603e+01
  936  1.87e-03      4.61016e+01       1.63113e+00       3.12781e+01
  937  1.87e-03      4.62831e+01       1.81230e+00       3.14595e+01
  938  1.88e-03      4.63282e+01       1.62400e+00       3.14268e+01
  939  1.88e-03      4.64060e+01       1.69937e+00       3.15038e+01
  940  1.88e-03      4.65335e+01       1.74552e+00       3.16042e+01
  941  1.88e-03      4.67162e+01       1.74598e+00       3.17261e+01
  942  1.88e-03      4.66259e+01       1.35246e+00       3.15347e+01
  943  1.89e-03      4.67509e+01       1.75185e+00       3.17512e+01
  944  1.89e-03      4.66599e+01       1.83744e+00       3.17191e+01
  945  1.89e-03      4.67750e+01       1.66995e+00       3.17400e+01
  946  1.89e-03      4.68579e+01       1.72350e+00       3.18131e+01
  947  1.89e-03      4.70481e+01       1.63866e+00       3.19116e+01
  948  1.90e-03      4.71949e+01       1.77740e+00       3.20557e+01
  949  1.90e-03      4.73541e+01       1.46871e+00       3.20590e+01
  950  1.90e-03      4.72926e+01       1.90532e+00       3.21635e+01
  951  1.90e-03      4.76068e+01       1.63690e+00       3.22835e+01
  952  1.90e-03      4.78783e+01       1.67946e+00       3.24787e+01
  953  1.91e-03      4.78988e+01       1.77479e+00       3.25241e+01
  954  1.91e-03      4.81233e+01       1.51410e+00       3.25869e+01
  955  1.91e-03      4.83838e+01       2.09843e+00       3.29553e+01
  956  1.91e-03      4.86755e+01       1.64951e+00       3.30002e+01
  957  1.91e-03      4.89633e+01       1.45023e+00       3.31256e+01
  958  1.92e-03      4.88854e+01       1.57743e+00       3.31161e+01
  959  1.92e-03      4.89997e+01       1.80487e+00       3.32681e+01
  960  1.92e-03      4.91541e+01       1.50623e+00       3.32715e+01
  961  1.92e-03      4.91571e+01       1.69808e+00       3.33374e+01
  962  1.92e-03      4.92919e+01       1.94698e+00       3.35103e+01
  963  1.93e-03      4.94453e+01       1.65643e+00       3.35156e+01
  964  1.93e-03      4.92814e+01       1.77770e+00       3.34468e+01
  965  1.93e-03      4.93666e+01       1.70595e+00       3.34797e+01
  966  1.93e-03      4.97496e+01       1.68618e+00       3.37285e+01
  967  1.93e-03      4.97730e+01       1.54604e+00       3.36974e+01
  968  1.94e-03      4.99482e+01       1.86364e+00       3.39200e+01
  969  1.94e-03      5.00320e+01       1.78817e+00       3.39507e+01
  970  1.94e-03      4.98768e+01       1.83288e+00       3.38622e+01
  971  1.94e-03      4.99141e+01       1.66601e+00       3.38314e+01
  972  1.94e-03      5.02222e+01       1.85004e+00       3.40981e+01
  973  1.95e-03      5.03168e+01       1.76671e+00       3.41335e+01
  974  1.95e-03      5.05885e+01       1.74813e+00       3.43084e+01
  975  1.95e-03      5.06268e+01       1.84978e+00       3.43678e+01
  976  1.95e-03      5.05651e+01       1.78265e+00       3.43043e+01
  977  1.95e-03      5.08824e+01       1.61643e+00       3.44604e+01
  978  1.96e-03      5.08651e+01       1.70539e+00       3.44785e+01
  979  1.96e-03      5.07390e+01       1.83255e+00       3.44369e+01
  980  1.96e-03      5.11095e+01       1.88429e+00       3.47011e+01
  981  1.96e-03      5.09856e+01       1.96561e+00       3.46456e+01
  982  1.96e-03      5.11538e+01       1.34165e+00       3.45497e+01
  983  1.97e-03      5.14298e+01       2.03139e+00       3.49637e+01
  984  1.97e-03      5.15929e+01       1.71273e+00       3.49662e+01
  985  1.97e-03      5.15439e+01       1.75934e+00       3.49491e+01
  986  1.97e-03      5.17923e+01       1.99657e+00       3.51937e+01
  987  1.97e-03      5.13609e+01       1.85508e+00       3.48590e+01
  988  1.98e-03      5.17523e+01       1.57888e+00       3.50278e+01
  989  1.98e-03      5.18958e+01       2.03281e+00       3.52748e+01
  990  1.98e-03      5.16162e+01       1.78632e+00       3.50062e+01
  991  1.98e-03      5.16310e+01       1.79888e+00       3.50203e+01
  992  1.98e-03      5.19570e+01       1.81730e+00       3.52438e+01
  993  1.99e-03      5.16477e+01       1.56675e+00       3.49540e+01
  994  1.99e-03      5.21571e+01       1.94972e+00       3.54213e+01
  995  1.99e-03      5.21855e+01       1.77138e+00       3.53808e+01
  996  1.99e-03      5.21700e+01       1.88803e+00       3.54093e+01
  997  1.99e-03      5.24120e+01       1.43694e+00       3.54203e+01
  998  2.00e-03      5.24611e+01       1.79557e+00       3.55726e+01
  999  2.00e-03      5.24115e+01       1.84259e+00       3.55552e+01
