Delta = -1.000e+00 gamma
 step      t        T_in_plane/mK   T_out_of_plane/mK   T_tot/mK
    0  0.00e+00      1.88638e-29       0.00000e+00       1.25759e-29
    1  1.00e-05      3.23551e-02       3.36071e-02       3.27724e-02
    2  2.00e-05      6.88417e-02       6.67364e-02       6.81399e-02
    3  3.00e-05      1.09980e-01       1.23520e-01       1.14493e-01
    4  4.00e-05      1.38209e-01       1.33062e-01       1.36494e-01
    5  5.00e-05      1.79564e-01       1.85117e-01       1.81415e-01
    6  6.00e-05      2.07851e-01       2.06179e-01       2.07293e-01
    7  7.00e-05      2.43930e-01       1.73579e-01       2.20480e-01
    8  8.00e-05      2.79107e-01       2.16714e-01       2.58309e-01
    9  9.00e-05      3.11304e-01       2.23689e-01       2.82099e-01
   10  1.00e-04      3.32753e-01       2.16736e-01       2.94081e-01
   11  1.10e-04      3.55102e-01       2.80659e-01       3.30288e-01
   12  1.20e-04      3.87006e-01       2.55646e-01       3.43219e-01
   13  1.30e-04      4.10638e-01       2.65548e-01       3.62275e-01
   14  1.40e-04      4.43244e-01       2.72468e-01       3.86319e-01
   15  1.50e-04      4.65173e-01       3.57268e-01       4.29205e-01
   16  1.60e-04      4.87224e-01       2.91606e-01       4.22018e-01
   17  1.70e-04      5.26166e-01       3.20042e-01       4.57458e-01
   18  1.80e-04      5.57724e-01       2.80878e-01       4.65442e-01
   19  1.90e-04      6.05770e-01       3.27190e-01       5.12910e-01
   20  2.00e-04      6.26065e-01       3.22358e-01       5.24830e-01
   21  2.10e-04      6.14035e-01       2.86310e-01       5.04793e-01
   22  2.20e-04      6.59599e-01       2.80731e-01       5.33310e-01
   23  2.30e-04      6.97208e-01       3.31707e-01       5.75375e-01
   24  2.40e-04      7.26084e-01       2.93145e-01       5.81771e-01
   25  2.50e-04      7.57551e-01       2.60754e-01       5.91952e-01
   26  2.60e-04      8.01978e-01       3.13936e-01       6.39297e-01
   27  2.70e-04      8.06946e-01       3.40810e-01       6.51567e-01
   28  2.80e-04      8.45364e-01       3.50575e-01       6.80435e-01
   29  2.90e-04      8.88567e-01       3.58799e-01       7.11978e-01
   30  3.00e-04      9.45310e-01       3.01243e-01       7.30621e-01
   31  3.10e-04      9.43225e-01       3.06539e-01       7.30997e-01
   32  3.20e-04      9.80445e-01       2.80909e-01       7.47266e-01
   33  3.30e-04      9.90860e-01       3.32452e-01       7.71391e-01
   34  3.40e-04      9.93087e-01       3.74157e-01       7.86777e-01
   35  3.50e-04      1.00539e+00       3.73937e-01       7.94907e-01
   36  3.60e-04      1.04526e+00       3.81722e-01       8.24079e-01
   37  3.70e-04      1.09211e+00       4.11173e-01       8.65132e-01
   38  3.80e-04      1.12556e+00       3.63691e-01       8.71605e-01
   39  3.90e-04      1.16207e+00       3.62849e-01       8.95660e-01
   40  4.00e-04      1.18481e+00       3.97568e-01       9.22396e-01
   41  4.10e-04      1.19497e+00       2.85378e-01       8.91773e-01
   42  4.20e-04      1.23532e+00       2.94162e-01       9.21598e-01
   43  4.30e-04      1.26406e+00       3.54405e-01       9.60841e-01
   44  4.40e-04      1.28299e+00       2.90410e-01       9.52129e-01
   45  4.50e-04      1.29351e+00       3.21290e-01       9.69438e-01
   46  4.60e-04      1.28478e+00       2.85755e-01       9.51772e-01
   47  4.70e-04      1.31764e+00       2.61245e-01       9.65506e-01
   48  4.80e-04      1.32021e+00       3.10820e-01       9.83746e-01
   49  4.90e-04      1.34063e+00       2.65163e-01       9.82141e-01
   50  5.00e-04      1.42935e+00       2.98422e-01       1.05238e+00
   51  5.10e-04      1.46849e+00       2.98890e-01       1.07863e+00
   52  5.20e-04      1.51975e+00       2.71660e-01       1.10372e+00
   53  5.30e-04      1.55230e+00       3.09717e-01       1.13810e+00
   54  5.40e-04      1.60298e+00       2.60789e-01       1.15559e+00
   55  5.50e-04      1.65098e+00       3.67529e-01       1.22316e+00
   56  5.60e-04      1.65869e+00       3.12323e-01       1.20990e+00
   57  5.70e-04      1.66003e+00       3.41225e-01       1.22043e+00
   58  5.80e-04      1.74940e+00       3.77815e-01       1.29221e+00
   59  5.90e-04      1.79548e+00       3.57289e-01       1.31609e+00
   60  6.00e-04      1.74592e+00       3.20453e-01       1.27076e+00
   61  6.10e-04      1.78863e+00       3.23287e-01       1.30018e+00
   62  6.20e-04      1.79760e+00       2.84118e-01       1.29311e+00
   63  6.30e-04      1.87343e+00       3.57317e-01       1.36806e+00
   64  6.40e-04      1.90779e+00       3.25744e-01       1.38044e+00
   65  6.50e-04      1.96124e+00       2.98771e-01       1.40708e+00
   66  6.60e-04      2.02548e+00       2.60845e-01       1.43727e+00
   67  6.70e-04      2.08219e+00       2.97996e-01       1.48746e+00
   68  6.80e-04      2.07282e+00       2.72864e-01       1.47283e+00
   69  6.90e-04      2.04874e+00       3.26977e-01       1.47482e+00
   70  7.00e-04      2.09439e+00       3.23735e-01       1.50417e+00
   71  7.10e-04      2.14217e+00       2.47624e-01       1.51066e+00
   72  7.20e-04      2.19229e+00       2.97568e-01       1.56071e+00
   73  7.30e-04      2.26269e+00       2.99907e-01       1.60843e+00
   74  7.40e-04      2.28268e+00       2.77935e-01       1.61443e+00
   75  7.50e-04      2.25707e+00       2.57239e-01       1.59046e+00
   76  7.60e-04      2.28456e+00       2.79894e-01       1.61634e+00
   77  7.70e-04      2.34315e+00       2.41967e-01       1.64276e+00
   78  7.80e-04      2.37321e+00       2.25264e-01       1.65722e+00
   79  7.90e-04      2.41557e+00       2.56014e-01       1.69572e+00
   80  8.00e-04      2.48503e+00       3.25521e-01       1.76519e+00
   81  8.10e-04      2.50886e+00       2.57192e-01       1.75831e+00
   82  8.20e-04      2.54167e+00       3.44112e-01       1.80915e+00
   83  8.30e-04      2.54870e+00       3.31551e-01       1.80965e+00
   84  8.40e-04      2.60068e+00       3.21435e-01       1.84093e+00
   85  8.50e-04      2.61600e+00       3.18008e-01       1.85000e+00
   86  8.60e-04      2.59303e+00       2.81934e-01       1.82267e+00
   87  8.70e-04      2.57578e+00       2.89052e-01       1.81354e+00
   88  8.80e-04      2.61916e+00       2.61999e-01       1.83344e+00
   89  8.90e-04      2.62105e+00       2.76180e-01       1.83942e+00
   90  9.00e-04      2.71749e+00       3.05188e-01       1.91339e+00
   91  9.10e-04      2.70863e+00       2.81054e-01       1.89944e+00
   92  9.20e-04      2.69905e+00       3.08094e-01       1.90206e+00
   93  9.30e-04      2.69027e+00       2.72742e-01       1.88443e+00
   94  9.40e-04      2.73877e+00       2.87617e-01       1.92172e+00
   95  9.50e-04      2.76229e+00       3.40391e-01       1.95499e+00
   96  9.60e-04      2.74493e+00       2.85714e-01       1.92519e+00
   97  9.70e-04      2.77206e+00       3.20100e-01       1.95474e+00
   98  9.80e-04      2.86270e+00       2.61350e-01       1.99558e+00
   99  9.90e-04      2.87991e+00       2.79427e-01       2.01308e+00
  100  1.00e-03      2.86110e+00       2.70713e-01       1.99764e+00
  101  1.01e-03      2.90781e+00       3.42044e-01       2.05256e+00
  102  1.02e-03      2.93282e+00       3.66050e-01       2.07723e+00
  103  1.03e-03      3.02210e+00       3.60037e-01       2.13475e+00
  104  1.04e-03      3.08443e+00       3.43660e-01       2.17084e+00
  105  1.05e-03      3.09706e+00       3.28614e-01       2.17424e+00
  106  1.06e-03      3.10214e+00       2.89156e-01       2.16448e+00
  107  1.07e-03      3.14665e+00       3.14513e-01       2.20261e+00
  108  1.08e-03      3.14067e+00       3.12187e-01       2.19784e+00
  109  1.09e-03      3.19583e+00       2.77063e-01       2.22291e+00
  110  1.10e-03      3.29682e+00       3.39845e-01       2.31116e+00
  111  1.11e-03      3.30480e+00       3.03403e-01       2.30433e+00
  112  1.12e-03      3.33075e+00       2.99988e-01       2.32050e+00
  113  1.13e-03      3.28472e+00       3.48273e-01       2.30591e+00
  114  1.14e-03      3.31094e+00       2.84242e-01       2.30204e+00
  115  1.15e-03      3.30217e+00       3.55053e-01       2.31980e+00
  116  1.16e-03      3.29207e+00       3.98992e-01       2.32771e+00
  117  1.17e-03      3.36838e+00       3.13487e-01       2.35008e+00
  118  1.18e-03      3.42700e+00       2.29382e-01       2.36113e+00
  119  1.19e-03      3.50327e+00       2.95886e-01       2.43414e+00
  120  1.20e-03      3.49273e+00       2.95094e-01       2.42685e+00
  121  1.21e-03      3.45712e+00       2.41361e-01       2.38520e+00
  122  1.22e-03      3.51367e+00       3.25625e-01       2.45099e+00
  123  1.23e-03      3.60941e+00       3.14124e-01       2.51098e+00
  124  1.24e-03      3.64020e+00       3.18784e-01       2.53306e+00
  125  1.25e-03      3.63647e+00       2.65641e-01       2.51286e+00
  126  1.26e-03      3.68974e+00       2.61487e-01       2.54699e+00
  127  1.27e-03      3.75733e+00       3.19239e-01       2.61130e+00
  128  1.28e-03      3.76351e+00       2.92494e-01       2.60651e+00
  129  1.29e-03      3.87173e+00       2.61521e-01       2.66833e+00
  130  1.30e-03      3.86271e+00       3.15545e-01       2.68032e+00
  131  1.31e-03      3.83021e+00       3.23725e-01       2.66138e+00
  132  1.32e-03      3.88893e+00       3.44164e-01       2.70734e+00
  133  1.33e-03      3.93388e+00       3.29129e-01       2.73230e+00
  134  1.34e-03      3.95457e+00       3.66839e-01       2.75866e+00
  135  1.35e-03      4.03501e+00       3.79704e-01       2.81657e+00
  136  1.36e-03      4.14203e+00       3.04570e-01       2.86288e+00
  137  1.37e-03      4.14908e+00       2.85581e-01       2.86124e+00
  138  1.38e-03      4.24298e+00       2.84679e-01       2.92355e+00
  139  1.39e-03      4.22878e+00       2.84583e-01       2.91405e+00
  140  1.40e-03      4.28284e+00       2.26958e-01       2.93088e+00
  141  1.41e-03      4.36854e+00       2.62607e-01       2.99990e+00
  142  1.42e-03      4.33450e+00       2.56330e-01       2.97511e+00
  143  1.43e-03      4.40614e+00       2.61029e-01       3.02444e+00
  144  1.44e-03      4.43157e+00       2.86552e-01       3.04990e+00
  145  1.45e-03      4.46588e+00       2.91170e-01       3.07431e+00
  146  1.46e-03      4.48647e+00       3.06545e-01       3.09316e+00
  147  1.47e-03      4.51242e+00       2.89148e-01       3.10466e+00
  148  1.48e-03      4.58340e+00       2.98491e-01       3.15510e+00
  149  1.49e-03      4.52636e+00       3.02455e-01       3.11839e+00
  150  1.50e-03      4.59919e+00       3.46298e-01       3.18156e+00
  151  1.51e-03      4.66979e+00       3.76101e-01       3.23856e+00
  152  1.52e-03      4.75672e+00       3.35106e-01       3.28285e+00
  153  1.53e-03      4.74360e+00       3.40491e-01       3.27590e+00
  154  1.54e-03      4.72382e+00       3.11580e-01       3.25308e+00
  155  1.55e-03      4.72718e+00       3.47805e-01       3.26739e+00
  156  1.56e-03      4.72194e+00       3.10665e-01       3.25151e+00
  157  1.57e-03      4.74221e+00       3.11179e-01       3.26520e+00
  158  1.58e-03      4.82744e+00       2.57506e-01       3.30413e+00
  159  1.59e-03      4.79496e+00       2.78826e-01       3.28958e+00
  160  1.60e-03      4.79767e+00       2.99855e-01       3.29840e+00
  161  1.61e-03      4.80542e+00       2.65116e-01       3.29199e+00
  162  1.62e-03      4.75429e+00       3.28858e-01       3.27914e+00
  163  1.63e-03      4.86924e+00       3.24855e-01       3.35445e+00
  164  1.64e-03      4.81895e+00       3.11375e-01       3.31642e+00
  165  1.65e-03      4.92504e+00       3.52397e-01       3.40083e+00
  166  1.66e-03      4.85613e+00       3.11265e-01       3.34118e+00
  167  1.67e-03      4.87653e+00       3.24905e-01       3.35932e+00
  168  1.68e-03      4.90490e+00       2.64309e-01       3.35804e+00
  169  1.69e-03      4.90166e+00       3.47511e-01       3.38361e+00
  170  1.70e-03      4.86351e+00       3.65042e-01       3.36402e+00
  171  1.71e-03      4.96952e+00       3.74868e-01       3.43797e+00
  172  1.72e-03      4.97156e+00       3.45157e-01       3.42943e+00
  173  1.73e-03      4.95635e+00       3.51301e-01       3.42133e+00
  174  1.74e-03      5.07289e+00       3.44750e-01       3.49684e+00
  175  1.75e-03      5.11957e+00       3.13511e-01       3.51755e+00
  176  1.76e-03      5.05351e+00       3.17334e-01       3.47478e+00
  177  1.77e-03      5.09566e+00       3.40183e-01       3.51050e+00
  178  1.78e-03      5.15019e+00       2.95918e-01       3.53210e+00
  179  1.79e-03      5.07424e+00       2.71783e-01       3.47342e+00
  180  1.80e-03      5.06095e+00       2.92392e-01       3.47143e+00
  181  1.81e-03      5.13989e+00       2.55515e-01       3.51177e+00
  182  1.82e-03      5.16831e+00       2.89490e-01       3.54203e+00
  183  1.83e-03      5.22084e+00       3.31010e-01       3.59090e+00
  184  1.84e-03      5.16280e+00       3.07294e-01       3.54430e+00
  185  1.85e-03      5.13672e+00       2.62542e-01       3.51199e+00
  186  1.86e-03      5.34440e+00       2.94755e-01       3.66118e+00
  187  1.87e-03      5.44533e+00       2.97892e-01       3.72952e+00
  188  1.88e-03      5.51155e+00       2.75408e-01       3.76617e+00
  189  1.89e-03      5.46804e+00       3.04210e-01       3.74676e+00
  190  1.90e-03      5.63434e+00       3.41524e-01       3.87007e+00
  191  1.91e-03      5.63236e+00       3.08259e-01       3.85766e+00
  192  1.92e-03      5.63408e+00       2.48049e-01       3.83874e+00
  193  1.93e-03      5.55727e+00       3.08211e-01       3.80759e+00
  194  1.94e-03      5.66789e+00       2.89585e-01       3.87512e+00
  195  1.95e-03      5.69384e+00       2.95473e-01       3.89438e+00
  196  1.96e-03      5.67901e+00       2.88462e-01       3.88216e+00
  197  1.97e-03      5.67845e+00       3.29839e-01       3.89558e+00
  198  1.98e-03      5.59193e+00       3.11450e-01       3.83177e+00
  199  1.99e-03      5.65388e+00       2.94356e-01       3.86737e+00
  200  2.00e-03      5.70066e+00       2.44693e-01       3.88201e+00
  201  2.01e-03      5.78018e+00       2.51256e-01       3.93721e+00
  202  2.02e-03      5.84757e+00       2.88461e-01       3.99454e+00
  203  2.03e-03      5.82805e+00       2.90371e-01       3.98216e+00
  204  2.04e-03      5.84314e+00       2.82417e-01       3.98956e+00
  205  2.05e-03      5.94086e+00       2.71352e-01       4.05102e+00
  206  2.06e-03      6.02020e+00       2.62177e-01       4.10086e+00
  207  2.07e-03      6.07316e+00       3.17641e-01       4.15466e+00
  208  2.08e-03      6.10366e+00       2.44984e-01       4.15077e+00
  209  2.09e-03      6.12546e+00       2.79058e-01       4.17666e+00
  210  2.10e-03      6.14790e+00       2.42426e-01       4.17941e+00
  211  2.11e-03      6.22301e+00       2.25186e-01       4.22374e+00
  212  2.12e-03      6.24646e+00       2.46499e-01       4.24647e+00
  213  2.13e-03      6.31614e+00       2.58944e-01       4.29707e+00
  214  2.14e-03      6.28264e+00       2.36572e-01       4.26728e+00
  215  2.15e-03      6.22649e+00       2.35830e-01       4.22960e+00
  216  2.16e-03      6.26171e+00       2.66700e-01       4.26337e+00
  217  2.17e-03      6.31765e+00       2.59804e-01       4.29837e+00
  218  2.18e-03      6.32885e+00       2.42342e-01       4.30001e+00
  219  2.19e-03      6.32404e+00       3.36817e-01       4.32830e+00
  220  2.20e-03      6.41955e+00       3.24274e-01       4.38779e+00
  221  2.21e-03      6.45664e+00       3.35967e-01       4.41642e+00
  222  2.22e-03      6.42061e+00       3.34668e-01       4.39196e+00
  223  2.23e-03      6.51301e+00       2.72964e-01       4.43299e+00
  224  2.24e-03      6.52962e+00       3.01938e-01       4.45372e+00
  225  2.25e-03      6.55318e+00       2.77367e-01       4.46124e+00
  226  2.26e-03      6.60095e+00       2.73654e-01       4.49185e+00
  227  2.27e-03      6.54720e+00       3.40824e-01       4.47841e+00
  228  2.28e-03      6.58860e+00       3.27408e-01       4.50153e+00
  229  2.29e-03      6.56715e+00       2.87129e-01       4.47381e+00
  230  2.30e-03      6.62780e+00       3.68570e-01       4.54139e+00
  231  2.31e-03      6.65076e+00       2.98998e-01       4.53351e+00
  232  2.32e-03      6.81052e+00       2.93398e-01       4.63814e+00
  233  2.33e-03      6.71243e+00       3.42010e-01       4.58896e+00
  234  2.34e-03      6.76848e+00       2.89621e-01       4.60886e+00
  235  2.35e-03      6.79775e+00       3.44741e-01       4.64675e+00
  236  2.36e-03      6.83796e+00       2.82999e-01       4.65297e+00
  237  2.37e-03      6.85530e+00       2.98195e-01       4.66960e+00
  238  2.38e-03      6.89984e+00       3.18512e-01       4.70607e+00
  239  2.39e-03      6.98497e+00       3.47911e-01       4.77262e+00
  240  2.40e-03      6.89071e+00       3.20758e-01       4.70073e+00
  241  2.41e-03      6.93727e+00       3.05238e-01       4.72659e+00
  242  2.42e-03      6.98079e+00       3.18103e-01       4.75989e+00
  243  2.43e-03      7.00598e+00       2.76679e-01       4.76288e+00
  244  2.44e-03      7.04501e+00       2.57044e-01       4.78236e+00
  245  2.45e-03      6.99974e+00       2.89601e-01       4.76303e+00
  246  2.46e-03      6.98825e+00       2.89688e-01       4.75539e+00
  247  2.47e-03      7.08854e+00       3.02395e-01       4.82649e+00
  248  2.48e-03      7.10203e+00       3.39235e-01       4.84777e+00
  249  2.49e-03      7.20850e+00       3.31434e-01       4.91614e+00
  250  2.50e-03      7.30120e+00       3.12313e-01       4.97157e+00
  251  2.51e-03      7.22937e+00       2.68852e-01       4.90920e+00
  252  2.52e-03      7.29701e+00       2.77316e-01       4.95711e+00
  253  2.53e-03      7.19007e+00       3.10757e-01       4.89696e+00
  254  2.54e-03      7.27279e+00       2.67391e-01       4.93766e+00
  255  2.55e-03      7.18885e+00       3.59982e-01       4.91256e+00
  256  2.56e-03      7.25593e+00       3.06197e-01       4.93935e+00
  257  2.57e-03      7.35152e+00       3.04677e-01       5.00257e+00
  258  2.58e-03      7.36351e+00       3.31645e-01       5.01955e+00
  259  2.59e-03      7.30271e+00       2.65724e-01       4.95705e+00
  260  2.60e-03      7.32600e+00       2.84202e-01       4.97874e+00
  261  2.61e-03      7.32442e+00       2.88070e-01       4.97897e+00
  262  2.62e-03      7.24411e+00       2.67053e-01       4.91842e+00
  263  2.63e-03      7.23985e+00       2.74464e-01       4.91806e+00
  264  2.64e-03      7.26490e+00       2.46690e-01       4.92550e+00
  265  2.65e-03      7.28121e+00       2.91317e-01       4.95124e+00
  266  2.66e-03      7.30935e+00       2.25964e-01       4.94822e+00
  267  2.67e-03      7.39093e+00       2.36607e-01       5.00616e+00
  268  2.68e-03      7.44496e+00       2.77806e-01       5.05591e+00
  269  2.69e-03      7.41744e+00       2.47343e-01       5.02741e+00
  270  2.70e-03      7.37855e+00       2.56494e-01       5.00453e+00
  271  2.71e-03      7.36381e+00       2.82350e-01       5.00333e+00
  272  2.72e-03      7.44463e+00       3.25135e-01       5.07147e+00
  273  2.73e-03      7.56878e+00       3.09607e-01       5.14906e+00
  274  2.74e-03      7.57420e+00       3.28904e-01       5.15910e+00
  275  2.75e-03      7.63150e+00       2.98449e-01       5.18715e+00
  276  2.76e-03      7.63743e+00       2.68605e-01       5.18115e+00
  277  2.77e-03      7.74166e+00       3.14591e-01       5.26597e+00
  278  2.78e-03      7.65122e+00       3.08452e-01       5.20363e+00
  279  2.79e-03      7.71960e+00       2.49833e-01       5.22968e+00
  280  2.80e-03      7.55950e+00       2.97462e-01       5.13882e+00
  281  2.81e-03      7.58817e+00       2.79749e-01       5.15203e+00
  282  2.82e-03      7.58869e+00       2.86388e-01       5.15459e+00
  283  2.83e-03      7.70321e+00       2.92995e-01       5.23314e+00
  284  2.84e-03      7.78739e+00       3.08004e-01       5.29426e+00
  285  2.85e-03      7.78795e+00       3.57429e-01       5.31111e+00
  286  2.86e-03      7.81662e+00       2.75283e-01       5.30284e+00
  287  2.87e-03      7.83486e+00       2.48883e-01       5.30620e+00
  288  2.88e-03      8.04608e+00       2.75583e-01       5.45592e+00
  289  2.89e-03      7.94370e+00       2.77858e-01       5.38842e+00
  290  2.90e-03      8.09165e+00       2.28554e-01       5.47062e+00
  291  2.91e-03      8.11113e+00       2.25360e-01       5.48254e+00
  292  2.92e-03      8.19730e+00       2.65368e-01       5.55333e+00
  293  2.93e-03      8.30415e+00       3.01926e-01       5.63674e+00
  294  2.94e-03      8.43516e+00       2.88631e-01       5.71965e+00
  295  2.95e-03      8.51691e+00       2.95717e-01       5.77651e+00
  296  2.96e-03      8.56532e+00       2.88520e-01       5.80639e+00
  297  2.97e-03      8.75364e+00       2.90970e-01       5.93275e+00
  298  2.98e-03      8.66881e+00       3.34410e-01       5.89068e+00
  299  2.99e-03      8.83654e+00       3.16369e-01       5.99649e+00
  300  3.00e-03      8.79009e+00       3.23139e-01       5.96777e+00
  301  3.01e-03      8.82580e+00       3.03197e-01       5.98493e+00
  302  3.02e-03      8.79239e+00       3.23034e-01       5.96927e+00
  303  3.03e-03      8.75951e+00       3.82531e-01       5.96718e+00
  304  3.04e-03      8.63939e+00       3.00303e-01       5.85970e+00
  305  3.05e-03      8.65076e+00       3.23577e-01       5.87503e+00
  306  3.06e-03      8.83503e+00       2.97940e-01       5.98933e+00
  307  3.07e-03      8.81666e+00       3.13416e-01       5.98224e+00
  308  3.08e-03      8.84686e+00       3.34633e-01       6.00945e+00
  309  3.09e-03      8.88622e+00       2.73545e-01       6.01533e+00
  310  3.10e-03      9.08919e+00       3.24960e-01       6.16778e+00
  311  3.11e-03      9.19911e+00       3.18903e-01       6.23904e+00
  312  3.12e-03      9.27393e+00       3.33214e-01       6.29369e+00
  313  3.13e-03      9.25871e+00       3.08143e-01       6.27519e+00
  314  3.14e-03      9.29965e+00       3.47293e-01       6.31553e+00
  315  3.15e-03      9.38322e+00       3.49081e-01       6.37184e+00
  316  3.16e-03      9.48820e+00       3.34511e-01       6.43697e+00
  317  3.17e-03      9.60279e+00       3.72287e-01       6.52596e+00
  318  3.18e-03      9.75986e+00       3.39281e-01       6.61967e+00
  319  3.19e-03      9.80149e+00       2.83785e-01       6.62892e+00
  320  3.20e-03      9.81925e+00       2.93712e-01       6.64407e+00
  321  3.21e-03      9.83596e+00       3.13209e-01       6.66171e+00
  322  3.22e-03      9.93300e+00       2.69672e-01       6.71189e+00
  323  3.23e-03      9.98306e+00       2.93541e-01       6.75322e+00
  324  3.24e-03      1.01561e+01       2.64865e-01       6.85901e+00
  325  3.25e-03      1.01566e+01       3.30779e-01       6.88135e+00
  326  3.26e-03      1.02889e+01       2.79953e-01       6.95257e+00
  327  3.27e-03      1.02104e+01       3.56143e-01       6.92562e+00
  328  3.28e-03      1.03045e+01       3.12470e-01       6.97384e+00
  329  3.29e-03      1.02944e+01       3.02929e-01       6.96392e+00
  330  3.30e-03      1.03518e+01       3.19500e-01       7.00770e+00
  331  3.31e-03      1.03810e+01       2.83595e-01       7.01520e+00
  332  3.32e-03      1.04035e+01       2.74988e-01       7.02733e+00
  333  3.33e-03      1.04005e+01       2.97946e-01       7.03301e+00
  334  3.34e-03      1.04480e+01       2.56058e-01       7.05067e+00
  335  3.35e-03      1.06122e+01       2.66727e-01       7.16369e+00
  336  3.36e-03      1.06123e+01       3.37598e-01       7.18739e+00
  337  3.37e-03      1.07747e+01       2.76114e-01       7.27515e+00
  338  3.38e-03      1.07851e+01       2.16929e-01       7.26240e+00
  339  3.39e-03      1.09893e+01       2.73960e-01       7.41749e+00
  340  3.40e-03      1.09254e+01       2.83279e-01       7.37800e+00
  341  3.41e-03      1.08661e+01       2.65809e-01       7.33264e+00
  342  3.42e-03      1.09967e+01       3.05895e-01       7.43312e+00
  343  3.43e-03      1.09858e+01       2.53341e-01       7.40833e+00
  344  3.44e-03      1.11146e+01       2.88868e-01       7.50600e+00
  345  3.45e-03      1.11594e+01       3.21311e-01       7.54673e+00
  346  3.46e-03      1.11755e+01       3.69457e-01       7.57346e+00
  347  3.47e-03      1.11686e+01       3.39570e-01       7.55892e+00
  348  3.48e-03      1.12015e+01       3.93963e-01       7.59900e+00
  349  3.49e-03      1.12983e+01       3.87377e-01       7.66134e+00
  350  3.50e-03      1.12082e+01       3.27896e-01       7.58143e+00
  351  3.51e-03      1.12528e+01       3.81672e-01       7.62911e+00
  352  3.52e-03      1.11574e+01       3.72004e-01       7.56227e+00
  353  3.53e-03      1.12509e+01       3.10097e-01       7.60397e+00
  354  3.54e-03      1.12400e+01       2.94504e-01       7.59150e+00
  355  3.55e-03      1.12593e+01       3.27010e-01       7.61521e+00
  356  3.56e-03      1.13579e+01       3.23686e-01       7.67984e+00
  357  3.57e-03      1.14190e+01       2.81827e-01       7.70664e+00
  358  3.58e-03      1.13624e+01       3.09341e-01       7.67802e+00
  359  3.59e-03      1.13748e+01       2.48466e-01       7.66606e+00
  360  3.60e-03      1.12458e+01       2.55672e-01       7.58243e+00
  361  3.61e-03      1.13993e+01       2.83388e-01       7.69399e+00
  362  3.62e-03      1.15461e+01       3.65601e-01       7.81929e+00
  363  3.63e-03      1.12909e+01       2.54161e-01       7.61198e+00
  364  3.64e-03      1.13401e+01       3.11829e-01       7.66403e+00
  365  3.65e-03      1.13327e+01       3.36695e-01       7.66737e+00
  366  3.66e-03      1.12984e+01       3.23444e-01       7.64007e+00
  367  3.67e-03      1.13575e+01       3.20902e-01       7.67865e+00
  368  3.68e-03      1.13116e+01       3.61790e-01       7.66170e+00
  369  3.69e-03      1.12372e+01       3.02490e-01       7.59233e+00
  370  3.70e-03      1.12600e+01       3.18867e-01       7.61298e+00
  371  3.71e-03      1.13166e+01       3.67041e-01       7.66674e+00
  372  3.72e-03      1.13180e+01       3.48469e-01       7.66149e+00
  373  3.73e-03      1.13808e+01       3.73860e-01       7.71180e+00
  374  3.74e-03      1.13898e+01       3.58029e-01       7.71252e+00
  375  3.75e-03      1.14321e+01       3.92257e-01       7.75218e+00
  376  3.76e-03      1.13158e+01       3.26560e-01       7.65274e+00
  377  3.77e-03      1.14801e+01       3.75136e-01       7.77845e+00
  378  3.78e-03      1.14570e+01       2.85102e-01       7.73300e+00
  379  3.79e-03      1.14312e+01       3.07802e-01       7.72341e+00
  380  3.80e-03      1.15309e+01       3.64162e-01       7.80863e+00
  381  3.81e-03      1.16123e+01       3.23683e-01       7.84945e+00
  382  3.82e-03      1.17021e+01       3.47560e-01       7.91726e+00
  383  3.83e-03      1.15625e+01       3.20126e-01       7.81507e+00
  384  3.84e-03      1.15600e+01       3.14685e-01       7.81157e+00
  385  3.85e-03      1.15171e+01       3.31676e-01       7.78864e+00
  386  3.86e-03      1.15322e+01       2.38020e-01       7.76749e+00
  387  3.87e-03      1.15269e+01       3.10300e-01       7.78806e+00
  388  3.88e-03      1.15710e+01       3.29838e-01       7.82397e+00
  389  3.89e-03      1.15167e+01       3.07809e-01       7.78037e+00
  390  3.90e-03      1.14040e+01       2.39943e-01       7.68268e+00
  391  3.91e-03      1.14646e+01       2.36170e-01       7.72179e+00
  392  3.92e-03      1.15479e+01       2.62938e-01       7.78626e+00
  393  3.93e-03      1.15818e+01       2.76601e-01       7.81338e+00
  394  3.94e-03      1.16156e+01       2.95896e-01       7.84237e+00
  395  3.95e-03      1.17916e+01       2.74490e-01       7.95258e+00
  396  3.96e-03      1.18080e+01       2.54114e-01       7.95668e+00
  397  3.97e-03      1.18779e+01       3.77084e-01       8.04431e+00
  398  3.98e-03      1.18622e+01       3.79345e-01       8.03459e+00
  399  3.99e-03      1.19011e+01       2.75586e-01       8.02592e+00
  400  4.00e-03      1.19667e+01       2.55278e-01       8.06291e+00
  401  4.01e-03      1.18580e+01       3.08076e-01       8.00802e+00
  402  4.02e-03      1.19054e+01       2.98714e-01       8.03653e+00
  403  4.03e-03      1.19334e+01       3.29350e-01       8.06539e+00
  404  4.04e-03      1.19742e+01       3.20272e-01       8.08954e+00
  405  4.05e-03      1.19447e+01       3.57937e-01       8.08244e+00
  406  4.06e-03      1.20242e+01       2.94135e-01       8.11419e+00
  407  4.07e-03      1.20083e+01       2.73741e-01       8.09680e+00
  408  4.08e-03      1.20891e+01       3.09052e-01       8.16242e+00
  409  4.09e-03      1.21679e+01       3.03995e-01       8.21324e+00
  410  4.10e-03      1.21278e+01       3.18670e-01       8.19142e+00
  411  4.11e-03      1.23244e+01       3.61600e-01       8.33681e+00
  412  4.12e-03      1.23651e+01       2.80403e-01       8.33688e+00
  413  4.13e-03      1.24748e+01       2.54061e-01       8.40123e+00
  414  4.14e-03      1.24009e+01       3.40309e-01       8.38070e+00
  415  4.15e-03      1.24886e+01       2.26917e-01       8.40136e+00
  416  4.16e-03      1.22819e+01       3.20255e-01       8.29468e+00
  417  4.17e-03      1.23241e+01       3.81907e-01       8.34339e+00
  418  4.18e-03      1.22658e+01       2.92970e-01       8.27489e+00
  419  4.19e-03      1.23444e+01       2.90970e-01       8.32657e+00
  420  4.20e-03      1.23259e+01       3.24348e-01       8.32541e+00
  421  4.21e-03      1.24279e+01       3.49017e-01       8.40161e+00
  422  4.22e-03      1.24138e+01       3.92372e-01       8.40667e+00
  423  4.23e-03      1.23131e+01       3.10637e-01       8.31228e+00
  424  4.24e-03      1.22888e+01       3.36306e-01       8.30466e+00
  425  4.25e-03      1.23362e+01       3.09811e-01       8.32741e+00
  426  4.26e-03      1.25145e+01       2.46785e-01       8.42528e+00
  427  4.27e-03      1.24480e+01       3.08474e-01       8.40149e+00
  428  4.28e-03      1.24162e+01       2.48469e-01       8.36026e+00
  429  4.29e-03      1.24422e+01       3.25472e-01       8.40328e+00
  430  4.30e-03      1.25269e+01       2.70348e-01       8.44135e+00
  431  4.31e-03      1.25299e+01       2.57030e-01       8.43895e+00
  432  4.32e-03      1.25053e+01       2.57089e-01       8.42253e+00
  433  4.33e-03      1.24898e+01       3.24262e-01       8.43462e+00
  434  4.34e-03      1.25257e+01       3.07228e-01       8.45289e+00
  435  4.35e-03      1.26580e+01       3.11671e-01       8.54257e+00
  436  4.36e-03      1.26943e+01       2.95792e-01       8.56144e+00
  437  4.37e-03      1.29052e+01       2.49379e-01       8.68660e+00
  438  4.38e-03      1.28593e+01       2.56975e-01       8.65853e+00
  439  4.39e-03      1.28852e+01       3.01616e-01       8.69065e+00
  440  4.40e-03      1.29145e+01       2.37049e-01       8.68870e+00
  441  4.41e-03      1.30324e+01       2.40829e-01       8.76851e+00
  442  4.42e-03      1.32414e+01       2.52076e-01       8.91161e+00
  443  4.43e-03      1.32202e+01       2.69528e-01       8.90328e+00
  444  4.44e-03      1.33683e+01       2.88883e-01       9.00847e+00
  445  4.45e-03      1.33403e+01       2.76132e-01       8.98555e+00
  446  4.46e-03      1.32860e+01       2.17541e-01       8.92986e+00
  447  4.47e-03      1.31470e+01       2.59479e-01       8.85117e+00
  448  4.48e-03      1.31811e+01       2.54048e-01       8.87211e+00
  449  4.49e-03      1.32348e+01       2.49910e-01       8.90653e+00
  450  4.50e-03      1.31311e+01       2.76547e-01       8.84626e+00
  451  4.51e-03      1.32721e+01       3.01469e-01       8.94858e+00
  452  4.52e-03      1.33213e+01       2.55901e-01       8.96619e+00
  453  4.53e-03      1.32553e+01       2.95528e-01       8.93539e+00
  454  4.54e-03      1.32682e+01       2.86142e-01       8.94082e+00
  455  4.55e-03      1.33022e+01       3.00900e-01       8.96846e+00
  456  4.56e-03      1.33166e+01       3.48438e-01       8.99389e+00
  457  4.57e-03      1.34015e+01       3.67612e-01       9.05687e+00
  458  4.58e-03      1.34968e+01       2.64496e-01       9.08601e+00
  459  4.59e-03      1.34779e+01       3.69735e-01       9.10854e+00
  460  4.60e-03      1.34347e+01       3.02104e-01       9.05720e+00
  461  4.61e-03      1.33758e+01       2.59183e-01       9.00362e+00
  462  4.62e-03      1.33481e+01       3.09331e-01       9.00181e+00
  463  4.63e-03      1.32794e+01       2.91901e-01       8.95026e+00
  464  4.64e-03      1.33011e+01       3.03185e-01       8.96847e+00
  465  4.65e-03      1.34655e+01       2.46496e-01       9.05915e+00
  466  4.66e-03      1.34375e+01       2.96987e-01       9.05731e+00
  467  4.67e-03      1.34144e+01       3.10118e-01       9.04634e+00
  468  4.68e-03      1.35593e+01       3.34046e-01       9.15088e+00
  469  4.69e-03      1.36297e+01       2.95239e-01       9.18485e+00
  470  4.70e-03      1.35767e+01       3.11338e-01       9.15494e+00
  471  4.71e-03      1.35502e+01       2.95448e-01       9.13198e+00
  472  4.72e-03      1.33291e+01       2.89801e-01       8.98265e+00
  473  4.73e-03      1.34216e+01       2.59954e-01       9.03438e+00
  474  4.74e-03      1.33048e+01       2.98034e-01       8.96922e+00
  475  4.75e-03      1.33082e+01       3.01434e-01       8.97263e+00
  476  4.76e-03      1.34879e+01       3.11852e-01       9.09591e+00
  477  4.77e-03      1.34102e+01       2.89944e-01       9.03681e+00
  478  4.78e-03      1.34754e+01       2.91109e-01       9.08067e+00
  479  4.79e-03      1.34260e+01       2.60141e-01       9.03737e+00
  480  4.80e-03      1.35827e+01       3.76567e-01       9.18068e+00
  481  4.81e-03      1.35523e+01       3.63524e-01       9.15607e+00
  482  4.82e-03      1.37378e+01       3.51687e-01       9.27575e+00
  483  4.83e-03      1.36921e+01       3.10246e-01       9.23150e+00
  484  4.84e-03      1.37201e+01       3.40877e-01       9.26036e+00
  485  4.85e-03      1.37115e+01       3.40523e-01       9.25449e+00
  486  4.86e-03      1.36292e+01       3.36309e-01       9.19826e+00
  487  4.87e-03      1.37649e+01       3.26995e-01       9.28557e+00
  488  4.88e-03      1.36893e+01       3.57870e-01       9.24551e+00
  489  4.89e-03      1.38985e+01       3.49066e-01       9.38201e+00
  490  4.90e-03      1.37685e+01       3.79106e-01       9.30539e+00
  491  4.91e-03      1.39437e+01       3.27787e-01       9.40508e+00
  492  4.92e-03      1.37947e+01       3.15952e-01       9.30176e+00
  493  4.93e-03      1.36516e+01       3.37447e-01       9.21353e+00
  494  4.94e-03      1.37155e+01       2.97761e-01       9.24291e+00
  495  4.95e-03      1.37386e+01       3.26938e-01       9.26804e+00
  496  4.96e-03      1.38359e+01       3.12548e-01       9.32812e+00
  497  4.97e-03      1.39527e+01       2.82328e-01       9.39588e+00
  498  4.98e-03      1.41540e+01       3.54349e-01       9.55414e+00
  499  4.99e-03      1.41028e+01       2.96067e-01       9.50057e+00
  500  5.00e-03      1.42126e+01       3.75801e-01       9.60035e+00
  501  5.01e-03      1.41079e+01       3.99561e-01       9.53845e+00
  502  5.02e-03      1.41447e+01       3.34555e-01       9.54130e+00
  503  5.03e-03      1.42280e+01       3.66058e-01       9.60738e+00
  504  5.04e-03      1.42889e+01       3.46822e-01       9.64157e+00
  505  5.05e-03      1.43366e+01       3.06950e-01       9.66004e+00
  506  5.06e-03      1.43962e+01       3.01605e-01       9.69800e+00
  507  5.07e-03      1.44242e+01       2.93093e-01       9.71381e+00
  508  5.08e-03      1.42803e+01       3.37469e-01       9.63266e+00
  509  5.09e-03      1.44464e+01       2.60722e-01       9.71786e+00
  510  5.10e-03      1.44676e+01       2.51246e-01       9.72882e+00
  511  5.11e-03      1.44528e+01       2.82116e-01       9.72922e+00
  512  5.12e-03      1.45384e+01       2.65077e-01       9.78059e+00
  513  5.13e-03      1.47236e+01       2.32222e-01       9.89317e+00
  514  5.14e-03      1.47230e+01       2.56955e-01       9.90102e+00
  515  5.15e-03      1.46731e+01       2.81957e-01       9.87605e+00
  516  5.16e-03      1.45658e+01       2.82144e-01       9.80456e+00
  517  5.17e-03      1.44596e+01       3.09560e-01       9.74294e+00
  518  5.18e-03      1.44722e+01       2.70029e-01       9.73814e+00
  519  5.19e-03      1.42880e+01       2.37589e-01       9.60452e+00
  520  5.20e-03      1.42818e+01       2.94803e-01       9.61944e+00
  521  5.21e-03      1.42744e+01       2.94035e-01       9.61428e+00
  522  5.22e-03      1.43143e+01       3.41213e-01       9.65662e+00
  523  5.23e-03      1.42951e+01       3.06531e-01       9.63226e+00
  524  5.24e-03      1.43002e+01       3.17262e-01       9.63920e+00
  525  5.25e-03      1.44520e+01       3.79944e-01       9.76134e+00
  526  5.26e-03      1.43518e+01       3.05697e-01       9.66977e+00
  527  5.27e-03      1.45074e+01       3.28034e-01       9.78096e+00
  528  5.28e-03      1.45434e+01       3.60439e-01       9.81572e+00
  529  5.29e-03      1.46194e+01       2.79968e-01       9.83958e+00
  530  5.30e-03      1.44700e+01       3.25638e-01       9.75523e+00
  531  5.31e-03      1.45320e+01       2.89881e-01       9.78461e+00
  532  5.32e-03      1.46403e+01       3.00674e-01       9.86043e+00
  533  5.33e-03      1.45826e+01       3.20493e-01       9.82855e+00
  534  5.34e-03      1.46834e+01       3.18968e-01       9.89525e+00
  535  5.35e-03      1.46078e+01       3.24474e-01       9.84669e+00
  536  5.36e-03      1.49130e+01       3.18236e-01       1.00481e+01
  537  5.37e-03      1.47534e+01       3.10638e-01       9.93913e+00
  538  5.38e-03      1.49250e+01       2.99169e-01       1.00497e+01
  539  5.39e-03      1.49562e+01       2.62350e-01       1.00583e+01
  540  5.40e-03      1.50631e+01       2.77417e-01       1.01345e+01
  541  5.41e-03      1.50196e+01       2.76154e-01       1.01051e+01
  542  5.42e-03      1.48559e+01       2.77647e-01       9.99650e+00
  543  5.43e-03      1.49123e+01       2.13224e-01       1.00126e+01
  544  5.44e-03      1.48122e+01       2.58529e-01       9.96099e+00
  545  5.45e-03      1.47540e+01       2.46388e-01       9.91816e+00
  546  5.46e-03      1.46984e+01       2.57979e-01       9.88493e+00
  547  5.47e-03      1.49129e+01       2.69114e-01       1.00316e+01
  548  5.48e-03      1.48958e+01       2.36181e-01       1.00093e+01
  549  5.49e-03      1.48733e+01       2.54774e-01       1.00005e+01
  550  5.50e-03      1.47048e+01       2.88190e-01       9.89930e+00
  551  5.51e-03      1.47003e+01       2.86446e-01       9.89566e+00
  552  5.52e-03      1.48363e+01       2.83484e-01       9.98539e+00
  553  5.53e-03      1.48647e+01       2.83558e-01       1.00043e+01
  554  5.54e-03      1.50451e+01       3.20538e-01       1.01369e+01
  555  5.55e-03      1.48088e+01       3.42611e-01       9.98677e+00
  556  5.56e-03      1.49695e+01       3.10379e-01       1.00831e+01
  557  5.57e-03      1.49414e+01       3.42795e-01       1.00752e+01
  558  5.58e-03      1.48747e+01       2.60644e-01       1.00033e+01
  559  5.59e-03      1.48247e+01       2.34493e-01       9.96129e+00
  560  5.60e-03      1.49320e+01       2.78399e-01       1.00474e+01
  561  5.61e-03      1.49595e+01       2.47862e-01       1.00556e+01
  562  5.62e-03      1.48469e+01       2.47613e-01       9.98047e+00
  563  5.63e-03      1.50105e+01       3.28197e-01       1.01164e+01
  564  5.64e-03      1.47584e+01       3.06161e-01       9.94096e+00
  565  5.65e-03      1.49065e+01       2.76873e-01       1.00299e+01
  566  5.66e-03      1.49164e+01       3.43556e-01       1.00588e+01
  567  5.67e-03      1.50057e+01       2.98457e-01       1.01033e+01
  568  5.68e-03      1.48416e+01       2.96641e-01       9.99328e+00
  569  5.69e-03      1.48278e+01       3.18057e-01       9.99120e+00
  570  5.70e-03      1.50070e+01       3.28020e-01       1.01140e+01
  571  5.71e-03      1.50673e+01       2.78345e-01       1.01376e+01
  572  5.72e-03      1.52689e+01       2.85531e-01       1.02744e+01
  573  5.73e-03      1.51325e+01       2.92652e-01       1.01859e+01
  574  5.74e-03      1.54337e+01       2.91039e-01       1.03862e+01
  575  5.75e-03      1.55470e+01       2.45224e-01       1.04464e+01
  576  5.76e-03      1.56569e+01       2.76868e-01       1.05302e+01
  577  5.77e-03      1.55574e+01       2.81976e-01       1.04656e+01
  578  5.78e-03      1.55473e+01       2.58166e-01       1.04509e+01
  579  5.79e-03      1.55194e+01       2.61953e-01       1.04336e+01
  580  5.80e-03      1.56567e+01       2.80404e-01       1.05313e+01
  581  5.81e-03      1.57816e+01       2.97360e-01       1.06202e+01
  582  5.82e-03      1.56032e+01       2.88568e-01       1.04983e+01
  583  5.83e-03      1.58186e+01       3.01754e-01       1.06463e+01
  584  5.84e-03      1.55707e+01       2.97799e-01       1.04797e+01
  585  5.85e-03      1.57180e+01       2.69863e-01       1.05687e+01
  586  5.86e-03      1.57204e+01       2.99813e-01       1.05802e+01
  587  5.87e-03      1.58697e+01       2.89685e-01       1.06764e+01
  588  5.88e-03      1.58682e+01       2.63723e-01       1.06667e+01
  589  5.89e-03      1.59576e+01       3.22483e-01       1.07459e+01
  590  5.90e-03      1.61931e+01       2.54976e-01       1.08804e+01
  591  5.91e-03      1.61354e+01       2.23900e-01       1.08316e+01
  592  5.92e-03      1.63876e+01       2.76089e-01       1.10171e+01
  593  5.93e-03      1.61972e+01       2.39258e-01       1.08779e+01
  594  5.94e-03      1.63542e+01       2.41568e-01       1.09833e+01
  595  5.95e-03      1.64062e+01       3.21472e-01       1.10446e+01
  596  5.96e-03      1.65142e+01       2.83771e-01       1.11041e+01
  597  5.97e-03      1.65675e+01       2.68144e-01       1.11344e+01
  598  5.98e-03      1.65723e+01       3.27776e-01       1.11575e+01
  599  5.99e-03      1.67202e+01       3.30376e-01       1.12569e+01
  600  6.00e-03      1.67834e+01       3.05298e-01       1.12907e+01
  601  6.01e-03      1.69650e+01       3.27593e-01       1.14192e+01
  602  6.02e-03      1.68685e+01       3.52105e-01       1.13630e+01
  603  6.03e-03      1.69085e+01       2.91478e-01       1.13695e+01
  604  6.04e-03      1.70039e+01       3.05643e-01       1.14378e+01
  605  6.05e-03      1.72794e+01       2.92813e-01       1.16172e+01
  606  6.06e-03      1.72557e+01       3.16880e-01       1.16094e+01
  607  6.07e-03      1.72519e+01       2.97777e-01       1.16005e+01
  608  6.08e-03      1.71317e+01       2.38018e-01       1.15004e+01
  609  6.09e-03      1.71667e+01       2.66211e-01       1.15332e+01
  610  6.10e-03      1.73588e+01       2.76350e-01       1.16646e+01
  611  6.11e-03      1.72205e+01       3.05586e-01       1.15822e+01
  612  6.12e-03      1.73751e+01       2.99521e-01       1.16832e+01
  613  6.13e-03      1.73573e+01       2.65824e-01       1.16602e+01
  614  6.14e-03      1.74442e+01       3.17549e-01       1.17353e+01
  615  6.15e-03      1.75560e+01       2.91736e-01       1.18012e+01
  616  6.16e-03      1.75670e+01       2.53846e-01       1.17960e+01
  617  6.17e-03      1.76827e+01       2.93020e-01       1.18861e+01
  618  6.18e-03      1.75774e+01       3.46768e-01       1.18339e+01
  619  6.19e-03      1.77520e+01       3.07375e-01       1.19372e+01
  620  6.20e-03      1.74058e+01       3.36355e-01       1.17160e+01
  621  6.21e-03      1.75501e+01       3.68557e-01       1.18229e+01
  622  6.22e-03      1.74408e+01       2.83713e-01       1.17218e+01
  623  6.23e-03      1.75519e+01       3.46965e-01       1.18169e+01
  624  6.24e-03      1.74431e+01       3.39144e-01       1.17418e+01
  625  6.25e-03      1.75291e+01       2.44849e-01       1.17677e+01
  626  6.26e-03      1.74124e+01       2.11475e-01       1.16788e+01
  627  6.27e-03      1.74857e+01       2.71410e-01       1.17476e+01
  628  6.28e-03      1.74906e+01       2.72457e-01       1.17512e+01
  629  6.29e-03      1.73010e+01       2.69792e-01       1.16239e+01
  630  6.30e-03      1.73931e+01       3.04879e-01       1.16970e+01
  631  6.31e-03      1.72035e+01       3.19616e-01       1.15755e+01
  632  6.32e-03      1.74209e+01       2.51377e-01       1.16977e+01
  633  6.33e-03      1.72082e+01       2.74699e-01       1.15637e+01
  634  6.34e-03      1.72133e+01       2.74367e-01       1.15670e+01
  635  6.35e-03      1.72413e+01       3.00955e-01       1.15945e+01
  636  6.36e-03      1.74056e+01       2.74474e-01       1.16952e+01
  637  6.37e-03      1.74245e+01       3.37252e-01       1.17287e+01
  638  6.38e-03      1.72482e+01       2.59314e-01       1.15852e+01
  639  6.39e-03      1.75673e+01       2.98190e-01       1.18109e+01
  640  6.40e-03      1.73978e+01       3.72695e-01       1.17228e+01
  641  6.41e-03      1.77747e+01       3.33212e-01       1.19609e+01
  642  6.42e-03      1.75188e+01       3.62393e-01       1.18000e+01
  643  6.43e-03      1.76241e+01       3.95063e-01       1.18811e+01
  644  6.44e-03      1.76158e+01       3.54008e-01       1.18619e+01
  645  6.45e-03      1.76981e+01       3.32839e-01       1.19097e+01
  646  6.46e-03      1.78519e+01       3.60229e-01       1.20213e+01
  647  6.47e-03      1.76720e+01       3.22766e-01       1.18889e+01
  648  6.48e-03      1.77978e+01       2.97254e-01       1.19643e+01
  649  6.49e-03      1.75982e+01       3.54085e-01       1.18502e+01
  650  6.50e-03      1.77557e+01       3.03715e-01       1.19384e+01
  651  6.51e-03      1.75251e+01       2.43044e-01       1.17644e+01
  652  6.52e-03      1.76653e+01       3.02276e-01       1.18776e+01
  653  6.53e-03      1.75981e+01       2.78899e-01       1.18251e+01
  654  6.54e-03      1.76010e+01       3.13272e-01       1.18384e+01
  655  6.55e-03      1.73643e+01       2.90493e-01       1.16730e+01
  656  6.56e-03      1.72377e+01       2.41086e-01       1.15721e+01
  657  6.57e-03      1.75638e+01       2.45215e-01       1.17909e+01
  658  6.58e-03      1.72521e+01       2.63393e-01       1.15892e+01
  659  6.59e-03      1.74658e+01       2.46204e-01       1.17259e+01
  660  6.60e-03      1.72424e+01       2.46710e-01       1.15772e+01
  661  6.61e-03      1.76263e+01       3.00457e-01       1.18510e+01
  662  6.62e-03      1.75275e+01       2.06034e-01       1.17537e+01
  663  6.63e-03      1.75772e+01       2.70653e-01       1.18083e+01
  664  6.64e-03      1.74830e+01       3.07253e-01       1.17578e+01
  665  6.65e-03      1.74753e+01       2.66286e-01       1.17390e+01
  666  6.66e-03      1.76552e+01       2.85827e-01       1.18654e+01
  667  6.67e-03      1.73753e+01       3.00172e-01       1.16836e+01
  668  6.68e-03      1.77499e+01       3.21665e-01       1.19405e+01
  669  6.69e-03      1.76133e+01       2.97635e-01       1.18414e+01
  670  6.70e-03      1.78346e+01       3.09412e-01       1.19929e+01
  671  6.71e-03      1.79239e+01       2.35953e-01       1.20279e+01
  672  6.72e-03      1.80624e+01       3.08995e-01       1.21446e+01
  673  6.73e-03      1.82094e+01       2.08545e-01       1.22091e+01
  674  6.74e-03      1.83244e+01       2.47541e-01       1.22988e+01
  675  6.75e-03      1.85275e+01       2.78634e-01       1.24445e+01
  676  6.76e-03      1.83187e+01       2.80424e-01       1.23060e+01
  677  6.77e-03      1.85207e+01       2.87079e-01       1.24428e+01
  678  6.78e-03      1.83529e+01       3.18427e-01       1.23414e+01
  679  6.79e-03      1.86997e+01       3.12149e-01       1.25705e+01
  680  6.80e-03      1.85311e+01       3.10005e-01       1.24574e+01
  681  6.81e-03      1.85852e+01       3.70670e-01       1.25137e+01
  682  6.82e-03      1.84865e+01       3.00942e-01       1.24247e+01
  683  6.83e-03      1.85589e+01       4.12299e-01       1.25101e+01
  684  6.84e-03      1.85715e+01       4.08765e-01       1.25172e+01
  685  6.85e-03      1.84358e+01       3.74116e-01       1.24152e+01
  686  6.86e-03      1.86137e+01       3.77938e-01       1.25351e+01
  687  6.87e-03      1.84813e+01       3.74001e-01       1.24455e+01
  688  6.88e-03      1.87274e+01       3.36531e-01       1.25971e+01
  689  6.89e-03      1.86295e+01       3.61350e-01       1.25401e+01
  690  6.90e-03      1.87491e+01       3.41003e-01       1.26131e+01
  691  6.91e-03      1.88306e+01       4.05552e-01       1.26889e+01
  692  6.92e-03      1.89318e+01       3.49107e-01       1.27376e+01
  693  6.93e-03      1.89724e+01       3.03737e-01       1.27495e+01
  694  6.94e-03      1.89097e+01       2.90250e-01       1.27032e+01
  695  6.95e-03      1.90677e+01       2.62447e-01       1.27993e+01
  696  6.96e-03      1.87279e+01       3.34195e-01       1.25967e+01
  697  6.97e-03      1.88381e+01       2.92280e-01       1.26561e+01
  698  6.98e-03      1.86769e+01       2.34179e-01       1.25294e+01
  699  6.99e-03      1.86926e+01       2.94215e-01       1.25598e+01
  700  7.00e-03      1.86226e+01       3.11050e-01       1.25187e+01
  701  7.01e-03      1.84926e+01       2.99637e-01       1.24283e+01
  702  7.02e-03      1.85270e+01       2.85789e-01       1.24466e+01
  703  7.03e-03      1.84909e+01       2.23935e-01       1.24019e+01
  704  7.04e-03      1.86559e+01       2.76778e-01       1.25295e+01
  705  7.05e-03      1.83749e+01       3.14666e-01       1.23548e+01
  706  7.06e-03      1.86756e+01       3.32728e-01       1.25613e+01
  707  7.07e-03      1.85421e+01       2.83535e-01       1.24559e+01
  708  7.08e-03      1.88504e+01       3.16986e-01       1.26726e+01
  709  7.09e-03      1.89102e+01       3.03298e-01       1.27079e+01
  710  7.10e-03      1.89103e+01       2.66392e-01       1.26957e+01
  711  7.11e-03      1.89976e+01       2.79813e-01       1.27584e+01
  712  7.12e-03      1.89277e+01       2.78929e-01       1.27114e+01
  713  7.13e-03      1.91027e+01       3.38445e-01       1.28480e+01
  714  7.14e-03      1.88175e+01       2.87990e-01       1.26410e+01
  715  7.15e-03      1.90926e+01       2.94783e-01       1.28266e+01
  716  7.16e-03      1.90773e+01       3.02252e-01       1.28190e+01
  717  7.17e-03      1.92775e+01       3.10415e-01       1.29551e+01
  718  7.18e-03      1.90469e+01       2.39007e-01       1.27776e+01
  719  7.19e-03      1.92607e+01       2.55798e-01       1.29257e+01
  720  7.20e-03      1.90473e+01       3.01162e-01       1.27986e+01
  721  7.21e-03      1.90840e+01       2.44077e-01       1.28040e+01
  722  7.22e-03      1.92703e+01       2.12108e-01       1.29175e+01
  723  7.23e-03      1.91294e+01       2.76197e-01       1.28450e+01
  724  7.24e-03      1.94967e+01       3.20246e-01       1.31045e+01
  725  7.25e-03      1.94525e+01       2.41659e-01       1.30489e+01
  726  7.26e-03      1.96015e+01       2.80320e-01       1.31611e+01
  727  7.27e-03      1.93608e+01       3.25983e-01       1.30159e+01
  728  7.28e-03      1.94354e+01       3.21307e-01       1.30640e+01
  729  7.29e-03      1.94583e+01       3.20513e-01       1.30790e+01
  730  7.30e-03      1.94520e+01       3.28813e-01       1.30776e+01
  731  7.31e-03      1.97597e+01       3.39946e-01       1.32864e+01
  732  7.32e-03      1.96089e+01       3.20519e-01       1.31795e+01
  733  7.33e-03      1.99182e+01       3.82755e-01       1.34064e+01
  734  7.34e-03      1.96330e+01       3.51737e-01       1.32059e+01
  735  7.35e-03      1.97207e+01       3.64513e-01       1.32687e+01
  736  7.36e-03      1.96436e+01       3.83949e-01       1.32237e+01
  737  7.37e-03      1.99218e+01       2.91531e-01       1.33784e+01
  738  7.38e-03      1.98762e+01       3.13451e-01       1.33553e+01
  739  7.39e-03      1.95754e+01       3.54169e-01       1.31683e+01
  740  7.40e-03      2.00028e+01       3.31734e-01       1.34458e+01
  741  7.41e-03      1.95376e+01       3.98425e-01       1.31578e+01
  742  7.42e-03      2.00225e+01       3.68559e-01       1.34712e+01
  743  7.43e-03      2.00655e+01       3.67825e-01       1.34996e+01
  744  7.44e-03      2.01945e+01       3.68992e-01       1.35860e+01
  745  7.45e-03      1.99783e+01       4.10460e-01       1.34557e+01
  746  7.46e-03      1.99889e+01       4.33458e-01       1.34704e+01
  747  7.47e-03      1.97718e+01       4.09928e-01       1.33178e+01
  748  7.48e-03      1.99395e+01       2.57362e-01       1.33788e+01
  749  7.49e-03      2.00276e+01       2.96927e-01       1.34507e+01
  750  7.50e-03      1.98970e+01       3.31698e-01       1.33752e+01
  751  7.51e-03      2.02219e+01       2.98351e-01       1.35807e+01
  752  7.52e-03      2.00929e+01       3.52707e-01       1.35128e+01
  753  7.53e-03      2.02555e+01       3.04417e-01       1.36051e+01
  754  7.54e-03      2.01239e+01       3.42741e-01       1.35302e+01
  755  7.55e-03      2.03373e+01       2.77015e-01       1.36506e+01
  756  7.56e-03      2.02736e+01       2.71389e-01       1.36062e+01
  757  7.57e-03      1.99613e+01       2.86739e-01       1.34031e+01
  758  7.58e-03      2.00567e+01       2.79718e-01       1.34644e+01
  759  7.59e-03      1.98978e+01       2.62764e-01       1.33528e+01
  760  7.60e-03      2.02110e+01       2.24139e-01       1.35487e+01
  761  7.61e-03      2.00466e+01       2.63948e-01       1.34524e+01
  762  7.62e-03      2.01762e+01       2.41350e-01       1.35312e+01
  763  7.63e-03      2.00276e+01       2.84916e-01       1.34467e+01
  764  7.64e-03      2.00913e+01       2.82878e-01       1.34885e+01
  765  7.65e-03      1.99260e+01       2.87995e-01       1.33800e+01
  766  7.66e-03      1.98884e+01       2.84403e-01       1.33537e+01
  767  7.67e-03      2.00136e+01       2.79420e-01       1.34356e+01
  768  7.68e-03      1.99640e+01       2.49405e-01       1.33925e+01
  769  7.69e-03      2.00468e+01       3.23272e-01       1.34723e+01
  770  7.70e-03      1.97842e+01       2.96038e-01       1.32882e+01
  771  7.71e-03      2.00714e+01       2.43220e-01       1.34620e+01
  772  7.72e-03      1.97776e+01       2.26869e-01       1.32607e+01
  773  7.73e-03      1.97482e+01       2.25235e-01       1.32405e+01
  774  7.74e-03      1.98237e+01       2.17508e-01       1.32883e+01
  775  7.75e-03      1.97896e+01       1.85242e-01       1.32548e+01
  776  7.76e-03      1.98691e+01       2.15392e-01       1.33179e+01
  777  7.77e-03      1.97371e+01       2.17250e-01       1.32305e+01
  778  7.78e-03      1.99239e+01       2.30041e-01       1.33593e+01
  779  7.79e-03      1.97610e+01       2.57567e-01       1.32599e+01
  780  7.80e-03      2.00931e+01       2.42141e-01       1.34761e+01
  781  7.81e-03      1.98085e+01       2.39123e-01       1.32854e+01
  782  7.82e-03      1.99177e+01       2.53801e-01       1.33631e+01
  783  7.83e-03      1.97002e+01       2.63914e-01       1.32214e+01
  784  7.84e-03      1.99132e+01       2.60129e-01       1.33622e+01
  785  7.85e-03      2.00580e+01       2.72276e-01       1.34628e+01
  786  7.86e-03      2.00247e+01       3.00750e-01       1.34501e+01
  787  7.87e-03      2.01706e+01       2.55671e-01       1.35323e+01
  788  7.88e-03      1.99004e+01       3.03148e-01       1.33680e+01
  789  7.89e-03      2.02706e+01       2.51800e-01       1.35977e+01
  790  7.90e-03      2.00337e+01       2.95896e-01       1.34544e+01
  791  7.91e-03      2.02761e+01       2.96514e-01       1.36162e+01
  792  7.92e-03      2.01678e+01       2.70580e-01       1.35354e+01
  793  7.93e-03      2.03220e+01       3.05994e-01       1.36500e+01
  794  7.94e-03      2.03832e+01       2.22238e-01       1.36629e+01
  795  7.95e-03      2.01638e+01       3.08062e-01       1.35452e+01
  796  7.96e-03      2.01116e+01       2.72093e-01       1.34984e+01
  797  7.97e-03      1.99870e+01       2.53762e-01       1.34092e+01
  798  7.98e-03      2.01948e+01       2.40335e-01       1.35433e+01
  799  7.99e-03      2.01600e+01       2.53912e-01       1.35247e+01
  800  8.00e-03      2.03826e+01       2.17980e-01       1.36611e+01
  801  8.01e-03      1.99900e+01       2.59361e-01       1.34131e+01
  802  8.02e-03      2.00602e+01       3.23968e-01       1.34815e+01
  803  8.03e-03      1.99017e+01       3.19331e-01       1.33743e+01
  804  8.04e-03      1.98537e+01       2.86265e-01       1.33312e+01
  805  8.05e-03      1.99202e+01       3.07177e-01       1.33825e+01
  806  8.06e-03      1.96235e+01       3.12459e-01       1.31865e+01
  807  8.07e-03      2.00355e+01       3.43294e-01       1.34715e+01
  808  8.08e-03      1.97545e+01       2.68393e-01       1.32591e+01
  809  8.09e-03      2.01050e+01       2.76576e-01       1.34955e+01
  810  8.10e-03      1.99087e+01       3.28169e-01       1.33818e+01
  811  8.11e-03      2.00689e+01       3.48607e-01       1.34954e+01
  812  8.12e-03      1.99786e+01       3.01114e-01       1.34194e+01
  813  8.13e-03      1.98805e+01       2.73594e-01       1.33449e+01
  814  8.14e-03      2.00385e+01       3.09904e-01       1.34623e+01
  815  8.15e-03      1.95750e+01       2.81750e-01       1.31439e+01
  816  8.16e-03      1.98910e+01       3.16056e-01       1.33660e+01
  817  8.17e-03      1.94370e+01       2.95713e-01       1.30565e+01
  818  8.18e-03      1.96579e+01       3.05618e-01       1.32072e+01
  819  8.19e-03      1.94469e+01       2.26949e-01       1.30402e+01
  820  8.20e-03      1.98358e+01       2.76644e-01       1.33161e+01
  821  8.21e-03      1.97316e+01       2.55528e-01       1.32396e+01
  822  8.22e-03      1.99335e+01       2.46095e-01       1.33710e+01
  823  8.23e-03      2.00733e+01       2.78413e-01       1.34750e+01
  824  8.24e-03      1.99620e+01       2.54083e-01       1.33927e+01
  825  8.25e-03      2.02101e+01       2.83874e-01       1.35680e+01
  826  8.26e-03      1.98607e+01       2.66861e-01       1.33294e+01
  827  8.27e-03      2.03784e+01       2.83542e-01       1.36801e+01
  828  8.28e-03      2.02458e+01       2.66840e-01       1.35862e+01
  829  8.29e-03      2.04673e+01       2.84474e-01       1.37397e+01
  830  8.30e-03      2.04308e+01       2.75267e-01       1.37123e+01
  831  8.31e-03      2.02349e+01       2.49422e-01       1.35731e+01
  832  8.32e-03      2.04191e+01       3.05966e-01       1.37147e+01
  833  8.33e-03      2.01598e+01       2.63818e-01       1.35278e+01
  834  8.34e-03      2.05068e+01       2.62713e-01       1.37588e+01
  835  8.35e-03      2.03024e+01       2.70792e-01       1.36252e+01
  836  8.36e-03      2.03543e+01       2.25498e-01       1.36447e+01
  837  8.37e-03      2.01188e+01       3.01206e-01       1.35129e+01
  838  8.38e-03      2.03690e+01       3.02811e-01       1.36803e+01
  839  8.39e-03      2.03335e+01       2.60015e-01       1.36424e+01
  840  8.40e-03      2.01107e+01       3.24503e-01       1.35153e+01
  841  8.41e-03      2.00028e+01       2.81226e-01       1.34289e+01
  842  8.42e-03      1.97039e+01       2.71066e-01       1.32263e+01
  843  8.43e-03      1.97091e+01       3.29531e-01       1.32493e+01
  844  8.44e-03      1.95899e+01       3.07410e-01       1.31624e+01
  845  8.45e-03      1.99038e+01       3.36602e-01       1.33814e+01
  846  8.46e-03      1.97547e+01       3.60968e-01       1.32901e+01
  847  8.47e-03      2.01393e+01       2.75011e-01       1.35179e+01
  848  8.48e-03      2.02179e+01       3.31852e-01       1.35892e+01
  849  8.49e-03      2.05407e+01       2.87952e-01       1.37898e+01
  850  8.50e-03      2.03636e+01       2.70430e-01       1.36659e+01
  851  8.51e-03      2.03247e+01       2.84693e-01       1.36447e+01
  852  8.52e-03      2.06659e+01       2.66895e-01       1.38662e+01
  853  8.53e-03      2.05123e+01       2.90478e-01       1.37717e+01
  854  8.54e-03      2.08697e+01       3.36462e-01       1.40253e+01
  855  8.55e-03      2.07060e+01       3.38684e-01       1.39169e+01
  856  8.56e-03      2.10695e+01       3.11419e-01       1.41501e+01
  857  8.57e-03      2.08491e+01       3.24755e-01       1.40076e+01
  858  8.58e-03      2.06816e+01       2.76905e-01       1.38800e+01
  859  8.59e-03      2.07756e+01       2.99123e-01       1.39501e+01
  860  8.60e-03      2.07428e+01       2.93077e-01       1.39262e+01
  861  8.61e-03      2.08721e+01       2.26889e-01       1.39903e+01
  862  8.62e-03      2.05441e+01       2.44737e-01       1.37777e+01
  863  8.63e-03      2.10265e+01       2.41915e-01       1.40983e+01
  864  8.64e-03      2.07601e+01       2.23314e-01       1.39145e+01
  865  8.65e-03      2.12906e+01       2.57836e-01       1.42797e+01
  866  8.66e-03      2.09305e+01       2.11093e-01       1.40240e+01
  867  8.67e-03      2.11751e+01       2.56750e-01       1.42023e+01
  868  8.68e-03      2.10525e+01       2.86997e-01       1.41306e+01
  869  8.69e-03      2.09503e+01       3.07751e-01       1.40694e+01
  870  8.70e-03      2.10349e+01       3.11026e-01       1.41269e+01
  871  8.71e-03      2.08297e+01       2.91448e-01       1.39836e+01
  872  8.72e-03      2.12622e+01       3.00784e-01       1.42750e+01
  873  8.73e-03      2.08502e+01       2.88279e-01       1.39963e+01
  874  8.74e-03      2.10084e+01       3.12697e-01       1.41098e+01
  875  8.75e-03      2.09838e+01       2.69684e-01       1.40791e+01
  876  8.76e-03      2.11735e+01       2.38504e-01       1.41952e+01
  877  8.77e-03      2.11930e+01       2.93943e-01       1.42266e+01
  878  8.78e-03      2.11044e+01       3.12679e-01       1.41738e+01
  879  8.79e-03      2.13156e+01       3.30648e-01       1.43206e+01
  880  8.80e-03      2.10029e+01       3.21711e-01       1.41092e+01
  881  8.81e-03      2.13416e+01       3.11507e-01       1.43316e+01
  882  8.82e-03      2.10176e+01       3.36266e-01       1.41238e+01
  883  8.83e-03      2.13911e+01       3.04835e-01       1.43623e+01
  884  8.84e-03      2.10592e+01       2.88086e-01       1.41355e+01
  885  8.85e-03      2.16329e+01       3.51717e-01       1.45392e+01
  886  8.86e-03      2.16114e+01       3.82604e-01       1.45352e+01
  887  8.87e-03      2.15441e+01       3.49651e-01       1.44793e+01
  888  8.88e-03      2.17265e+01       3.37215e-01       1.45967e+01
  889  8.89e-03      2.17553e+01       3.15855e-01       1.46088e+01
  890  8.90e-03      2.18917e+01       3.48600e-01       1.47107e+01
  891  8.91e-03      2.13852e+01       3.61367e-01       1.43772e+01
  892  8.92e-03      2.17700e+01       3.64625e-01       1.46349e+01
  893  8.93e-03      2.14855e+01       3.13308e-01       1.44281e+01
  894  8.94e-03      2.17363e+01       3.74021e-01       1.46155e+01
  895  8.95e-03      2.15496e+01       3.06511e-01       1.44685e+01
  896  8.96e-03      2.17228e+01       2.15059e-01       1.45536e+01
  897  8.97e-03      2.20365e+01       2.48799e-01       1.47739e+01
  898  8.98e-03      2.20171e+01       3.48393e-01       1.47942e+01
  899  8.99e-03      2.22691e+01       3.36416e-01       1.49582e+01
  900  9.00e-03      2.20013e+01       3.28339e-01       1.47770e+01
  901  9.01e-03      2.22482e+01       3.77666e-01       1.49580e+01
  902  9.02e-03      2.19288e+01       3.13312e-01       1.47236e+01
  903  9.03e-03      2.21924e+01       3.31839e-01       1.49055e+01
  904  9.04e-03      2.19157e+01       2.95712e-01       1.47091e+01
  905  9.05e-03      2.19011e+01       3.17754e-01       1.47066e+01
  906  9.06e-03      2.20607e+01       2.94777e-01       1.48054e+01
  907  9.07e-03      2.17817e+01       2.80571e-01       1.46147e+01
  908  9.08e-03      2.20424e+01       3.18592e-01       1.48011e+01
  909  9.09e-03      2.14044e+01       3.38363e-01       1.43824e+01
  910  9.10e-03      2.17440e+01       3.09158e-01       1.45990e+01
  911  9.11e-03      2.14011e+01       3.87646e-01       1.43966e+01
  912  9.12e-03      2.18068e+01       3.33323e-01       1.46490e+01
  913  9.13e-03      2.17364e+01       2.66973e-01       1.45799e+01
  914  9.14e-03      2.17761e+01       2.62283e-01       1.46049e+01
  915  9.15e-03      2.19710e+01       3.51143e-01       1.47644e+01
  916  9.16e-03      2.18581e+01       3.01168e-01       1.46725e+01
  917  9.17e-03      2.23578e+01       3.30909e-01       1.50155e+01
  918  9.18e-03      2.20017e+01       3.25856e-01       1.47764e+01
  919  9.19e-03      2.25139e+01       3.15706e-01       1.51145e+01
  920  9.20e-03      2.21640e+01       3.20064e-01       1.48827e+01
  921  9.21e-03      2.25060e+01       3.14405e-01       1.51088e+01
  922  9.22e-03      2.24979e+01       2.93726e-01       1.50965e+01
  923  9.23e-03      2.26296e+01       2.63768e-01       1.51743e+01
  924  9.24e-03      2.24891e+01       3.17961e-01       1.50987e+01
  925  9.25e-03      2.22410e+01       2.54391e-01       1.49121e+01
  926  9.26e-03      2.26606e+01       2.50528e-01       1.51906e+01
  927  9.27e-03      2.24701e+01       2.81174e-01       1.50738e+01
  928  9.28e-03      2.30126e+01       2.27297e-01       1.54175e+01
  929  9.29e-03      2.27300e+01       3.17296e-01       1.52591e+01
  930  9.30e-03      2.32474e+01       3.16749e-01       1.56038e+01
  931  9.31e-03      2.32768e+01       2.88614e-01       1.56141e+01
  932  9.32e-03      2.33544e+01       3.36090e-01       1.56816e+01
  933  9.33e-03      2.33506e+01       2.41633e-01       1.56476e+01
  934  9.34e-03      2.32284e+01       3.25610e-01       1.55942e+01
  935  9.35e-03      2.35999e+01       2.92239e-01       1.58307e+01
  936  9.36e-03      2.31763e+01       2.67432e-01       1.55400e+01
  937  9.37e-03      2.36228e+01       3.51750e-01       1.58658e+01
  938  9.38e-03      2.31899e+01       3.36901e-01       1.55722e+01
  939  9.39e-03      2.35644e+01       3.64500e-01       1.58311e+01
  940  9.40e-03      2.34556e+01       3.19666e-01       1.57436e+01
  941  9.41e-03      2.36132e+01       3.37924e-01       1.58548e+01
  942  9.42e-03      2.36691e+01       2.75131e-01       1.58711e+01
  943  9.43e-03      2.34393e+01       3.30300e-01       1.57363e+01
  944  9.44e-03      2.36700e+01       2.38786e-01       1.58596e+01
  945  9.45e-03      2.35875e+01       2.88627e-01       1.58212e+01
  946  9.46e-03      2.39129e+01       3.05765e-01       1.60439e+01
  947  9.47e-03      2.34883e+01       2.93961e-01       1.57568e+01
  948  9.48e-03      2.41172e+01       2.66729e-01       1.61670e+01
  949  9.49e-03      2.36219e+01       2.25711e-01       1.58232e+01
  950  9.50e-03      2.37095e+01       2.89202e-01       1.59027e+01
  951  9.51e-03      2.37697e+01       3.15095e-01       1.59515e+01
  952  9.52e-03      2.38859e+01       3.03886e-01       1.60252e+01
  953  9.53e-03      2.42662e+01       3.18465e-01       1.62836e+01
  954  9.54e-03      2.37848e+01       2.56570e-01       1.59421e+01
  955  9.55e-03      2.41896e+01       3.18853e-01       1.62327e+01
  956  9.56e-03      2.40533e+01       3.22461e-01       1.61431e+01
  957  9.57e-03      2.42922e+01       2.51069e-01       1.62785e+01
  958  9.58e-03      2.40511e+01       3.35992e-01       1.61461e+01
  959  9.59e-03      2.40848e+01       3.07439e-01       1.61590e+01
  960  9.60e-03      2.42442e+01       3.42320e-01       1.62769e+01
  961  9.61e-03      2.41736e+01       3.13032e-01       1.62201e+01
  962  9.62e-03      2.46787e+01       2.76225e-01       1.65446e+01
  963  9.63e-03      2.43190e+01       3.24890e-01       1.63210e+01
  964  9.64e-03      2.49836e+01       3.16539e-01       1.67612e+01
  965  9.65e-03      2.45251e+01       2.96545e-01       1.64489e+01
  966  9.66e-03      2.51648e+01       2.62060e-01       1.68639e+01
  967  9.67e-03      2.48042e+01       2.79466e-01       1.66293e+01
  968  9.68e-03      2.48567e+01       2.71546e-01       1.66617e+01
  969  9.69e-03      2.48547e+01       2.72860e-01       1.66608e+01
  970  9.70e-03      2.47528e+01       2.46521e-01       1.65840e+01
  971  9.71e-03      2.49578e+01       2.52035e-01       1.67226e+01
  972  9.72e-03      2.47706e+01       2.69798e-01       1.66036e+01
  973  9.73e-03      2.52344e+01       2.81394e-01       1.69167e+01
  974  9.74e-03      2.47986e+01       2.26276e-01       1.66079e+01
  975  9.75e-03      2.52147e+01       2.76408e-01       1.69019e+01
  976  9.76e-03      2.48287e+01       2.40243e-01       1.66325e+01
  977  9.77e-03      2.50728e+01       2.79017e-01       1.68082e+01
  978  9.78e-03      2.49915e+01       2.58889e-01       1.67473e+01
  979  9.79e-03      2.50582e+01       2.82626e-01       1.67997e+01
  980  9.80e-03      2.52093e+01       3.22413e-01       1.69137e+01
  981  9.81e-03      2.48117e+01       3.24937e-01       1.66494e+01
  982  9.82e-03      2.50663e+01       3.39695e-01       1.68241e+01
  983  9.83e-03      2.45808e+01       3.03553e-01       1.64884e+01
  984  9.84e-03      2.51625e+01       3.06439e-01       1.68771e+01
  985  9.85e-03      2.47323e+01       3.07728e-01       1.65908e+01
  986  9.86e-03      2.52459e+01       3.18440e-01       1.69368e+01
  987  9.87e-03      2.49498e+01       3.19815e-01       1.67398e+01
  988  9.88e-03      2.49481e+01       3.19010e-01       1.67384e+01
  989  9.89e-03      2.52945e+01       2.94695e-01       1.69612e+01
  990  9.90e-03      2.51145e+01       3.08157e-01       1.68457e+01
  991  9.91e-03      2.54105e+01       3.10839e-01       1.70439e+01
  992  9.92e-03      2.49385e+01       3.27541e-01       1.67349e+01
  993  9.93e-03      2.54418e+01       3.01364e-01       1.70616e+01
  994  9.94e-03      2.51037e+01       3.20399e-01       1.68426e+01
  995  9.95e-03      2.53379e+01       3.29812e-01       1.70018e+01
  996  9.96e-03      2.52859e+01       2.90442e-01       1.69541e+01
  997  9.97e-03      2.52915e+01       3.40291e-01       1.69744e+01
  998  9.98e-03      2.53353e+01       2.47913e-01       1.69729e+01
  999  9.99e-03      2.48819e+01       2.73419e-01       1.66791e+01
