Delta = 1.755e+00 gamma
 step      t        T_in_plane/mK   T_out_of_plane/mK   T_tot/mK
    0  0.00e+00      1.88638e-29       0.00000e+00       1.25759e-29
    1  1.00e-06      3.36741e-03       4.82068e-03       3.85184e-03
    2  2.00e-06      6.39649e-03       7.50145e-03       6.76481e-03
    3  3.00e-06      9.18188e-03       1.38041e-02       1.07226e-02
    4  4.00e-06      1.10992e-02       1.59817e-02       1.27267e-02
    5  5.00e-06      1.52425e-02       2.29507e-02       1.78119e-02
    6  6.00e-06      1.76928e-02       2.54767e-02       2.02875e-02
    7  7.00e-06      2.09197e-02       3.15674e-02       2.44689e-02
    8  8.00e-06      2.47112e-02       3.50434e-02       2.81552e-02
    9  9.00e-06      2.56706e-02       4.01840e-02       3.05084e-02
   10  1.00e-05      2.80549e-02       3.32983e-02       2.98027e-02
   11  1.10e-05      3.16484e-02       3.91084e-02       3.41350e-02
   12  1.20e-05      3.47862e-02       5.22838e-02       4.06187e-02
   13  1.30e-05      3.50490e-02       5.45983e-02       4.15654e-02
   14  1.40e-05      3.68960e-02       4.86100e-02       4.08007e-02
   15  1.50e-05      3.93422e-02       5.94543e-02       4.60462e-02
   16  1.60e-05      4.30590e-02       6.11169e-02       4.90783e-02
   17  1.70e-05      4.40132e-02       7.12141e-02       5.30801e-02
   18  1.80e-05      4.64885e-02       8.02594e-02       5.77455e-02
   19  1.90e-05      5.28558e-02       8.35783e-02       6.30967e-02
   20  2.00e-05      5.75643e-02       8.25253e-02       6.58846e-02
   21  2.10e-05      6.14939e-02       8.11630e-02       6.80502e-02
   22  2.20e-05      6.50662e-02       9.58903e-02       7.53409e-02
   23  2.30e-05      6.92001e-02       1.02544e-01       8.03148e-02
   24  2.40e-05      7.20910e-02       8.44185e-02       7.62002e-02
   25  2.50e-05      7.32333e-02       9.43072e-02       8.02579e-02
   26  2.60e-05      7.71598e-02       1.20126e-01       9.14819e-02
   27  2.70e-05      8.16487e-02       1.12315e-01       9.18709e-02
   28  2.80e-05      8.29589e-02       1.16021e-01       9.39795e-02
   29  2.90e-05      9.38903e-02       1.29904e-01       1.05895e-01
   30  3.00e-05      9.72948e-02       9.14176e-02       9.53357e-02
   31  3.10e-05      9.95432e-02       1.18153e-01       1.05746e-01
   32  3.20e-05      1.08248e-01       1.20449e-01       1.12315e-01
   33  3.30e-05      1.10379e-01       1.10719e-01       1.10492e-01
   34  3.40e-05      1.17724e-01       1.30332e-01       1.21926e-01
   35  3.50e-05      1.20179e-01       1.21345e-01       1.20568e-01
   36  3.60e-05      1.23011e-01       1.34974e-01       1.26999e-01
   37  3.70e-05      1.24519e-01       1.23121e-01       1.24053e-01
   38  3.80e-05      1.28022e-01       1.59018e-01       1.38354e-01
   39  3.90e-05      1.34528e-01       1.45696e-01       1.38251e-01
   40  4.00e-05      1.38939e-01       1.35819e-01       1.37899e-01
   41  4.10e-05      1.43789e-01       1.48319e-01       1.45299e-01
   42  4.20e-05      1.43234e-01       1.37016e-01       1.41161e-01
   43  4.30e-05      1.50997e-01       1.72503e-01       1.58166e-01
   44  4.40e-05      1.54838e-01       1.54947e-01       1.54875e-01
   45  4.50e-05      1.55120e-01       1.67776e-01       1.59339e-01
   46  4.60e-05      1.60827e-01       1.41189e-01       1.54281e-01
   47  4.70e-05      1.63466e-01       1.79252e-01       1.68728e-01
   48  4.80e-05      1.64689e-01       1.40801e-01       1.56726e-01
   49  4.90e-05      1.61022e-01       1.45737e-01       1.55927e-01
   50  5.00e-05      1.63261e-01       1.62484e-01       1.63002e-01
   51  5.10e-05      1.66374e-01       1.26523e-01       1.53090e-01
   52  5.20e-05      1.69656e-01       1.47856e-01       1.62390e-01
   53  5.30e-05      1.70901e-01       1.67330e-01       1.69711e-01
   54  5.40e-05      1.76798e-01       1.53146e-01       1.68914e-01
   55  5.50e-05      1.83268e-01       1.58275e-01       1.74937e-01
   56  5.60e-05      1.91393e-01       1.60495e-01       1.81094e-01
   57  5.70e-05      2.00404e-01       1.45386e-01       1.82065e-01
   58  5.80e-05      2.04031e-01       1.80890e-01       1.96317e-01
   59  5.90e-05      2.06254e-01       1.54787e-01       1.89098e-01
   60  6.00e-05      2.04557e-01       1.81670e-01       1.96928e-01
   61  6.10e-05      2.03354e-01       1.57256e-01       1.87988e-01
   62  6.20e-05      2.12509e-01       1.70599e-01       1.98539e-01
   63  6.30e-05      2.10488e-01       1.84391e-01       2.01789e-01
   64  6.40e-05      2.12367e-01       2.12207e-01       2.12314e-01
   65  6.50e-05      2.13899e-01       1.89996e-01       2.05932e-01
   66  6.60e-05      2.13964e-01       1.70859e-01       1.99596e-01
   67  6.70e-05      2.16771e-01       2.38392e-01       2.23978e-01
   68  6.80e-05      2.17841e-01       1.94562e-01       2.10081e-01
   69  6.90e-05      2.21526e-01       2.37663e-01       2.26905e-01
   70  7.00e-05      2.25791e-01       2.32147e-01       2.27910e-01
   71  7.10e-05      2.29061e-01       2.13764e-01       2.23962e-01
   72  7.20e-05      2.29547e-01       2.26061e-01       2.28385e-01
   73  7.30e-05      2.28846e-01       2.11008e-01       2.22900e-01
   74  7.40e-05      2.34527e-01       2.33076e-01       2.34044e-01
   75  7.50e-05      2.34459e-01       2.25120e-01       2.31346e-01
   76  7.60e-05      2.37748e-01       2.54756e-01       2.43418e-01
   77  7.70e-05      2.40401e-01       2.13472e-01       2.31425e-01
   78  7.80e-05      2.43543e-01       2.47968e-01       2.45018e-01
   79  7.90e-05      2.46324e-01       2.00310e-01       2.30986e-01
   80  8.00e-05      2.54858e-01       2.18053e-01       2.42590e-01
   81  8.10e-05      2.56537e-01       2.34992e-01       2.49355e-01
   82  8.20e-05      2.61883e-01       2.53002e-01       2.58923e-01
   83  8.30e-05      2.63662e-01       2.28818e-01       2.52047e-01
   84  8.40e-05      2.68793e-01       2.15511e-01       2.51033e-01
   85  8.50e-05      2.73658e-01       2.24424e-01       2.57246e-01
   86  8.60e-05      2.72509e-01       2.29582e-01       2.58200e-01
   87  8.70e-05      2.82608e-01       2.41783e-01       2.69000e-01
   88  8.80e-05      2.85525e-01       2.45279e-01       2.72110e-01
   89  8.90e-05      2.91666e-01       2.45624e-01       2.76318e-01
   90  9.00e-05      2.91825e-01       2.46540e-01       2.76730e-01
   91  9.10e-05      2.92635e-01       2.65162e-01       2.83477e-01
   92  9.20e-05      2.95895e-01       2.36113e-01       2.75968e-01
   93  9.30e-05      2.92437e-01       2.15640e-01       2.66838e-01
   94  9.40e-05      2.92622e-01       2.46971e-01       2.77405e-01
   95  9.50e-05      2.90326e-01       2.21876e-01       2.67509e-01
   96  9.60e-05      2.93937e-01       2.36733e-01       2.74869e-01
   97  9.70e-05      2.97342e-01       2.53481e-01       2.82722e-01
   98  9.80e-05      3.04135e-01       2.76032e-01       2.94767e-01
   99  9.90e-05      3.08828e-01       2.19288e-01       2.78981e-01
  100  1.00e-04      3.12170e-01       2.89958e-01       3.04766e-01
  101  1.01e-04      3.21556e-01       2.33183e-01       2.92099e-01
  102  1.02e-04      3.22492e-01       2.97215e-01       3.14066e-01
  103  1.03e-04      3.21831e-01       2.34640e-01       2.92767e-01
  104  1.04e-04      3.10881e-01       2.73542e-01       2.98435e-01
  105  1.05e-04      3.20875e-01       2.70760e-01       3.04170e-01
  106  1.06e-04      3.27170e-01       2.36053e-01       2.96798e-01
  107  1.07e-04      3.33660e-01       2.22910e-01       2.96744e-01
  108  1.08e-04      3.29064e-01       2.72831e-01       3.10320e-01
  109  1.09e-04      3.32799e-01       2.41843e-01       3.02480e-01
  110  1.10e-04      3.43840e-01       2.54995e-01       3.14225e-01
  111  1.11e-04      3.51658e-01       2.48924e-01       3.17413e-01
  112  1.12e-04      3.48365e-01       2.62036e-01       3.19589e-01
  113  1.13e-04      3.61892e-01       2.50114e-01       3.24633e-01
  114  1.14e-04      3.67451e-01       2.50061e-01       3.28321e-01
  115  1.15e-04      3.71474e-01       2.57789e-01       3.33579e-01
  116  1.16e-04      3.75653e-01       2.71602e-01       3.40969e-01
  117  1.17e-04      3.84258e-01       2.34474e-01       3.34330e-01
  118  1.18e-04      3.88392e-01       2.39697e-01       3.38827e-01
  119  1.19e-04      3.98018e-01       1.96484e-01       3.30840e-01
  120  1.20e-04      3.97558e-01       2.65024e-01       3.53380e-01
  121  1.21e-04      4.05906e-01       2.75711e-01       3.62508e-01
  122  1.22e-04      4.01133e-01       2.79553e-01       3.60606e-01
  123  1.23e-04      4.12590e-01       3.00221e-01       3.75134e-01
  124  1.24e-04      4.15297e-01       2.58033e-01       3.62876e-01
  125  1.25e-04      4.20229e-01       2.67950e-01       3.69469e-01
  126  1.26e-04      4.25166e-01       2.60592e-01       3.70308e-01
  127  1.27e-04      4.27171e-01       2.76151e-01       3.76831e-01
  128  1.28e-04      4.36074e-01       2.36149e-01       3.69432e-01
  129  1.29e-04      4.39145e-01       2.57956e-01       3.78748e-01
  130  1.30e-04      4.43006e-01       2.33210e-01       3.73074e-01
  131  1.31e-04      4.45680e-01       3.08629e-01       3.99997e-01
  132  1.32e-04      4.43937e-01       3.18128e-01       4.02001e-01
  133  1.33e-04      4.51053e-01       2.74138e-01       3.92081e-01
  134  1.34e-04      4.55236e-01       3.08452e-01       4.06308e-01
  135  1.35e-04      4.64515e-01       2.78282e-01       4.02437e-01
  136  1.36e-04      4.58222e-01       2.74578e-01       3.97007e-01
  137  1.37e-04      4.54510e-01       2.84057e-01       3.97693e-01
  138  1.38e-04      4.62686e-01       2.68675e-01       3.98016e-01
  139  1.39e-04      4.66854e-01       3.04856e-01       4.12854e-01
  140  1.40e-04      4.68940e-01       2.68269e-01       4.02050e-01
  141  1.41e-04      4.78256e-01       3.25955e-01       4.27489e-01
  142  1.42e-04      4.84193e-01       2.75648e-01       4.14678e-01
  143  1.43e-04      4.91551e-01       3.32636e-01       4.38579e-01
  144  1.44e-04      4.96537e-01       2.91403e-01       4.28159e-01
  145  1.45e-04      4.96361e-01       3.46081e-01       4.46268e-01
  146  1.46e-04      4.93110e-01       2.77390e-01       4.21203e-01
  147  1.47e-04      4.88157e-01       3.35895e-01       4.37403e-01
  148  1.48e-04      4.94332e-01       2.32368e-01       4.07011e-01
  149  1.49e-04      4.97306e-01       2.72662e-01       4.22425e-01
  150  1.50e-04      5.05373e-01       3.34348e-01       4.48365e-01
  151  1.51e-04      5.14727e-01       2.60566e-01       4.30007e-01
  152  1.52e-04      5.16913e-01       3.22990e-01       4.52272e-01
  153  1.53e-04      5.20302e-01       3.09206e-01       4.49936e-01
  154  1.54e-04      5.15298e-01       3.14814e-01       4.48470e-01
  155  1.55e-04      5.22805e-01       3.13567e-01       4.53059e-01
  156  1.56e-04      5.21000e-01       2.84325e-01       4.42108e-01
  157  1.57e-04      5.19759e-01       2.83613e-01       4.41044e-01
  158  1.58e-04      5.27113e-01       2.94393e-01       4.49539e-01
  159  1.59e-04      5.42916e-01       2.94222e-01       4.60018e-01
  160  1.60e-04      5.34762e-01       2.77405e-01       4.48977e-01
  161  1.61e-04      5.34742e-01       2.93232e-01       4.54239e-01
  162  1.62e-04      5.32268e-01       2.71789e-01       4.45441e-01
  163  1.63e-04      5.40238e-01       3.58157e-01       4.79544e-01
  164  1.64e-04      5.43742e-01       2.83259e-01       4.56915e-01
  165  1.65e-04      5.52605e-01       3.51500e-01       4.85570e-01
  166  1.66e-04      5.57282e-01       3.36544e-01       4.83702e-01
  167  1.67e-04      5.63394e-01       2.82385e-01       4.69724e-01
  168  1.68e-04      5.72390e-01       3.55378e-01       5.00052e-01
  169  1.69e-04      5.71072e-01       3.19327e-01       4.87157e-01
  170  1.70e-04      5.76262e-01       2.99656e-01       4.84060e-01
  171  1.71e-04      5.80845e-01       3.64425e-01       5.08705e-01
  172  1.72e-04      5.81263e-01       3.24407e-01       4.95644e-01
  173  1.73e-04      5.79036e-01       2.83303e-01       4.80458e-01
  174  1.74e-04      5.79063e-01       3.47985e-01       5.02037e-01
  175  1.75e-04      5.77969e-01       2.69275e-01       4.75071e-01
  176  1.76e-04      5.86879e-01       3.15824e-01       4.96527e-01
  177  1.77e-04      5.86942e-01       3.48065e-01       5.07316e-01
  178  1.78e-04      5.80248e-01       3.02962e-01       4.87820e-01
  179  1.79e-04      5.85542e-01       4.07816e-01       5.26300e-01
  180  1.80e-04      5.87996e-01       3.18960e-01       4.98317e-01
  181  1.81e-04      5.91519e-01       2.95145e-01       4.92728e-01
  182  1.82e-04      5.96357e-01       3.49313e-01       5.14009e-01
  183  1.83e-04      5.98348e-01       3.41876e-01       5.12857e-01
  184  1.84e-04      6.04634e-01       3.26260e-01       5.11843e-01
  185  1.85e-04      6.09458e-01       3.51919e-01       5.23612e-01
  186  1.86e-04      6.16173e-01       3.16166e-01       5.16170e-01
  187  1.87e-04      6.17824e-01       3.36591e-01       5.24080e-01
  188  1.88e-04      6.13836e-01       3.69901e-01       5.32524e-01
  189  1.89e-04      6.13972e-01       2.78938e-01       5.02294e-01
  190  1.90e-04      6.12536e-01       3.59016e-01       5.28029e-01
  191  1.91e-04      6.18873e-01       3.17277e-01       5.18341e-01
  192  1.92e-04      6.19870e-01       2.83768e-01       5.07836e-01
  193  1.93e-04      6.34475e-01       3.09665e-01       5.26205e-01
  194  1.94e-04      6.51517e-01       3.06836e-01       5.36623e-01
  195  1.95e-04      6.55857e-01       3.06980e-01       5.39565e-01
  196  1.96e-04      6.54942e-01       3.45226e-01       5.51703e-01
  197  1.97e-04      6.65093e-01       3.44469e-01       5.58219e-01
  198  1.98e-04      6.73467e-01       3.23940e-01       5.56958e-01
  199  1.99e-04      6.80921e-01       3.12998e-01       5.58280e-01
  200  2.00e-04      6.87755e-01       3.07354e-01       5.60955e-01
  201  2.01e-04      6.92186e-01       3.73955e-01       5.86109e-01
  202  2.02e-04      6.98978e-01       3.09728e-01       5.69228e-01
  203  2.03e-04      7.01364e-01       3.20833e-01       5.74520e-01
  204  2.04e-04      6.97756e-01       3.31105e-01       5.75539e-01
  205  2.05e-04      7.09660e-01       2.83524e-01       5.67614e-01
  206  2.06e-04      7.16275e-01       3.41528e-01       5.91359e-01
  207  2.07e-04      7.11576e-01       2.95801e-01       5.72984e-01
  208  2.08e-04      7.24767e-01       3.35448e-01       5.94994e-01
  209  2.09e-04      7.31075e-01       3.16649e-01       5.92933e-01
  210  2.10e-04      7.28707e-01       2.99275e-01       5.85563e-01
  211  2.11e-04      7.40161e-01       3.38423e-01       6.06248e-01
  212  2.12e-04      7.45720e-01       3.32607e-01       6.08015e-01
  213  2.13e-04      7.43542e-01       3.16292e-01       6.01125e-01
  214  2.14e-04      7.49367e-01       2.82817e-01       5.93851e-01
  215  2.15e-04      7.75611e-01       2.85540e-01       6.12254e-01
  216  2.16e-04      7.87465e-01       3.40125e-01       6.38352e-01
  217  2.17e-04      7.86493e-01       2.84349e-01       6.19111e-01
  218  2.18e-04      7.80463e-01       3.15110e-01       6.25345e-01
  219  2.19e-04      7.91882e-01       3.54798e-01       6.46187e-01
  220  2.20e-04      8.00004e-01       3.02750e-01       6.34253e-01
  221  2.21e-04      7.88814e-01       3.01310e-01       6.26313e-01
  222  2.22e-04      7.84117e-01       2.99645e-01       6.22626e-01
  223  2.23e-04      8.01420e-01       3.20266e-01       6.41035e-01
  224  2.24e-04      7.99833e-01       2.59324e-01       6.19663e-01
  225  2.25e-04      8.17341e-01       3.00445e-01       6.45042e-01
  226  2.26e-04      8.28283e-01       3.10651e-01       6.55739e-01
  227  2.27e-04      8.31517e-01       2.84404e-01       6.49146e-01
  228  2.28e-04      8.33998e-01       3.28310e-01       6.65435e-01
  229  2.29e-04      8.33625e-01       2.75283e-01       6.47511e-01
  230  2.30e-04      8.39811e-01       3.37391e-01       6.72338e-01
  231  2.31e-04      8.44518e-01       2.86402e-01       6.58479e-01
  232  2.32e-04      8.36517e-01       3.10958e-01       6.61330e-01
  233  2.33e-04      8.46387e-01       3.02890e-01       6.65221e-01
  234  2.34e-04      8.48276e-01       3.10995e-01       6.69183e-01
  235  2.35e-04      8.51276e-01       3.01879e-01       6.68144e-01
  236  2.36e-04      8.60176e-01       3.37898e-01       6.86083e-01
  237  2.37e-04      8.76835e-01       2.44215e-01       6.65962e-01
  238  2.38e-04      8.73799e-01       2.90715e-01       6.79437e-01
  239  2.39e-04      8.80810e-01       2.91190e-01       6.84270e-01
  240  2.40e-04      8.94014e-01       2.99473e-01       6.95834e-01
  241  2.41e-04      8.99165e-01       3.03343e-01       7.00558e-01
  242  2.42e-04      8.82413e-01       3.09678e-01       6.91502e-01
  243  2.43e-04      8.75882e-01       3.05896e-01       6.85887e-01
  244  2.44e-04      8.78717e-01       2.93985e-01       6.83806e-01
  245  2.45e-04      8.77751e-01       3.16678e-01       6.90727e-01
  246  2.46e-04      8.86738e-01       3.67689e-01       7.13721e-01
  247  2.47e-04      8.95074e-01       2.89922e-01       6.93356e-01
  248  2.48e-04      8.99692e-01       3.26254e-01       7.08546e-01
  249  2.49e-04      9.13768e-01       3.18287e-01       7.15274e-01
  250  2.50e-04      9.12516e-01       3.40258e-01       7.21763e-01
  251  2.51e-04      9.18502e-01       3.39041e-01       7.25349e-01
  252  2.52e-04      9.28647e-01       3.35534e-01       7.30942e-01
  253  2.53e-04      9.40324e-01       3.02919e-01       7.27855e-01
  254  2.54e-04      9.42289e-01       3.00280e-01       7.28286e-01
  255  2.55e-04      9.43431e-01       2.73992e-01       7.20285e-01
  256  2.56e-04      9.39232e-01       2.98281e-01       7.25582e-01
  257  2.57e-04      9.38817e-01       3.12657e-01       7.30097e-01
  258  2.58e-04      9.34906e-01       3.06286e-01       7.25366e-01
  259  2.59e-04      9.39456e-01       3.56189e-01       7.45033e-01
  260  2.60e-04      9.49516e-01       3.72802e-01       7.57278e-01
  261  2.61e-04      9.39339e-01       3.67658e-01       7.48779e-01
  262  2.62e-04      9.40046e-01       3.71099e-01       7.50397e-01
  263  2.63e-04      9.53673e-01       3.10229e-01       7.39192e-01
  264  2.64e-04      9.60816e-01       2.92990e-01       7.38207e-01
  265  2.65e-04      9.65372e-01       3.32124e-01       7.54289e-01
  266  2.66e-04      9.75847e-01       2.61405e-01       7.37700e-01
  267  2.67e-04      9.72335e-01       3.94348e-01       7.79673e-01
  268  2.68e-04      9.79046e-01       2.97489e-01       7.51861e-01
  269  2.69e-04      9.75705e-01       3.85471e-01       7.78960e-01
  270  2.70e-04      9.75985e-01       3.19589e-01       7.57187e-01
  271  2.71e-04      9.76177e-01       3.07611e-01       7.53322e-01
  272  2.72e-04      9.86695e-01       3.39180e-01       7.70857e-01
  273  2.73e-04      9.87245e-01       3.24878e-01       7.66456e-01
  274  2.74e-04      9.84594e-01       3.13890e-01       7.61026e-01
  275  2.75e-04      9.90880e-01       3.91970e-01       7.91243e-01
  276  2.76e-04      9.83903e-01       3.59714e-01       7.75840e-01
  277  2.77e-04      9.93839e-01       3.91739e-01       7.93139e-01
  278  2.78e-04      9.90384e-01       3.74002e-01       7.84924e-01
  279  2.79e-04      1.00272e+00       3.81282e-01       7.95576e-01
  280  2.80e-04      1.00505e+00       3.29081e-01       7.79724e-01
  281  2.81e-04      1.00637e+00       3.16888e-01       7.76545e-01
  282  2.82e-04      1.01626e+00       3.16723e-01       7.83083e-01
  283  2.83e-04      1.01345e+00       3.20833e-01       7.82576e-01
  284  2.84e-04      1.01221e+00       3.55250e-01       7.93226e-01
  285  2.85e-04      1.02770e+00       3.47206e-01       8.00866e-01
  286  2.86e-04      1.02978e+00       3.43343e-01       8.00968e-01
  287  2.87e-04      1.02406e+00       3.47490e-01       7.98540e-01
  288  2.88e-04      1.02316e+00       3.38620e-01       7.94983e-01
  289  2.89e-04      1.01682e+00       2.95261e-01       7.76297e-01
  290  2.90e-04      1.02429e+00       3.58542e-01       8.02371e-01
  291  2.91e-04      1.02913e+00       2.93620e-01       7.83961e-01
  292  2.92e-04      1.02804e+00       3.14591e-01       7.90223e-01
  293  2.93e-04      1.02496e+00       3.37513e-01       7.95809e-01
  294  2.94e-04      1.03630e+00       3.58859e-01       8.10488e-01
  295  2.95e-04      1.03991e+00       4.01753e-01       8.27190e-01
  296  2.96e-04      1.03975e+00       3.65566e-01       8.15023e-01
  297  2.97e-04      1.04967e+00       3.16812e-01       8.05386e-01
  298  2.98e-04      1.03965e+00       3.23409e-01       8.00905e-01
  299  2.99e-04      1.04901e+00       2.75833e-01       7.91284e-01
  300  3.00e-04      1.05598e+00       3.52608e-01       8.21524e-01
  301  3.01e-04      1.04087e+00       3.31893e-01       8.04547e-01
  302  3.02e-04      1.03157e+00       3.36471e-01       7.99873e-01
  303  3.03e-04      1.05939e+00       3.82236e-01       8.33675e-01
  304  3.04e-04      1.06169e+00       3.14080e-01       8.12485e-01
  305  3.05e-04      1.06368e+00       3.13062e-01       8.13476e-01
  306  3.06e-04      1.07229e+00       3.49122e-01       8.31231e-01
  307  3.07e-04      1.07332e+00       2.84833e-01       8.10488e-01
  308  3.08e-04      1.06624e+00       3.45830e-01       8.26102e-01
  309  3.09e-04      1.06349e+00       3.77214e-01       8.34729e-01
  310  3.10e-04      1.06306e+00       3.38638e-01       8.21584e-01
  311  3.11e-04      1.06613e+00       3.75051e-01       8.35774e-01
  312  3.12e-04      1.07087e+00       3.54409e-01       8.32049e-01
  313  3.13e-04      1.08378e+00       3.29387e-01       8.32313e-01
  314  3.14e-04      1.08944e+00       3.21383e-01       8.33423e-01
  315  3.15e-04      1.09982e+00       3.18414e-01       8.39353e-01
  316  3.16e-04      1.12986e+00       3.01015e-01       8.53581e-01
  317  3.17e-04      1.11956e+00       3.06237e-01       8.48453e-01
  318  3.18e-04      1.12791e+00       3.23195e-01       8.59674e-01
  319  3.19e-04      1.13369e+00       3.01075e-01       8.56153e-01
  320  3.20e-04      1.13396e+00       3.17130e-01       8.61684e-01
  321  3.21e-04      1.14051e+00       3.29472e-01       8.70164e-01
  322  3.22e-04      1.12774e+00       2.79716e-01       8.45066e-01
  323  3.23e-04      1.12138e+00       3.19337e-01       8.54031e-01
  324  3.24e-04      1.12480e+00       3.42683e-01       8.64092e-01
  325  3.25e-04      1.12987e+00       3.06652e-01       8.55466e-01
  326  3.26e-04      1.13337e+00       3.55672e-01       8.74138e-01
  327  3.27e-04      1.12864e+00       3.26908e-01       8.61394e-01
  328  3.28e-04      1.12799e+00       3.50561e-01       8.68845e-01
  329  3.29e-04      1.13372e+00       3.21944e-01       8.63131e-01
  330  3.30e-04      1.13915e+00       2.76883e-01       8.51728e-01
  331  3.31e-04      1.14642e+00       2.80283e-01       8.57707e-01
  332  3.32e-04      1.13815e+00       3.38205e-01       8.71504e-01
  333  3.33e-04      1.14071e+00       3.41789e-01       8.74403e-01
  334  3.34e-04      1.14187e+00       2.82031e-01       8.55260e-01
  335  3.35e-04      1.14219e+00       3.09238e-01       8.64542e-01
  336  3.36e-04      1.14463e+00       2.80630e-01       8.56628e-01
  337  3.37e-04      1.16058e+00       3.02099e-01       8.74419e-01
  338  3.38e-04      1.17072e+00       3.01237e-01       8.80893e-01
  339  3.39e-04      1.17190e+00       3.17077e-01       8.86960e-01
  340  3.40e-04      1.17386e+00       3.00401e-01       8.82706e-01
  341  3.41e-04      1.17211e+00       3.00932e-01       8.81720e-01
  342  3.42e-04      1.19912e+00       3.00648e-01       8.99631e-01
  343  3.43e-04      1.19961e+00       3.35777e-01       9.11666e-01
  344  3.44e-04      1.20835e+00       3.40322e-01       9.19008e-01
  345  3.45e-04      1.21478e+00       3.39194e-01       9.22916e-01
  346  3.46e-04      1.23132e+00       3.67226e-01       9.43287e-01
  347  3.47e-04      1.24542e+00       3.07942e-01       9.32925e-01
  348  3.48e-04      1.24358e+00       3.07051e-01       9.31401e-01
  349  3.49e-04      1.24035e+00       2.74014e-01       9.18237e-01
  350  3.50e-04      1.24651e+00       3.43384e-01       9.45468e-01
  351  3.51e-04      1.25600e+00       3.42014e-01       9.51336e-01
  352  3.52e-04      1.25000e+00       3.39062e-01       9.46354e-01
  353  3.53e-04      1.24769e+00       3.82652e-01       9.59344e-01
  354  3.54e-04      1.25050e+00       3.89851e-01       9.63618e-01
  355  3.55e-04      1.24996e+00       3.36855e-01       9.45589e-01
  356  3.56e-04      1.24306e+00       3.08815e-01       9.31643e-01
  357  3.57e-04      1.23629e+00       3.55401e-01       9.42660e-01
  358  3.58e-04      1.25238e+00       2.83924e-01       9.29564e-01
  359  3.59e-04      1.24759e+00       3.04759e-01       9.33311e-01
  360  3.60e-04      1.24720e+00       3.00381e-01       9.31592e-01
  361  3.61e-04      1.25679e+00       3.82151e-01       9.65246e-01
  362  3.62e-04      1.27303e+00       3.24517e-01       9.56857e-01
  363  3.63e-04      1.26931e+00       2.95243e-01       9.44622e-01
  364  3.64e-04      1.28522e+00       3.77986e-01       9.82807e-01
  365  3.65e-04      1.28085e+00       3.31905e-01       9.64533e-01
  366  3.66e-04      1.30078e+00       2.65031e-01       9.55532e-01
  367  3.67e-04      1.30941e+00       3.39574e-01       9.86133e-01
  368  3.68e-04      1.31790e+00       3.42118e-01       9.92637e-01
  369  3.69e-04      1.31734e+00       3.07334e-01       9.80672e-01
  370  3.70e-04      1.32258e+00       3.89024e-01       1.01140e+00
  371  3.71e-04      1.32668e+00       3.44659e-01       9.99340e-01
  372  3.72e-04      1.32143e+00       3.46341e-01       9.96402e-01
  373  3.73e-04      1.33344e+00       3.69245e-01       1.01204e+00
  374  3.74e-04      1.32884e+00       2.94220e-01       9.83967e-01
  375  3.75e-04      1.33040e+00       3.26146e-01       9.95651e-01
  376  3.76e-04      1.33500e+00       3.33568e-01       1.00119e+00
  377  3.77e-04      1.34286e+00       3.75474e-01       1.02040e+00
  378  3.78e-04      1.35073e+00       3.19334e-01       1.00693e+00
  379  3.79e-04      1.34874e+00       4.21073e-01       1.03952e+00
  380  3.80e-04      1.35495e+00       3.57036e-01       1.02231e+00
  381  3.81e-04      1.36271e+00       2.88200e-01       1.00454e+00
  382  3.82e-04      1.35902e+00       3.24789e-01       1.01428e+00
  383  3.83e-04      1.36111e+00       3.67725e-01       1.02998e+00
  384  3.84e-04      1.35246e+00       2.97470e-01       1.00080e+00
  385  3.85e-04      1.37401e+00       3.58034e-01       1.03535e+00
  386  3.86e-04      1.37222e+00       3.92734e-01       1.04573e+00
  387  3.87e-04      1.37841e+00       3.03432e-01       1.02008e+00
  388  3.88e-04      1.38262e+00       3.52109e-01       1.03912e+00
  389  3.89e-04      1.37961e+00       2.90703e-01       1.01664e+00
  390  3.90e-04      1.37296e+00       2.85556e-01       1.01049e+00
  391  3.91e-04      1.38535e+00       3.13912e-01       1.02821e+00
  392  3.92e-04      1.38616e+00       2.58123e-01       1.01015e+00
  393  3.93e-04      1.38259e+00       3.04138e-01       1.02311e+00
  394  3.94e-04      1.38522e+00       3.32820e-01       1.03442e+00
  395  3.95e-04      1.39260e+00       3.84372e-01       1.05652e+00
  396  3.96e-04      1.40933e+00       3.32389e-01       1.05035e+00
  397  3.97e-04      1.41120e+00       3.47177e-01       1.05652e+00
  398  3.98e-04      1.41349e+00       3.40331e-01       1.05577e+00
  399  3.99e-04      1.40988e+00       3.04854e-01       1.04154e+00
  400  4.00e-04      1.41092e+00       3.45559e-01       1.05580e+00
  401  4.01e-04      1.41571e+00       3.19925e-01       1.05045e+00
  402  4.02e-04      1.42885e+00       3.32320e-01       1.06334e+00
  403  4.03e-04      1.44950e+00       3.78914e-01       1.09264e+00
  404  4.04e-04      1.44465e+00       2.96373e-01       1.06189e+00
  405  4.05e-04      1.45317e+00       3.19555e-01       1.07530e+00
  406  4.06e-04      1.45935e+00       3.51050e-01       1.08992e+00
  407  4.07e-04      1.47072e+00       3.23296e-01       1.08824e+00
  408  4.08e-04      1.47919e+00       3.34277e-01       1.09755e+00
  409  4.09e-04      1.47718e+00       3.40781e-01       1.09838e+00
  410  4.10e-04      1.49465e+00       3.36088e-01       1.10846e+00
  411  4.11e-04      1.50577e+00       3.42434e-01       1.11799e+00
  412  4.12e-04      1.49586e+00       3.17638e-01       1.10312e+00
  413  4.13e-04      1.49187e+00       3.29119e-01       1.10429e+00
  414  4.14e-04      1.48493e+00       3.48024e-01       1.10596e+00
  415  4.15e-04      1.49276e+00       3.22102e-01       1.10254e+00
  416  4.16e-04      1.49887e+00       3.23997e-01       1.10724e+00
  417  4.17e-04      1.50232e+00       3.44121e-01       1.11625e+00
  418  4.18e-04      1.49767e+00       3.61308e-01       1.11888e+00
  419  4.19e-04      1.49424e+00       3.60652e-01       1.11638e+00
  420  4.20e-04      1.51174e+00       3.31448e-01       1.11831e+00
  421  4.21e-04      1.51837e+00       3.33177e-01       1.12331e+00
  422  4.22e-04      1.51447e+00       2.86418e-01       1.10512e+00
  423  4.23e-04      1.52059e+00       3.38880e-01       1.12669e+00
  424  4.24e-04      1.53529e+00       3.14107e-01       1.12823e+00
  425  4.25e-04      1.54233e+00       3.48828e-01       1.14450e+00
  426  4.26e-04      1.54594e+00       3.18498e-01       1.13679e+00
  427  4.27e-04      1.54113e+00       3.45922e-01       1.14273e+00
  428  4.28e-04      1.54768e+00       3.45237e-01       1.14686e+00
  429  4.29e-04      1.54986e+00       3.18740e-01       1.13949e+00
  430  4.30e-04      1.57704e+00       3.55421e-01       1.16983e+00
  431  4.31e-04      1.57649e+00       3.44214e-01       1.16573e+00
  432  4.32e-04      1.58985e+00       2.96825e-01       1.15884e+00
  433  4.33e-04      1.58515e+00       3.35450e-01       1.16858e+00
  434  4.34e-04      1.58999e+00       3.05242e-01       1.16174e+00
  435  4.35e-04      1.61800e+00       3.12681e-01       1.18289e+00
  436  4.36e-04      1.60799e+00       3.19406e-01       1.17846e+00
  437  4.37e-04      1.61392e+00       2.81104e-01       1.16965e+00
  438  4.38e-04      1.62735e+00       2.90577e-01       1.18176e+00
  439  4.39e-04      1.63856e+00       2.89591e-01       1.18891e+00
  440  4.40e-04      1.66144e+00       3.30844e-01       1.21791e+00
  441  4.41e-04      1.70068e+00       3.40853e-01       1.24740e+00
  442  4.42e-04      1.69435e+00       3.00358e-01       1.22969e+00
  443  4.43e-04      1.69331e+00       3.13676e-01       1.23343e+00
  444  4.44e-04      1.70749e+00       3.23595e-01       1.24619e+00
  445  4.45e-04      1.68587e+00       2.44580e-01       1.20544e+00
  446  4.46e-04      1.69207e+00       3.28360e-01       1.23750e+00
  447  4.47e-04      1.69115e+00       3.85469e-01       1.25592e+00
  448  4.48e-04      1.70001e+00       3.38908e-01       1.24631e+00
  449  4.49e-04      1.70753e+00       3.43577e-01       1.25288e+00
  450  4.50e-04      1.70438e+00       3.71107e-01       1.25996e+00
  451  4.51e-04      1.70031e+00       3.13462e-01       1.23802e+00
  452  4.52e-04      1.71840e+00       3.62313e-01       1.26637e+00
  453  4.53e-04      1.72267e+00       3.34603e-01       1.25998e+00
  454  4.54e-04      1.71425e+00       3.14759e-01       1.24776e+00
  455  4.55e-04      1.73267e+00       3.25958e-01       1.26376e+00
  456  4.56e-04      1.73142e+00       4.07692e-01       1.29017e+00
  457  4.57e-04      1.73491e+00       3.44958e-01       1.27159e+00
  458  4.58e-04      1.72714e+00       3.59951e-01       1.27141e+00
  459  4.59e-04      1.73382e+00       3.51986e-01       1.27321e+00
  460  4.60e-04      1.73427e+00       3.41537e-01       1.27003e+00
  461  4.61e-04      1.72934e+00       3.40463e-01       1.26638e+00
  462  4.62e-04      1.72159e+00       3.32770e-01       1.25865e+00
  463  4.63e-04      1.72699e+00       3.54727e-01       1.26957e+00
  464  4.64e-04      1.70401e+00       3.14476e-01       1.24083e+00
  465  4.65e-04      1.69403e+00       3.24721e-01       1.23759e+00
  466  4.66e-04      1.70606e+00       2.99061e-01       1.23706e+00
  467  4.67e-04      1.72523e+00       2.89743e-01       1.24674e+00
  468  4.68e-04      1.72074e+00       3.27068e-01       1.25618e+00
  469  4.69e-04      1.71548e+00       2.39794e-01       1.22358e+00
  470  4.70e-04      1.70515e+00       3.12324e-01       1.24087e+00
  471  4.71e-04      1.71174e+00       2.55724e-01       1.22640e+00
  472  4.72e-04      1.69317e+00       2.96498e-01       1.22761e+00
  473  4.73e-04      1.69090e+00       3.37272e-01       1.23969e+00
  474  4.74e-04      1.69400e+00       3.02262e-01       1.23009e+00
  475  4.75e-04      1.69133e+00       3.09170e-01       1.23061e+00
  476  4.76e-04      1.70404e+00       2.95609e-01       1.23456e+00
  477  4.77e-04      1.71405e+00       3.06317e-01       1.24481e+00
  478  4.78e-04      1.72161e+00       2.75751e-01       1.23965e+00
  479  4.79e-04      1.72885e+00       3.69886e-01       1.27586e+00
  480  4.80e-04      1.73679e+00       3.06259e-01       1.25994e+00
  481  4.81e-04      1.73419e+00       3.56559e-01       1.27498e+00
  482  4.82e-04      1.74333e+00       2.71943e-01       1.25287e+00
  483  4.83e-04      1.74649e+00       3.68777e-01       1.28726e+00
  484  4.84e-04      1.72688e+00       3.35852e-01       1.26320e+00
  485  4.85e-04      1.73160e+00       3.50109e-01       1.27110e+00
  486  4.86e-04      1.75551e+00       3.72300e-01       1.29444e+00
  487  4.87e-04      1.74730e+00       3.00566e-01       1.26506e+00
  488  4.88e-04      1.75168e+00       3.75557e-01       1.29297e+00
  489  4.89e-04      1.74397e+00       3.20033e-01       1.26933e+00
  490  4.90e-04      1.74793e+00       2.78284e-01       1.25805e+00
  491  4.91e-04      1.75022e+00       3.85949e-01       1.29547e+00
  492  4.92e-04      1.74791e+00       3.24718e-01       1.27351e+00
  493  4.93e-04      1.75762e+00       2.64778e-01       1.26001e+00
  494  4.94e-04      1.76553e+00       2.98950e-01       1.27667e+00
  495  4.95e-04      1.77545e+00       3.19083e-01       1.28999e+00
  496  4.96e-04      1.77075e+00       2.87587e-01       1.27636e+00
  497  4.97e-04      1.77270e+00       3.43056e-01       1.29615e+00
  498  4.98e-04      1.76802e+00       2.50214e-01       1.26209e+00
  499  4.99e-04      1.77795e+00       3.10243e-01       1.28872e+00
