Delta = -7.895e-01 gamma
 step      t        T_in_plane/mK   T_out_of_plane/mK   T_tot/mK
    0  0.00e+00      1.88638e-29       0.00000e+00       1.25759e-29
    1  1.00e-05      3.83622e-02       4.66374e-02       4.11206e-02
    2  2.00e-05      7.32712e-02       8.28375e-02       7.64600e-02
    3  3.00e-05      1.11149e-01       1.08388e-01       1.10229e-01
    4  4.00e-05      1.49629e-01       1.30390e-01       1.43216e-01
    5  5.00e-05      1.69303e-01       1.51174e-01       1.63260e-01
    6  6.00e-05      1.94534e-01       2.03007e-01       1.97358e-01
    7  7.00e-05      2.26156e-01       1.83590e-01       2.11967e-01
    8  8.00e-05      2.69729e-01       2.09210e-01       2.49556e-01
    9  9.00e-05      3.05489e-01       2.41632e-01       2.84203e-01
   10  1.00e-04      3.42550e-01       2.30883e-01       3.05328e-01
   11  1.10e-04      3.61701e-01       2.32915e-01       3.18773e-01
   12  1.20e-04      4.04424e-01       2.02994e-01       3.37281e-01
   13  1.30e-04      4.52566e-01       2.07042e-01       3.70725e-01
   14  1.40e-04      5.02856e-01       2.77611e-01       4.27774e-01
   15  1.50e-04      5.18506e-01       3.09593e-01       4.48869e-01
   16  1.60e-04      5.50103e-01       3.18352e-01       4.72853e-01
   17  1.70e-04      5.71505e-01       2.46301e-01       4.63104e-01
   18  1.80e-04      6.31116e-01       2.61196e-01       5.07809e-01
   19  1.90e-04      6.35526e-01       3.00741e-01       5.23931e-01
   20  2.00e-04      6.50276e-01       2.79868e-01       5.26807e-01
   21  2.10e-04      6.81022e-01       2.80857e-01       5.47633e-01
   22  2.20e-04      6.97332e-01       2.89648e-01       5.61437e-01
   23  2.30e-04      7.48574e-01       2.87368e-01       5.94839e-01
   24  2.40e-04      7.62419e-01       3.48447e-01       6.24428e-01
   25  2.50e-04      7.83070e-01       2.62039e-01       6.09393e-01
   26  2.60e-04      8.25956e-01       2.61418e-01       6.37777e-01
   27  2.70e-04      8.63469e-01       2.31926e-01       6.52955e-01
   28  2.80e-04      9.10782e-01       2.42509e-01       6.88024e-01
   29  2.90e-04      9.40465e-01       2.51274e-01       7.10735e-01
   30  3.00e-04      9.85765e-01       2.64570e-01       7.45366e-01
   31  3.10e-04      9.63992e-01       2.90631e-01       7.39538e-01
   32  3.20e-04      9.67382e-01       3.34772e-01       7.56512e-01
   33  3.30e-04      9.73731e-01       2.94968e-01       7.47477e-01
   34  3.40e-04      1.01210e+00       3.08106e-01       7.77432e-01
   35  3.50e-04      1.02998e+00       2.82566e-01       7.80842e-01
   36  3.60e-04      1.07316e+00       2.45908e-01       7.97406e-01
   37  3.70e-04      1.07307e+00       2.52720e-01       7.99618e-01
   38  3.80e-04      1.07931e+00       2.74556e-01       8.11061e-01
   39  3.90e-04      1.08096e+00       2.86004e-01       8.15972e-01
   40  4.00e-04      1.12084e+00       2.78371e-01       8.40019e-01
   41  4.10e-04      1.16365e+00       3.36627e-01       8.87974e-01
   42  4.20e-04      1.16457e+00       2.95741e-01       8.74958e-01
   43  4.30e-04      1.15773e+00       3.40474e-01       8.85313e-01
   44  4.40e-04      1.14830e+00       2.78774e-01       8.58455e-01
   45  4.50e-04      1.17424e+00       2.72803e-01       8.73761e-01
   46  4.60e-04      1.18393e+00       3.08090e-01       8.91983e-01
   47  4.70e-04      1.19464e+00       2.92886e-01       8.94057e-01
   48  4.80e-04      1.26484e+00       3.25059e-01       9.51578e-01
   49  4.90e-04      1.34502e+00       2.21513e-01       9.70517e-01
   50  5.00e-04      1.40644e+00       2.56827e-01       1.02323e+00
   51  5.10e-04      1.45356e+00       2.37758e-01       1.04829e+00
   52  5.20e-04      1.43339e+00       2.52251e-01       1.03968e+00
   53  5.30e-04      1.51790e+00       2.34277e-01       1.09002e+00
   54  5.40e-04      1.52446e+00       2.48930e-01       1.09928e+00
   55  5.50e-04      1.57031e+00       2.84206e-01       1.14161e+00
   56  5.60e-04      1.66057e+00       2.80748e-01       1.20063e+00
   57  5.70e-04      1.77619e+00       2.74584e-01       1.27565e+00
   58  5.80e-04      1.77859e+00       2.92257e-01       1.28314e+00
   59  5.90e-04      1.79808e+00       2.71250e-01       1.28914e+00
   60  6.00e-04      1.81378e+00       2.15283e-01       1.28095e+00
   61  6.10e-04      1.86758e+00       2.72889e-01       1.33601e+00
   62  6.20e-04      1.86774e+00       2.33327e-01       1.32293e+00
   63  6.30e-04      1.84263e+00       2.56392e-01       1.31388e+00
   64  6.40e-04      1.87119e+00       2.84157e-01       1.34218e+00
   65  6.50e-04      1.93321e+00       3.04829e-01       1.39042e+00
   66  6.60e-04      1.96558e+00       2.75447e-01       1.40220e+00
   67  6.70e-04      1.96414e+00       3.07598e-01       1.41196e+00
   68  6.80e-04      2.04330e+00       2.61254e-01       1.44929e+00
   69  6.90e-04      2.00888e+00       2.91672e-01       1.43648e+00
   70  7.00e-04      2.08594e+00       2.98089e-01       1.48999e+00
   71  7.10e-04      2.12266e+00       2.77908e-01       1.50774e+00
   72  7.20e-04      2.16570e+00       2.58821e-01       1.53008e+00
   73  7.30e-04      2.18841e+00       2.66497e-01       1.54777e+00
   74  7.40e-04      2.21700e+00       2.62604e-01       1.56554e+00
   75  7.50e-04      2.19878e+00       3.02940e-01       1.56683e+00
   76  7.60e-04      2.22847e+00       2.50542e-01       1.56916e+00
   77  7.70e-04      2.22805e+00       2.50540e-01       1.56888e+00
   78  7.80e-04      2.29373e+00       2.59745e-01       1.61574e+00
   79  7.90e-04      2.37645e+00       2.64658e-01       1.67252e+00
   80  8.00e-04      2.37978e+00       2.90168e-01       1.68324e+00
   81  8.10e-04      2.49298e+00       2.46102e-01       1.74402e+00
   82  8.20e-04      2.53179e+00       3.02492e-01       1.78869e+00
   83  8.30e-04      2.58766e+00       2.54603e-01       1.80998e+00
   84  8.40e-04      2.59099e+00       2.77480e-01       1.81982e+00
   85  8.50e-04      2.54377e+00       2.37472e-01       1.77500e+00
   86  8.60e-04      2.55363e+00       3.44765e-01       1.81734e+00
   87  8.70e-04      2.57270e+00       2.87338e-01       1.81091e+00
   88  8.80e-04      2.64420e+00       2.91054e-01       1.85982e+00
   89  8.90e-04      2.60495e+00       3.46338e-01       1.85208e+00
   90  9.00e-04      2.64220e+00       3.26312e-01       1.87024e+00
   91  9.10e-04      2.66643e+00       2.75052e-01       1.86930e+00
   92  9.20e-04      2.74489e+00       3.43848e-01       1.94454e+00
   93  9.30e-04      2.76209e+00       3.04512e-01       1.94290e+00
   94  9.40e-04      2.78995e+00       3.45925e-01       1.97527e+00
   95  9.50e-04      2.86219e+00       2.91222e-01       2.00520e+00
   96  9.60e-04      2.91167e+00       2.41790e-01       2.02171e+00
   97  9.70e-04      2.90946e+00       2.78747e-01       2.03256e+00
   98  9.80e-04      2.98877e+00       3.15990e-01       2.09784e+00
   99  9.90e-04      3.02269e+00       2.96028e-01       2.11381e+00
  100  1.00e-03      3.00381e+00       2.86704e-01       2.09811e+00
  101  1.01e-03      3.10934e+00       3.04829e-01       2.17450e+00
  102  1.02e-03      3.13535e+00       3.09815e-01       2.19351e+00
  103  1.03e-03      3.23370e+00       2.97386e-01       2.25493e+00
  104  1.04e-03      3.26519e+00       2.84027e-01       2.27147e+00
  105  1.05e-03      3.31512e+00       3.11222e-01       2.31382e+00
  106  1.06e-03      3.26989e+00       2.73134e-01       2.27097e+00
  107  1.07e-03      3.31120e+00       2.78476e-01       2.30029e+00
  108  1.08e-03      3.34955e+00       2.58753e-01       2.31929e+00
  109  1.09e-03      3.43445e+00       2.74381e-01       2.38109e+00
  110  1.10e-03      3.45541e+00       2.90960e-01       2.40060e+00
  111  1.11e-03      3.45354e+00       2.43762e-01       2.38362e+00
  112  1.12e-03      3.48415e+00       3.12195e-01       2.42683e+00
  113  1.13e-03      3.49871e+00       2.64639e-01       2.42068e+00
  114  1.14e-03      3.57302e+00       2.75282e-01       2.47377e+00
  115  1.15e-03      3.62685e+00       3.20823e-01       2.52484e+00
  116  1.16e-03      3.63687e+00       3.29287e-01       2.53434e+00
  117  1.17e-03      3.64029e+00       2.66754e-01       2.51577e+00
  118  1.18e-03      3.70204e+00       3.14716e-01       2.57293e+00
  119  1.19e-03      3.74465e+00       2.72182e-01       2.58716e+00
  120  1.20e-03      3.72746e+00       3.00700e-01       2.58520e+00
  121  1.21e-03      3.72474e+00       3.02520e-01       2.58400e+00
  122  1.22e-03      3.80017e+00       3.00827e-01       2.63372e+00
  123  1.23e-03      3.89935e+00       3.05226e-01       2.70131e+00
  124  1.24e-03      3.91401e+00       2.75759e-01       2.70126e+00
  125  1.25e-03      3.93414e+00       2.69706e-01       2.71266e+00
  126  1.26e-03      3.95426e+00       2.88181e-01       2.73223e+00
  127  1.27e-03      3.97863e+00       2.98686e-01       2.75198e+00
  128  1.28e-03      4.08800e+00       2.93361e-01       2.82312e+00
  129  1.29e-03      4.14297e+00       2.94002e-01       2.85998e+00
  130  1.30e-03      4.23769e+00       2.84831e-01       2.92007e+00
  131  1.31e-03      4.41819e+00       3.07800e-01       3.04806e+00
  132  1.32e-03      4.34844e+00       2.78732e-01       2.99187e+00
  133  1.33e-03      4.33471e+00       2.88168e-01       2.98586e+00
  134  1.34e-03      4.32945e+00       3.15767e-01       2.99156e+00
  135  1.35e-03      4.24037e+00       2.60049e-01       2.91360e+00
  136  1.36e-03      4.22228e+00       2.73540e-01       2.90603e+00
  137  1.37e-03      4.23453e+00       2.74110e-01       2.91439e+00
  138  1.38e-03      4.21533e+00       2.36996e-01       2.88922e+00
  139  1.39e-03      4.30254e+00       2.75396e-01       2.96016e+00
  140  1.40e-03      4.29470e+00       2.20970e-01       2.93679e+00
  141  1.41e-03      4.39542e+00       3.24194e-01       3.03835e+00
  142  1.42e-03      4.43982e+00       2.66187e-01       3.04861e+00
  143  1.43e-03      4.49163e+00       2.79797e-01       3.08769e+00
  144  1.44e-03      4.55792e+00       2.98485e-01       3.13811e+00
  145  1.45e-03      4.58474e+00       3.38316e-01       3.16926e+00
  146  1.46e-03      4.67367e+00       3.54358e-01       3.23390e+00
  147  1.47e-03      4.75767e+00       3.18735e-01       3.27802e+00
  148  1.48e-03      4.76338e+00       3.16273e-01       3.28101e+00
  149  1.49e-03      4.85395e+00       2.71280e-01       3.32640e+00
  150  1.50e-03      4.90197e+00       2.65062e-01       3.35634e+00
  151  1.51e-03      4.90974e+00       2.83949e-01       3.36781e+00
  152  1.52e-03      4.98388e+00       2.83898e-01       3.41722e+00
  153  1.53e-03      4.91865e+00       2.54463e-01       3.36392e+00
  154  1.54e-03      4.91058e+00       2.73095e-01       3.36475e+00
  155  1.55e-03      4.97428e+00       2.77502e-01       3.40869e+00
  156  1.56e-03      5.03116e+00       2.95265e-01       3.45253e+00
  157  1.57e-03      5.03263e+00       2.43986e-01       3.43641e+00
  158  1.58e-03      5.04083e+00       2.73354e-01       3.45167e+00
  159  1.59e-03      5.10893e+00       2.62848e-01       3.49357e+00
  160  1.60e-03      5.12757e+00       2.10983e-01       3.48871e+00
  161  1.61e-03      5.17471e+00       2.34379e-01       3.52793e+00
  162  1.62e-03      5.27369e+00       2.89988e-01       3.61246e+00
  163  1.63e-03      5.25326e+00       2.77996e-01       3.59484e+00
  164  1.64e-03      5.26113e+00       2.31973e-01       3.58474e+00
  165  1.65e-03      5.27117e+00       2.64475e-01       3.60227e+00
  166  1.66e-03      5.30309e+00       2.74849e-01       3.62701e+00
  167  1.67e-03      5.33289e+00       2.65428e-01       3.64374e+00
  168  1.68e-03      5.36346e+00       2.70313e-01       3.66575e+00
  169  1.69e-03      5.37540e+00       3.13328e-01       3.68804e+00
  170  1.70e-03      5.41675e+00       2.88744e-01       3.70742e+00
  171  1.71e-03      5.34482e+00       3.40216e-01       3.67662e+00
  172  1.72e-03      5.36641e+00       2.96506e-01       3.67644e+00
  173  1.73e-03      5.32914e+00       3.52161e-01       3.67015e+00
  174  1.74e-03      5.41471e+00       2.65497e-01       3.69830e+00
  175  1.75e-03      5.51651e+00       2.66510e-01       3.76651e+00
  176  1.76e-03      5.47733e+00       2.55113e-01       3.73659e+00
  177  1.77e-03      5.59226e+00       2.86903e-01       3.82381e+00
  178  1.78e-03      5.55237e+00       2.44089e-01       3.78294e+00
  179  1.79e-03      5.56074e+00       2.84890e-01       3.80212e+00
  180  1.80e-03      5.53221e+00       3.06778e-01       3.79040e+00
  181  1.81e-03      5.58257e+00       3.53920e-01       3.83968e+00
  182  1.82e-03      5.49681e+00       2.86874e-01       3.76016e+00
  183  1.83e-03      5.57772e+00       2.99719e-01       3.81839e+00
  184  1.84e-03      5.65026e+00       2.79156e-01       3.85989e+00
  185  1.85e-03      5.73700e+00       3.15626e-01       3.92988e+00
  186  1.86e-03      5.77017e+00       2.41662e-01       3.92734e+00
  187  1.87e-03      5.67928e+00       2.69045e-01       3.87587e+00
  188  1.88e-03      5.75551e+00       2.85835e-01       3.93228e+00
  189  1.89e-03      5.82686e+00       2.50428e-01       3.96805e+00
  190  1.90e-03      5.87367e+00       3.59417e-01       4.03558e+00
  191  1.91e-03      5.84901e+00       3.09152e-01       4.00239e+00
  192  1.92e-03      5.86676e+00       3.35085e-01       4.02287e+00
  193  1.93e-03      5.83133e+00       3.87601e-01       4.01676e+00
  194  1.94e-03      5.82924e+00       3.65783e-01       4.00809e+00
  195  1.95e-03      5.84947e+00       3.17767e-01       4.00557e+00
  196  1.96e-03      5.81759e+00       3.61908e-01       3.99903e+00
  197  1.97e-03      5.86360e+00       3.11405e-01       4.01287e+00
  198  1.98e-03      5.80699e+00       3.83687e-01       3.99923e+00
  199  1.99e-03      5.87653e+00       3.56196e-01       4.03642e+00
  200  2.00e-03      5.86309e+00       3.26891e-01       4.01769e+00
  201  2.01e-03      5.91688e+00       3.23408e-01       4.05239e+00
  202  2.02e-03      5.90486e+00       2.96619e-01       4.03544e+00
  203  2.03e-03      6.01491e+00       2.88095e-01       4.10597e+00
  204  2.04e-03      6.03194e+00       3.13156e-01       4.12568e+00
  205  2.05e-03      6.01627e+00       2.91694e-01       4.10808e+00
  206  2.06e-03      6.11258e+00       2.96451e-01       4.17387e+00
  207  2.07e-03      6.10283e+00       3.01173e-01       4.16894e+00
  208  2.08e-03      6.08064e+00       2.73393e-01       4.14489e+00
  209  2.09e-03      5.91067e+00       2.88499e-01       4.03661e+00
  210  2.10e-03      5.92345e+00       3.39835e-01       4.06225e+00
  211  2.11e-03      5.94416e+00       2.69136e-01       4.05248e+00
  212  2.12e-03      6.00004e+00       3.05529e-01       4.10187e+00
  213  2.13e-03      6.13670e+00       2.86726e-01       4.18671e+00
  214  2.14e-03      6.06966e+00       3.14086e-01       4.15114e+00
  215  2.15e-03      6.07820e+00       2.72149e-01       4.14285e+00
  216  2.16e-03      6.07704e+00       3.35354e-01       4.16314e+00
  217  2.17e-03      6.11749e+00       3.54165e-01       4.19638e+00
  218  2.18e-03      6.15140e+00       2.87253e-01       4.19668e+00
  219  2.19e-03      6.23956e+00       3.17170e-01       4.26543e+00
  220  2.20e-03      6.19933e+00       2.75212e-01       4.22463e+00
  221  2.21e-03      6.24802e+00       3.28202e-01       4.27475e+00
  222  2.22e-03      6.22940e+00       3.46432e-01       4.26841e+00
  223  2.23e-03      6.28082e+00       3.58314e-01       4.30665e+00
  224  2.24e-03      6.30170e+00       3.04417e-01       4.30261e+00
  225  2.25e-03      6.24570e+00       3.63050e-01       4.28481e+00
  226  2.26e-03      6.24233e+00       4.28091e-01       4.30425e+00
  227  2.27e-03      6.28033e+00       3.82468e-01       4.31437e+00
  228  2.28e-03      6.30911e+00       4.10069e-01       4.34276e+00
  229  2.29e-03      6.25271e+00       2.89358e-01       4.26492e+00
  230  2.30e-03      6.27303e+00       3.39349e-01       4.29514e+00
  231  2.31e-03      6.29177e+00       2.80936e-01       4.28816e+00
  232  2.32e-03      6.29697e+00       2.86693e-01       4.29354e+00
  233  2.33e-03      6.39604e+00       3.03397e-01       4.36516e+00
  234  2.34e-03      6.49884e+00       3.72543e-01       4.45674e+00
  235  2.35e-03      6.54845e+00       3.68603e-01       4.48850e+00
  236  2.36e-03      6.47045e+00       2.75685e-01       4.40553e+00
  237  2.37e-03      6.51937e+00       2.40755e-01       4.42650e+00
  238  2.38e-03      6.45969e+00       3.30979e-01       4.41679e+00
  239  2.39e-03      6.49001e+00       2.63615e-01       4.41454e+00
  240  2.40e-03      6.52089e+00       3.15338e-01       4.45237e+00
  241  2.41e-03      6.49627e+00       2.86686e-01       4.42641e+00
  242  2.42e-03      6.53784e+00       2.92568e-01       4.45608e+00
  243  2.43e-03      6.68366e+00       2.71384e-01       4.54623e+00
  244  2.44e-03      6.74189e+00       2.63850e-01       4.58254e+00
  245  2.45e-03      6.79701e+00       2.98129e-01       4.63072e+00
  246  2.46e-03      6.93284e+00       2.92924e-01       4.71954e+00
  247  2.47e-03      6.77546e+00       2.97213e-01       4.61604e+00
  248  2.48e-03      6.86244e+00       2.62097e-01       4.66233e+00
  249  2.49e-03      6.86262e+00       2.90755e-01       4.67200e+00
  250  2.50e-03      6.89231e+00       2.50227e-01       4.67828e+00
  251  2.51e-03      6.91684e+00       2.74677e-01       4.70279e+00
  252  2.52e-03      6.95225e+00       2.86646e-01       4.73038e+00
  253  2.53e-03      7.04654e+00       3.02390e-01       4.79849e+00
  254  2.54e-03      7.00180e+00       3.01048e-01       4.76821e+00
  255  2.55e-03      6.84763e+00       3.11227e-01       4.66883e+00
  256  2.56e-03      6.86193e+00       2.32528e-01       4.65213e+00
  257  2.57e-03      6.88031e+00       2.20904e-01       4.66051e+00
  258  2.58e-03      6.88320e+00       2.27236e-01       4.66454e+00
  259  2.59e-03      6.94063e+00       2.77434e-01       4.71956e+00
  260  2.60e-03      6.92237e+00       2.87828e-01       4.71086e+00
  261  2.61e-03      6.93296e+00       2.81237e-01       4.71572e+00
  262  2.62e-03      6.91103e+00       2.67749e-01       4.69661e+00
  263  2.63e-03      6.82811e+00       2.39812e-01       4.63201e+00
  264  2.64e-03      6.84802e+00       2.93531e-01       4.66319e+00
  265  2.65e-03      6.75791e+00       2.91837e-01       4.60255e+00
  266  2.66e-03      6.84438e+00       2.67360e-01       4.65204e+00
  267  2.67e-03      6.85535e+00       3.00152e-01       4.67028e+00
  268  2.68e-03      6.90902e+00       2.74185e-01       4.69741e+00
  269  2.69e-03      6.90673e+00       3.24507e-01       4.71265e+00
  270  2.70e-03      6.97378e+00       2.72946e-01       4.74017e+00
  271  2.71e-03      7.01367e+00       2.50924e-01       4.75942e+00
  272  2.72e-03      7.02659e+00       2.94762e-01       4.78265e+00
  273  2.73e-03      7.18368e+00       2.34181e-01       4.86718e+00
  274  2.74e-03      7.23303e+00       2.33762e-01       4.89994e+00
  275  2.75e-03      7.27912e+00       2.73762e-01       4.94400e+00
  276  2.76e-03      7.22198e+00       2.73614e-01       4.90586e+00
  277  2.77e-03      7.33102e+00       3.23077e-01       4.99504e+00
  278  2.78e-03      7.44550e+00       3.10746e-01       5.06725e+00
  279  2.79e-03      7.57430e+00       2.83171e-01       5.14392e+00
  280  2.80e-03      7.55958e+00       2.59484e-01       5.12621e+00
  281  2.81e-03      7.60038e+00       2.49291e-01       5.15001e+00
  282  2.82e-03      7.78101e+00       2.89055e-01       5.28369e+00
  283  2.83e-03      7.82594e+00       2.56312e-01       5.30273e+00
  284  2.84e-03      7.86402e+00       2.44306e-01       5.32412e+00
  285  2.85e-03      7.98375e+00       3.32239e-01       5.43325e+00
  286  2.86e-03      8.02199e+00       2.68613e-01       5.43753e+00
  287  2.87e-03      7.92990e+00       2.95654e-01       5.38515e+00
  288  2.88e-03      7.93181e+00       3.08595e-01       5.39074e+00
  289  2.89e-03      7.92393e+00       2.77079e-01       5.37498e+00
  290  2.90e-03      8.01442e+00       3.28914e-01       5.45258e+00
  291  2.91e-03      8.12906e+00       3.50593e-01       5.53623e+00
  292  2.92e-03      8.11429e+00       3.13578e-01       5.51405e+00
  293  2.93e-03      8.17150e+00       3.91203e-01       5.57807e+00
  294  2.94e-03      8.21488e+00       3.22659e-01       5.58414e+00
  295  2.95e-03      8.27653e+00       3.70785e-01       5.64128e+00
  296  2.96e-03      8.31566e+00       4.05092e-01       5.67881e+00
  297  2.97e-03      8.36608e+00       2.79977e-01       5.67071e+00
  298  2.98e-03      8.30344e+00       3.43552e-01       5.65014e+00
  299  2.99e-03      8.30927e+00       3.56260e-01       5.65827e+00
  300  3.00e-03      8.29898e+00       2.93939e-01       5.63063e+00
  301  3.01e-03      8.27938e+00       3.68978e-01       5.64258e+00
  302  3.02e-03      8.38419e+00       3.41499e-01       5.70329e+00
  303  3.03e-03      8.20475e+00       2.50955e-01       5.55348e+00
  304  3.04e-03      8.33664e+00       2.29048e-01       5.63411e+00
  305  3.05e-03      8.29302e+00       2.83918e-01       5.62332e+00
  306  3.06e-03      8.26425e+00       3.01371e-01       5.60996e+00
  307  3.07e-03      8.29135e+00       3.02833e-01       5.62851e+00
  308  3.08e-03      8.46382e+00       3.14506e-01       5.74738e+00
  309  3.09e-03      8.54130e+00       3.15452e-01       5.79935e+00
  310  3.10e-03      8.50816e+00       2.77622e-01       5.76465e+00
  311  3.11e-03      8.52626e+00       2.90768e-01       5.78110e+00
  312  3.12e-03      8.44202e+00       2.82483e-01       5.72218e+00
  313  3.13e-03      8.51552e+00       2.92472e-01       5.77450e+00
  314  3.14e-03      8.44346e+00       2.98580e-01       5.72850e+00
  315  3.15e-03      8.58213e+00       3.00043e-01       5.82144e+00
  316  3.16e-03      8.50512e+00       2.72564e-01       5.76094e+00
  317  3.17e-03      8.47189e+00       2.59192e-01       5.73432e+00
  318  3.18e-03      8.40430e+00       2.63275e-01       5.69063e+00
  319  3.19e-03      8.40995e+00       2.99154e-01       5.70635e+00
  320  3.20e-03      8.47837e+00       3.48464e-01       5.76840e+00
  321  3.21e-03      8.61920e+00       3.22392e-01       5.85360e+00
  322  3.22e-03      8.74297e+00       3.57464e-01       5.94780e+00
  323  3.23e-03      8.74580e+00       3.24808e-01       5.93880e+00
  324  3.24e-03      8.96990e+00       3.10139e-01       6.08331e+00
  325  3.25e-03      8.92613e+00       3.99673e-01       6.08398e+00
  326  3.26e-03      9.00959e+00       2.96857e-01       6.10534e+00
  327  3.27e-03      8.94231e+00       2.83699e-01       6.05611e+00
  328  3.28e-03      9.09644e+00       3.42669e-01       6.17852e+00
  329  3.29e-03      9.12993e+00       3.53990e-01       6.20461e+00
  330  3.30e-03      9.11628e+00       3.13673e-01       6.18208e+00
  331  3.31e-03      9.08890e+00       3.03985e-01       6.16060e+00
  332  3.32e-03      8.98535e+00       2.96460e-01       6.08905e+00
  333  3.33e-03      9.31780e+00       2.99307e-01       6.31163e+00
  334  3.34e-03      9.39344e+00       3.05490e-01       6.36412e+00
  335  3.35e-03      9.34069e+00       2.74281e-01       6.31855e+00
  336  3.36e-03      9.32200e+00       2.94089e-01       6.31270e+00
  337  3.37e-03      9.34949e+00       2.77146e-01       6.32538e+00
  338  3.38e-03      9.38554e+00       3.36581e-01       6.36922e+00
  339  3.39e-03      9.43995e+00       3.25614e-01       6.40184e+00
  340  3.40e-03      9.42140e+00       2.73966e-01       6.37225e+00
  341  3.41e-03      9.38555e+00       3.23969e-01       6.36502e+00
  342  3.42e-03      9.35616e+00       3.13207e-01       6.34185e+00
  343  3.43e-03      9.31808e+00       3.18731e-01       6.31830e+00
  344  3.44e-03      9.41625e+00       2.65594e-01       6.36603e+00
  345  3.45e-03      9.40272e+00       2.60891e-01       6.35545e+00
  346  3.46e-03      9.39669e+00       3.04569e-01       6.36598e+00
  347  3.47e-03      9.52751e+00       3.07868e-01       6.45430e+00
  348  3.48e-03      9.52434e+00       3.00980e-01       6.44988e+00
  349  3.49e-03      9.63066e+00       3.34572e-01       6.53196e+00
  350  3.50e-03      9.56846e+00       3.78761e-01       6.50523e+00
  351  3.51e-03      9.67003e+00       3.16892e-01       6.55232e+00
  352  3.52e-03      9.64752e+00       3.01703e-01       6.53225e+00
  353  3.53e-03      9.81342e+00       3.10167e-01       6.64567e+00
  354  3.54e-03      9.72923e+00       2.78945e-01       6.57914e+00
  355  3.55e-03      9.86685e+00       2.94815e-01       6.67617e+00
  356  3.56e-03      9.89960e+00       2.55962e-01       6.68506e+00
  357  3.57e-03      9.88847e+00       2.98017e-01       6.69165e+00
  358  3.58e-03      9.97270e+00       3.35393e-01       6.76026e+00
  359  3.59e-03      9.97835e+00       3.13375e-01       6.75669e+00
  360  3.60e-03      1.01513e+01       3.59400e-01       6.88732e+00
  361  3.61e-03      9.98105e+00       2.62975e-01       6.74169e+00
  362  3.62e-03      9.99921e+00       2.35491e-01       6.74464e+00
  363  3.63e-03      9.99711e+00       2.89009e-01       6.76107e+00
  364  3.64e-03      9.93789e+00       2.33832e-01       6.70320e+00
  365  3.65e-03      1.00120e+01       2.94049e-01       6.77271e+00
  366  3.66e-03      1.00089e+01       3.11150e-01       6.77632e+00
  367  3.67e-03      1.01071e+01       2.46084e-01       6.82011e+00
  368  3.68e-03      1.00706e+01       2.88811e-01       6.80998e+00
  369  3.69e-03      1.01597e+01       2.54469e-01       6.85797e+00
  370  3.70e-03      1.01628e+01       3.01373e-01       6.87565e+00
  371  3.71e-03      1.03444e+01       3.04043e-01       6.99760e+00
  372  3.72e-03      1.02446e+01       2.70103e-01       6.91977e+00
  373  3.73e-03      1.04161e+01       2.96313e-01       7.04286e+00
  374  3.74e-03      1.04170e+01       2.78304e-01       7.03745e+00
  375  3.75e-03      1.05297e+01       2.61696e-01       7.10705e+00
  376  3.76e-03      1.04114e+01       2.62928e-01       7.02857e+00
  377  3.77e-03      1.04021e+01       2.88567e-01       7.03092e+00
  378  3.78e-03      1.05354e+01       2.58643e-01       7.10984e+00
  379  3.79e-03      1.05424e+01       3.05748e-01       7.13020e+00
  380  3.80e-03      1.06323e+01       2.90196e-01       7.18493e+00
  381  3.81e-03      1.06208e+01       2.72553e-01       7.17142e+00
  382  3.82e-03      1.09193e+01       3.08788e-01       7.38248e+00
  383  3.83e-03      1.08333e+01       3.52742e-01       7.33980e+00
  384  3.84e-03      1.09013e+01       2.95305e-01       7.36599e+00
  385  3.85e-03      1.10140e+01       3.49655e-01       7.45922e+00
  386  3.86e-03      1.09177e+01       3.67717e-01       7.40105e+00
  387  3.87e-03      1.09474e+01       2.85912e-01       7.39358e+00
  388  3.88e-03      1.09847e+01       3.10406e-01       7.42660e+00
  389  3.89e-03      1.10336e+01       2.74393e-01       7.44720e+00
  390  3.90e-03      1.10136e+01       2.77784e-01       7.43502e+00
  391  3.91e-03      1.09630e+01       2.98026e-01       7.40803e+00
  392  3.92e-03      1.10168e+01       3.62357e-01       7.46533e+00
  393  3.93e-03      1.10753e+01       3.74977e-01       7.50850e+00
  394  3.94e-03      1.10415e+01       2.98993e-01       7.46066e+00
  395  3.95e-03      1.10269e+01       3.54276e-01       7.46933e+00
  396  3.96e-03      1.10219e+01       3.84276e-01       7.47604e+00
  397  3.97e-03      1.09406e+01       3.18296e-01       7.39984e+00
  398  3.98e-03      1.11602e+01       3.92351e-01       7.57093e+00
  399  3.99e-03      1.10863e+01       2.72278e-01       7.48159e+00
  400  4.00e-03      1.12300e+01       3.38519e-01       7.59947e+00
  401  4.01e-03      1.12158e+01       3.56457e-01       7.59604e+00
  402  4.02e-03      1.11561e+01       3.22328e-01       7.54483e+00
  403  4.03e-03      1.12010e+01       3.04735e-01       7.56893e+00
  404  4.04e-03      1.13042e+01       3.12043e-01       7.64013e+00
  405  4.05e-03      1.14451e+01       2.82575e-01       7.72429e+00
  406  4.06e-03      1.13896e+01       2.86232e-01       7.68849e+00
  407  4.07e-03      1.16849e+01       2.83419e-01       7.88440e+00
  408  4.08e-03      1.15530e+01       2.82551e-01       7.79621e+00
  409  4.09e-03      1.17377e+01       3.10121e-01       7.92853e+00
  410  4.10e-03      1.16777e+01       3.21900e-01       7.89240e+00
  411  4.11e-03      1.19005e+01       2.77696e-01       8.02620e+00
  412  4.12e-03      1.19419e+01       3.58126e-01       8.08061e+00
  413  4.13e-03      1.20051e+01       3.85421e-01       8.13186e+00
  414  4.14e-03      1.19869e+01       3.35887e-01       8.10323e+00
  415  4.15e-03      1.19332e+01       3.03609e-01       8.05664e+00
  416  4.16e-03      1.21046e+01       2.81522e-01       8.16357e+00
  417  4.17e-03      1.20153e+01       3.22881e-01       8.11783e+00
  418  4.18e-03      1.20871e+01       3.07913e-01       8.16073e+00
  419  4.19e-03      1.19304e+01       3.16327e-01       8.05908e+00
  420  4.20e-03      1.20999e+01       3.23348e-01       8.17436e+00
  421  4.21e-03      1.20936e+01       3.16101e-01       8.16776e+00
  422  4.22e-03      1.22869e+01       3.29438e-01       8.30107e+00
  423  4.23e-03      1.23571e+01       3.15571e-01       8.34323e+00
  424  4.24e-03      1.21698e+01       3.25589e-01       8.22172e+00
  425  4.25e-03      1.22728e+01       3.31719e-01       8.29246e+00
  426  4.26e-03      1.21994e+01       3.07493e-01       8.23541e+00
  427  4.27e-03      1.23798e+01       3.18171e-01       8.35926e+00
  428  4.28e-03      1.22593e+01       2.81443e-01       8.26670e+00
  429  4.29e-03      1.23622e+01       2.96732e-01       8.34038e+00
  430  4.30e-03      1.22087e+01       2.59122e-01       8.22550e+00
  431  4.31e-03      1.23215e+01       2.40052e-01       8.29436e+00
  432  4.32e-03      1.23812e+01       2.84780e-01       8.34906e+00
  433  4.33e-03      1.23053e+01       2.73566e-01       8.29472e+00
  434  4.34e-03      1.23761e+01       3.06617e-01       8.35297e+00
  435  4.35e-03      1.22227e+01       2.72832e-01       8.23940e+00
  436  4.36e-03      1.23646e+01       2.80377e-01       8.33653e+00
  437  4.37e-03      1.23814e+01       3.26015e-01       8.36296e+00
  438  4.38e-03      1.24521e+01       2.98207e-01       8.40082e+00
  439  4.39e-03      1.23579e+01       3.17277e-01       8.34439e+00
  440  4.40e-03      1.23785e+01       3.08564e-01       8.35522e+00
  441  4.41e-03      1.23267e+01       2.63460e-01       8.30564e+00
  442  4.42e-03      1.24240e+01       3.08385e-01       8.38545e+00
  443  4.43e-03      1.24278e+01       3.13973e-01       8.38984e+00
  444  4.44e-03      1.23910e+01       3.31194e-01       8.37105e+00
  445  4.45e-03      1.25067e+01       3.24567e-01       8.44601e+00
  446  4.46e-03      1.25418e+01       3.31737e-01       8.47175e+00
  447  4.47e-03      1.26936e+01       2.85018e-01       8.55743e+00
  448  4.48e-03      1.26420e+01       3.19094e-01       8.53437e+00
  449  4.49e-03      1.25329e+01       2.52868e-01       8.43954e+00
  450  4.50e-03      1.24845e+01       2.93471e-01       8.42082e+00
  451  4.51e-03      1.26176e+01       3.13347e-01       8.51618e+00
  452  4.52e-03      1.26856e+01       3.02250e-01       8.55782e+00
  453  4.53e-03      1.27269e+01       2.98844e-01       8.58422e+00
  454  4.54e-03      1.29117e+01       3.12613e-01       8.71203e+00
  455  4.55e-03      1.27830e+01       2.73788e-01       8.61324e+00
  456  4.56e-03      1.29506e+01       3.20267e-01       8.74048e+00
  457  4.57e-03      1.29349e+01       2.36629e-01       8.70212e+00
  458  4.58e-03      1.29866e+01       3.36280e-01       8.76982e+00
  459  4.59e-03      1.29672e+01       3.23520e-01       8.75267e+00
  460  4.60e-03      1.30446e+01       3.07216e-01       8.79883e+00
  461  4.61e-03      1.30693e+01       2.78983e-01       8.80584e+00
  462  4.62e-03      1.31612e+01       3.30742e-01       8.88437e+00
  463  4.63e-03      1.32296e+01       2.91576e-01       8.91690e+00
  464  4.64e-03      1.31914e+01       3.72428e-01       8.91839e+00
  465  4.65e-03      1.32376e+01       2.77804e-01       8.91765e+00
  466  4.66e-03      1.31983e+01       3.63781e-01       8.92012e+00
  467  4.67e-03      1.34811e+01       3.40906e-01       9.10100e+00
  468  4.68e-03      1.35274e+01       2.83728e-01       9.11283e+00
  469  4.69e-03      1.35598e+01       2.93045e-01       9.13756e+00
  470  4.70e-03      1.36493e+01       3.27546e-01       9.20869e+00
  471  4.71e-03      1.37402e+01       3.60639e-01       9.28036e+00
  472  4.72e-03      1.37735e+01       3.40361e-01       9.29577e+00
  473  4.73e-03      1.39225e+01       3.40445e-01       9.39514e+00
  474  4.74e-03      1.41519e+01       3.34726e-01       9.54616e+00
  475  4.75e-03      1.40258e+01       3.29398e-01       9.46034e+00
  476  4.76e-03      1.43114e+01       3.97154e-01       9.67330e+00
  477  4.77e-03      1.41683e+01       3.29113e-01       9.55521e+00
  478  4.78e-03      1.41936e+01       2.45006e-01       9.54406e+00
  479  4.79e-03      1.41687e+01       3.40882e-01       9.55945e+00
  480  4.80e-03      1.40334e+01       2.79928e-01       9.44892e+00
  481  4.81e-03      1.39368e+01       2.80285e-01       9.38463e+00
  482  4.82e-03      1.39462e+01       3.17447e-01       9.40326e+00
  483  4.83e-03      1.40862e+01       3.30677e-01       9.50103e+00
  484  4.84e-03      1.39070e+01       3.00442e-01       9.37147e+00
  485  4.85e-03      1.40315e+01       2.82973e-01       9.44869e+00
  486  4.86e-03      1.39985e+01       3.22701e-01       9.43992e+00
  487  4.87e-03      1.40963e+01       3.31637e-01       9.50806e+00
  488  4.88e-03      1.40735e+01       2.43255e-01       9.46344e+00
  489  4.89e-03      1.43135e+01       2.75867e-01       9.63430e+00
  490  4.90e-03      1.44337e+01       2.95745e-01       9.72105e+00
  491  4.91e-03      1.42811e+01       2.99386e-01       9.62050e+00
  492  4.92e-03      1.43880e+01       2.94678e-01       9.69021e+00
  493  4.93e-03      1.41247e+01       2.72349e-01       9.50722e+00
  494  4.94e-03      1.43500e+01       3.18585e-01       9.67284e+00
  495  4.95e-03      1.44513e+01       2.89887e-01       9.73083e+00
  496  4.96e-03      1.45513e+01       3.48994e-01       9.81721e+00
  497  4.97e-03      1.45515e+01       4.14912e-01       9.83932e+00
  498  4.98e-03      1.45450e+01       3.78009e-01       9.82267e+00
  499  4.99e-03      1.46380e+01       2.95440e-01       9.85713e+00
  500  5.00e-03      1.47339e+01       3.19590e-01       9.92910e+00
  501  5.01e-03      1.47471e+01       2.89204e-01       9.92781e+00
  502  5.02e-03      1.48760e+01       2.72355e-01       1.00081e+01
  503  5.03e-03      1.48811e+01       3.06657e-01       1.00229e+01
  504  5.04e-03      1.47644e+01       3.39502e-01       9.95610e+00
  505  5.05e-03      1.48922e+01       2.48724e-01       1.00110e+01
  506  5.06e-03      1.48036e+01       2.69442e-01       9.95891e+00
  507  5.07e-03      1.47671e+01       2.74669e-01       9.93629e+00
  508  5.08e-03      1.47635e+01       2.77696e-01       9.93491e+00
  509  5.09e-03      1.47888e+01       3.22726e-01       9.96679e+00
  510  5.10e-03      1.48215e+01       2.48237e-01       9.96372e+00
  511  5.11e-03      1.48114e+01       2.63853e-01       9.96223e+00
  512  5.12e-03      1.49948e+01       3.08711e-01       1.00994e+01
  513  5.13e-03      1.49688e+01       2.86477e-01       1.00747e+01
  514  5.14e-03      1.50140e+01       2.78499e-01       1.01021e+01
  515  5.15e-03      1.48816e+01       3.23457e-01       1.00289e+01
  516  5.16e-03      1.49691e+01       2.35197e-01       1.00578e+01
  517  5.17e-03      1.50520e+01       2.78450e-01       1.01275e+01
  518  5.18e-03      1.51302e+01       2.77005e-01       1.01791e+01
  519  5.19e-03      1.52355e+01       2.72089e-01       1.02477e+01
  520  5.20e-03      1.51257e+01       2.63884e-01       1.01718e+01
  521  5.21e-03      1.52922e+01       2.85019e-01       1.02898e+01
  522  5.22e-03      1.51392e+01       3.47376e-01       1.02086e+01
  523  5.23e-03      1.53346e+01       2.76509e-01       1.03153e+01
  524  5.24e-03      1.53313e+01       3.21674e-01       1.03281e+01
  525  5.25e-03      1.53504e+01       3.23537e-01       1.03415e+01
  526  5.26e-03      1.54747e+01       3.38008e-01       1.04292e+01
  527  5.27e-03      1.54664e+01       3.14537e-01       1.04158e+01
  528  5.28e-03      1.56630e+01       3.40054e-01       1.05553e+01
  529  5.29e-03      1.57806e+01       3.34296e-01       1.06318e+01
  530  5.30e-03      1.58703e+01       3.37830e-01       1.06928e+01
  531  5.31e-03      1.58313e+01       3.50116e-01       1.06709e+01
  532  5.32e-03      1.58926e+01       3.90961e-01       1.07254e+01
  533  5.33e-03      1.60506e+01       3.54740e-01       1.08186e+01
  534  5.34e-03      1.61456e+01       3.11395e-01       1.08675e+01
  535  5.35e-03      1.61526e+01       3.77850e-01       1.08943e+01
  536  5.36e-03      1.61732e+01       3.27066e-01       1.08912e+01
  537  5.37e-03      1.61812e+01       2.49059e-01       1.08705e+01
  538  5.38e-03      1.61401e+01       3.07575e-01       1.08626e+01
  539  5.39e-03      1.62807e+01       3.15833e-01       1.09591e+01
  540  5.40e-03      1.62132e+01       3.88988e-01       1.09384e+01
  541  5.41e-03      1.62110e+01       3.24726e-01       1.09155e+01
  542  5.42e-03      1.59910e+01       3.10741e-01       1.07643e+01
  543  5.43e-03      1.60744e+01       3.26757e-01       1.08252e+01
  544  5.44e-03      1.61397e+01       3.22580e-01       1.08673e+01
  545  5.45e-03      1.63457e+01       3.08343e-01       1.09999e+01
  546  5.46e-03      1.64457e+01       2.88974e-01       1.10601e+01
  547  5.47e-03      1.64214e+01       2.48933e-01       1.10306e+01
  548  5.48e-03      1.65250e+01       2.50414e-01       1.11001e+01
  549  5.49e-03      1.64441e+01       2.82287e-01       1.10568e+01
  550  5.50e-03      1.66360e+01       3.02425e-01       1.11915e+01
  551  5.51e-03      1.66854e+01       2.79906e-01       1.12169e+01
  552  5.52e-03      1.67060e+01       2.60477e-01       1.12242e+01
  553  5.53e-03      1.66147e+01       2.86816e-01       1.11721e+01
  554  5.54e-03      1.68498e+01       2.99605e-01       1.13331e+01
  555  5.55e-03      1.69273e+01       2.53333e-01       1.13693e+01
  556  5.56e-03      1.68299e+01       3.19889e-01       1.13266e+01
  557  5.57e-03      1.69708e+01       3.30503e-01       1.14240e+01
  558  5.58e-03      1.68144e+01       3.56674e-01       1.13285e+01
  559  5.59e-03      1.69185e+01       2.98718e-01       1.13786e+01
  560  5.60e-03      1.69623e+01       2.97900e-01       1.14075e+01
  561  5.61e-03      1.70217e+01       3.20927e-01       1.14548e+01
  562  5.62e-03      1.70067e+01       2.96936e-01       1.14368e+01
  563  5.63e-03      1.69645e+01       2.77803e-01       1.14022e+01
  564  5.64e-03      1.69709e+01       2.89044e-01       1.14103e+01
  565  5.65e-03      1.69429e+01       3.68233e-01       1.14180e+01
  566  5.66e-03      1.69889e+01       3.68738e-01       1.14489e+01
  567  5.67e-03      1.70457e+01       3.14632e-01       1.14686e+01
  568  5.68e-03      1.71652e+01       2.71050e-01       1.15338e+01
  569  5.69e-03      1.68636e+01       3.13638e-01       1.13469e+01
  570  5.70e-03      1.69573e+01       2.78721e-01       1.13977e+01
  571  5.71e-03      1.69323e+01       3.13410e-01       1.13927e+01
  572  5.72e-03      1.70399e+01       2.81015e-01       1.14536e+01
  573  5.73e-03      1.69983e+01       3.36190e-01       1.14443e+01
  574  5.74e-03      1.71521e+01       2.64602e-01       1.15229e+01
  575  5.75e-03      1.72666e+01       3.31276e-01       1.16215e+01
  576  5.76e-03      1.72164e+01       2.78435e-01       1.15704e+01
  577  5.77e-03      1.73499e+01       2.45820e-01       1.16485e+01
  578  5.78e-03      1.72960e+01       3.35918e-01       1.16427e+01
  579  5.79e-03      1.73017e+01       2.34417e-01       1.16126e+01
  580  5.80e-03      1.73801e+01       2.68741e-01       1.16763e+01
  581  5.81e-03      1.73886e+01       3.36190e-01       1.17045e+01
  582  5.82e-03      1.72810e+01       3.12993e-01       1.16250e+01
  583  5.83e-03      1.73474e+01       2.89634e-01       1.16615e+01
  584  5.84e-03      1.74003e+01       3.38799e-01       1.17131e+01
  585  5.85e-03      1.74527e+01       2.62023e-01       1.17225e+01
  586  5.86e-03      1.75302e+01       3.21852e-01       1.17941e+01
  587  5.87e-03      1.74314e+01       3.39421e-01       1.17341e+01
  588  5.88e-03      1.75650e+01       2.64312e-01       1.17981e+01
  589  5.89e-03      1.75973e+01       3.22564e-01       1.18390e+01
  590  5.90e-03      1.76768e+01       2.52418e-01       1.18686e+01
  591  5.91e-03      1.77241e+01       2.53623e-01       1.19006e+01
  592  5.92e-03      1.77355e+01       3.44171e-01       1.19384e+01
  593  5.93e-03      1.77508e+01       2.77704e-01       1.19265e+01
  594  5.94e-03      1.76437e+01       2.97572e-01       1.18616e+01
  595  5.95e-03      1.78719e+01       2.59826e-01       1.20012e+01
  596  5.96e-03      1.79109e+01       3.06972e-01       1.20430e+01
  597  5.97e-03      1.80828e+01       3.47126e-01       1.21709e+01
  598  5.98e-03      1.79673e+01       2.72641e-01       1.20691e+01
  599  5.99e-03      1.81460e+01       2.58115e-01       1.21833e+01
  600  6.00e-03      1.82173e+01       3.20012e-01       1.22515e+01
  601  6.01e-03      1.85812e+01       3.05360e-01       1.24892e+01
  602  6.02e-03      1.85476e+01       2.94113e-01       1.24631e+01
  603  6.03e-03      1.86653e+01       2.96961e-01       1.25425e+01
  604  6.04e-03      1.84464e+01       2.64092e-01       1.23856e+01
  605  6.05e-03      1.84274e+01       3.09860e-01       1.23882e+01
  606  6.06e-03      1.85212e+01       3.18213e-01       1.24535e+01
  607  6.07e-03      1.85520e+01       2.95918e-01       1.24666e+01
  608  6.08e-03      1.85965e+01       3.05011e-01       1.24993e+01
  609  6.09e-03      1.84946e+01       2.76129e-01       1.24218e+01
  610  6.10e-03      1.86571e+01       3.25789e-01       1.25466e+01
  611  6.11e-03      1.85957e+01       3.53804e-01       1.25151e+01
  612  6.12e-03      1.84500e+01       3.59833e-01       1.24199e+01
  613  6.13e-03      1.84284e+01       3.76618e-01       1.24111e+01
  614  6.14e-03      1.84090e+01       3.84624e-01       1.24009e+01
  615  6.15e-03      1.84517e+01       3.62585e-01       1.24220e+01
  616  6.16e-03      1.83046e+01       3.91242e-01       1.23335e+01
  617  6.17e-03      1.84414e+01       3.54923e-01       1.24126e+01
  618  6.18e-03      1.85024e+01       3.23174e-01       1.24427e+01
  619  6.19e-03      1.83002e+01       2.74134e-01       1.22915e+01
  620  6.20e-03      1.85004e+01       3.29841e-01       1.24436e+01
  621  6.21e-03      1.83823e+01       3.40154e-01       1.23683e+01
  622  6.22e-03      1.82583e+01       3.08204e-01       1.22749e+01
  623  6.23e-03      1.81697e+01       2.85539e-01       1.22083e+01
  624  6.24e-03      1.82568e+01       2.64957e-01       1.22595e+01
  625  6.25e-03      1.80912e+01       3.19535e-01       1.21673e+01
  626  6.26e-03      1.82907e+01       3.57920e-01       1.23131e+01
  627  6.27e-03      1.81059e+01       3.20314e-01       1.21773e+01
  628  6.28e-03      1.83444e+01       3.09053e-01       1.23326e+01
  629  6.29e-03      1.82706e+01       2.57759e-01       1.22663e+01
  630  6.30e-03      1.81259e+01       3.07014e-01       1.21863e+01
  631  6.31e-03      1.81919e+01       3.38707e-01       1.22409e+01
  632  6.32e-03      1.80675e+01       2.55305e-01       1.21301e+01
  633  6.33e-03      1.81372e+01       2.97547e-01       1.21907e+01
  634  6.34e-03      1.80841e+01       3.65291e-01       1.21778e+01
  635  6.35e-03      1.82424e+01       3.31535e-01       1.22721e+01
  636  6.36e-03      1.82206e+01       2.88966e-01       1.22434e+01
  637  6.37e-03      1.81675e+01       3.11833e-01       1.22156e+01
  638  6.38e-03      1.81149e+01       3.56019e-01       1.21953e+01
  639  6.39e-03      1.79899e+01       2.99733e-01       1.20932e+01
  640  6.40e-03      1.80465e+01       3.04508e-01       1.21325e+01
  641  6.41e-03      1.80938e+01       2.82360e-01       1.21567e+01
  642  6.42e-03      1.81566e+01       3.47338e-01       1.22202e+01
  643  6.43e-03      1.81399e+01       3.16258e-01       1.21987e+01
  644  6.44e-03      1.82667e+01       2.81929e-01       1.22718e+01
  645  6.45e-03      1.82322e+01       3.29537e-01       1.22646e+01
  646  6.46e-03      1.81056e+01       3.55856e-01       1.21890e+01
  647  6.47e-03      1.79437e+01       3.58910e-01       1.20821e+01
  648  6.48e-03      1.80168e+01       3.53070e-01       1.21289e+01
  649  6.49e-03      1.80386e+01       2.92910e-01       1.21234e+01
  650  6.50e-03      1.78831e+01       2.88746e-01       1.20183e+01
  651  6.51e-03      1.77914e+01       2.84550e-01       1.19558e+01
  652  6.52e-03      1.77324e+01       2.82410e-01       1.19157e+01
  653  6.53e-03      1.79542e+01       3.11829e-01       1.20734e+01
  654  6.54e-03      1.77649e+01       2.88747e-01       1.19395e+01
  655  6.55e-03      1.79133e+01       3.05470e-01       1.20440e+01
  656  6.56e-03      1.78492e+01       3.23937e-01       1.20075e+01
  657  6.57e-03      1.77374e+01       3.11552e-01       1.19288e+01
  658  6.58e-03      1.78077e+01       2.59598e-01       1.19583e+01
  659  6.59e-03      1.75223e+01       2.98206e-01       1.17809e+01
  660  6.60e-03      1.76289e+01       2.84079e-01       1.18473e+01
  661  6.61e-03      1.76305e+01       2.78746e-01       1.18466e+01
  662  6.62e-03      1.78119e+01       3.19695e-01       1.19812e+01
  663  6.63e-03      1.78839e+01       2.65571e-01       1.20111e+01
  664  6.64e-03      1.79321e+01       2.55561e-01       1.20399e+01
  665  6.65e-03      1.78315e+01       3.68862e-01       1.20106e+01
  666  6.66e-03      1.77351e+01       3.05811e-01       1.19254e+01
  667  6.67e-03      1.79749e+01       3.40448e-01       1.20968e+01
  668  6.68e-03      1.79173e+01       2.96917e-01       1.20438e+01
  669  6.69e-03      1.77600e+01       3.02412e-01       1.19408e+01
  670  6.70e-03      1.77092e+01       3.05091e-01       1.19078e+01
  671  6.71e-03      1.77144e+01       3.67306e-01       1.19320e+01
  672  6.72e-03      1.76921e+01       3.05894e-01       1.18967e+01
  673  6.73e-03      1.79173e+01       2.01196e-01       1.20120e+01
  674  6.74e-03      1.76898e+01       2.45915e-01       1.18752e+01
  675  6.75e-03      1.77529e+01       2.41975e-01       1.19159e+01
  676  6.76e-03      1.77093e+01       2.32032e-01       1.18835e+01
  677  6.77e-03      1.75642e+01       2.83903e-01       1.18041e+01
  678  6.78e-03      1.78732e+01       3.39087e-01       1.20285e+01
  679  6.79e-03      1.80786e+01       3.15057e-01       1.21574e+01
  680  6.80e-03      1.81633e+01       3.04589e-01       1.22104e+01
  681  6.81e-03      1.80783e+01       3.57118e-01       1.21712e+01
  682  6.82e-03      1.80790e+01       3.60397e-01       1.21728e+01
  683  6.83e-03      1.78563e+01       3.36903e-01       1.20165e+01
  684  6.84e-03      1.79367e+01       3.21125e-01       1.20648e+01
  685  6.85e-03      1.80971e+01       3.49224e-01       1.21811e+01
  686  6.86e-03      1.81165e+01       3.20283e-01       1.21845e+01
  687  6.87e-03      1.81667e+01       3.29283e-01       1.22209e+01
  688  6.88e-03      1.81473e+01       2.73935e-01       1.21895e+01
  689  6.89e-03      1.83398e+01       2.67273e-01       1.23156e+01
  690  6.90e-03      1.82050e+01       2.84797e-01       1.22316e+01
  691  6.91e-03      1.85824e+01       3.28844e-01       1.24979e+01
  692  6.92e-03      1.85560e+01       3.19389e-01       1.24771e+01
  693  6.93e-03      1.87051e+01       2.92304e-01       1.25675e+01
  694  6.94e-03      1.88484e+01       3.16168e-01       1.26710e+01
  695  6.95e-03      1.88990e+01       2.77814e-01       1.26919e+01
  696  6.96e-03      1.89899e+01       2.66607e-01       1.27488e+01
  697  6.97e-03      1.89657e+01       2.72885e-01       1.27348e+01
  698  6.98e-03      1.89923e+01       3.06475e-01       1.27637e+01
  699  6.99e-03      1.88323e+01       2.67514e-01       1.26440e+01
  700  7.00e-03      1.89894e+01       3.45027e-01       1.27746e+01
  701  7.01e-03      1.87460e+01       2.48582e-01       1.25802e+01
  702  7.02e-03      1.89769e+01       2.99761e-01       1.27512e+01
  703  7.03e-03      1.89775e+01       3.12176e-01       1.27557e+01
  704  7.04e-03      1.89827e+01       3.03668e-01       1.27564e+01
  705  7.05e-03      1.90096e+01       2.87637e-01       1.27689e+01
  706  7.06e-03      1.89592e+01       2.98207e-01       1.27389e+01
  707  7.07e-03      1.90275e+01       2.50048e-01       1.27683e+01
  708  7.08e-03      1.89527e+01       2.80545e-01       1.27287e+01
  709  7.09e-03      1.90599e+01       2.89935e-01       1.28033e+01
  710  7.10e-03      1.92338e+01       2.67584e-01       1.29117e+01
  711  7.11e-03      1.92895e+01       2.56703e-01       1.29453e+01
  712  7.12e-03      1.91464e+01       2.67317e-01       1.28533e+01
  713  7.13e-03      1.92548e+01       2.70557e-01       1.29267e+01
  714  7.14e-03      1.92330e+01       2.28231e-01       1.28981e+01
  715  7.15e-03      1.94155e+01       3.12426e-01       1.30478e+01
  716  7.16e-03      1.97555e+01       2.93370e-01       1.32681e+01
  717  7.17e-03      1.96800e+01       2.90988e-01       1.32170e+01
  718  7.18e-03      1.98304e+01       3.30645e-01       1.33305e+01
  719  7.19e-03      1.96957e+01       2.81054e-01       1.32241e+01
  720  7.20e-03      1.96589e+01       2.52754e-01       1.31902e+01
  721  7.21e-03      1.96381e+01       2.76166e-01       1.31841e+01
  722  7.22e-03      1.95989e+01       2.58272e-01       1.31521e+01
  723  7.23e-03      1.96083e+01       2.62381e-01       1.31597e+01
  724  7.24e-03      1.97074e+01       2.81003e-01       1.32319e+01
  725  7.25e-03      1.98846e+01       3.42578e-01       1.33706e+01
  726  7.26e-03      1.98511e+01       2.72275e-01       1.33248e+01
  727  7.27e-03      2.01590e+01       3.18713e-01       1.35456e+01
  728  7.28e-03      2.01327e+01       3.11119e-01       1.35255e+01
  729  7.29e-03      2.01352e+01       2.98630e-01       1.35230e+01
  730  7.30e-03      1.99373e+01       2.97304e-01       1.33906e+01
  731  7.31e-03      2.01518e+01       2.59226e-01       1.35209e+01
  732  7.32e-03      2.02382e+01       2.86268e-01       1.35876e+01
  733  7.33e-03      2.00280e+01       2.82124e-01       1.34461e+01
  734  7.34e-03      2.00647e+01       2.78045e-01       1.34692e+01
  735  7.35e-03      1.98021e+01       2.89567e-01       1.32979e+01
  736  7.36e-03      1.99985e+01       2.50999e-01       1.34160e+01
  737  7.37e-03      1.98232e+01       2.40235e-01       1.32955e+01
  738  7.38e-03      2.01766e+01       2.81732e-01       1.35450e+01
  739  7.39e-03      2.01461e+01       3.04716e-01       1.35323e+01
  740  7.40e-03      2.01160e+01       3.25474e-01       1.35191e+01
  741  7.41e-03      1.99745e+01       3.10929e-01       1.34200e+01
  742  7.42e-03      1.98381e+01       3.12128e-01       1.33294e+01
  743  7.43e-03      2.00658e+01       2.63716e-01       1.34651e+01
  744  7.44e-03      2.00147e+01       2.79420e-01       1.34363e+01
  745  7.45e-03      2.00432e+01       2.51696e-01       1.34460e+01
  746  7.46e-03      1.99211e+01       2.54288e-01       1.33655e+01
  747  7.47e-03      2.00899e+01       3.30880e-01       1.35036e+01
  748  7.48e-03      2.01702e+01       2.70105e-01       1.35368e+01
  749  7.49e-03      1.99987e+01       3.02132e-01       1.34332e+01
  750  7.50e-03      1.98460e+01       2.83991e-01       1.33253e+01
  751  7.51e-03      1.98331e+01       2.68904e-01       1.33117e+01
  752  7.52e-03      1.97530e+01       2.22681e-01       1.32429e+01
  753  7.53e-03      1.97248e+01       2.83442e-01       1.32444e+01
  754  7.54e-03      1.97497e+01       2.71108e-01       1.32569e+01
  755  7.55e-03      1.97475e+01       2.80526e-01       1.32585e+01
  756  7.56e-03      1.98741e+01       2.48931e-01       1.33324e+01
  757  7.57e-03      1.97784e+01       2.41793e-01       1.32662e+01
  758  7.58e-03      1.97902e+01       2.16950e-01       1.32658e+01
  759  7.59e-03      1.97610e+01       2.67873e-01       1.32633e+01
  760  7.60e-03      1.98253e+01       2.96360e-01       1.33156e+01
  761  7.61e-03      1.98210e+01       2.96293e-01       1.33128e+01
  762  7.62e-03      1.98772e+01       2.98146e-01       1.33508e+01
  763  7.63e-03      1.97861e+01       2.98294e-01       1.32902e+01
  764  7.64e-03      1.98040e+01       3.50959e-01       1.33196e+01
  765  7.65e-03      1.97845e+01       3.21628e-01       1.32969e+01
  766  7.66e-03      1.97404e+01       3.09299e-01       1.32634e+01
  767  7.67e-03      1.97806e+01       2.75287e-01       1.32788e+01
  768  7.68e-03      1.97816e+01       2.61162e-01       1.32748e+01
  769  7.69e-03      1.99030e+01       2.61442e-01       1.33558e+01
  770  7.70e-03      1.99225e+01       2.49690e-01       1.33649e+01
  771  7.71e-03      1.98558e+01       2.43690e-01       1.33184e+01
  772  7.72e-03      2.02098e+01       2.87544e-01       1.35690e+01
  773  7.73e-03      2.01347e+01       2.99598e-01       1.35230e+01
  774  7.74e-03      2.03667e+01       2.82077e-01       1.36718e+01
  775  7.75e-03      2.02983e+01       2.34670e-01       1.36104e+01
  776  7.76e-03      2.05154e+01       2.39350e-01       1.37567e+01
  777  7.77e-03      2.04982e+01       2.76449e-01       1.37576e+01
  778  7.78e-03      2.07657e+01       2.86473e-01       1.39393e+01
  779  7.79e-03      2.05590e+01       2.94603e-01       1.38042e+01
  780  7.80e-03      2.05895e+01       3.05753e-01       1.38282e+01
  781  7.81e-03      2.05992e+01       3.24937e-01       1.38411e+01
  782  7.82e-03      2.05114e+01       2.88030e-01       1.37703e+01
  783  7.83e-03      2.05234e+01       2.51222e-01       1.37660e+01
  784  7.84e-03      2.03533e+01       3.57185e-01       1.36879e+01
  785  7.85e-03      2.06001e+01       2.76533e-01       1.38256e+01
  786  7.86e-03      2.04564e+01       3.10359e-01       1.37411e+01
  787  7.87e-03      2.05808e+01       3.33381e-01       1.38317e+01
  788  7.88e-03      2.05609e+01       3.08804e-01       1.38102e+01
  789  7.89e-03      2.06658e+01       3.14561e-01       1.38821e+01
  790  7.90e-03      2.07872e+01       2.49862e-01       1.39415e+01
  791  7.91e-03      2.08212e+01       2.92373e-01       1.39782e+01
  792  7.92e-03      2.09733e+01       2.78805e-01       1.40752e+01
  793  7.93e-03      2.10423e+01       2.51456e-01       1.41120e+01
  794  7.94e-03      2.12285e+01       2.93069e-01       1.42500e+01
  795  7.95e-03      2.13239e+01       2.67010e-01       1.43050e+01
  796  7.96e-03      2.15794e+01       2.60277e-01       1.44730e+01
  797  7.97e-03      2.15021e+01       2.90220e-01       1.44314e+01
  798  7.98e-03      2.16853e+01       3.01113e-01       1.45572e+01
  799  7.99e-03      2.16786e+01       2.78235e-01       1.45452e+01
  800  8.00e-03      2.17687e+01       2.68778e-01       1.46021e+01
  801  8.01e-03      2.16745e+01       2.64479e-01       1.45379e+01
  802  8.02e-03      2.16620e+01       2.72106e-01       1.45321e+01
  803  8.03e-03      2.18489e+01       2.98128e-01       1.46653e+01
  804  8.04e-03      2.15569e+01       2.83884e-01       1.44659e+01
  805  8.05e-03      2.18507e+01       2.52896e-01       1.46514e+01
  806  8.06e-03      2.18460e+01       2.91414e-01       1.46612e+01
  807  8.07e-03      2.16716e+01       2.51578e-01       1.45316e+01
  808  8.08e-03      2.16569e+01       3.02142e-01       1.45387e+01
  809  8.09e-03      2.16938e+01       2.91499e-01       1.45597e+01
  810  8.10e-03      2.16759e+01       3.13941e-01       1.45552e+01
  811  8.11e-03      2.16852e+01       2.97457e-01       1.45560e+01
  812  8.12e-03      2.17099e+01       2.75327e-01       1.45650e+01
  813  8.13e-03      2.17550e+01       2.09580e-01       1.45732e+01
  814  8.14e-03      2.17896e+01       2.87992e-01       1.46224e+01
  815  8.15e-03      2.18713e+01       2.81242e-01       1.46746e+01
  816  8.16e-03      2.18844e+01       2.72488e-01       1.46804e+01
  817  8.17e-03      2.17726e+01       2.71925e-01       1.46057e+01
  818  8.18e-03      2.17044e+01       2.85220e-01       1.45647e+01
  819  8.19e-03      2.18389e+01       2.91557e-01       1.46564e+01
  820  8.20e-03      2.16758e+01       2.62200e-01       1.45379e+01
  821  8.21e-03      2.19157e+01       3.23218e-01       1.47182e+01
  822  8.22e-03      2.18121e+01       2.85937e-01       1.46367e+01
  823  8.23e-03      2.19476e+01       2.79572e-01       1.47250e+01
  824  8.24e-03      2.18141e+01       2.88711e-01       1.46390e+01
  825  8.25e-03      2.19294e+01       2.65888e-01       1.47082e+01
  826  8.26e-03      2.18172e+01       2.95784e-01       1.46434e+01
  827  8.27e-03      2.18196e+01       3.07953e-01       1.46491e+01
  828  8.28e-03      2.17995e+01       3.76528e-01       1.46585e+01
  829  8.29e-03      2.16748e+01       3.56484e-01       1.45687e+01
  830  8.30e-03      2.16348e+01       3.09026e-01       1.45262e+01
  831  8.31e-03      2.14682e+01       2.87740e-01       1.44081e+01
  832  8.32e-03      2.17090e+01       2.75020e-01       1.45644e+01
  833  8.33e-03      2.14399e+01       2.89680e-01       1.43899e+01
  834  8.34e-03      2.17332e+01       3.14258e-01       1.45936e+01
  835  8.35e-03      2.16477e+01       3.39782e-01       1.45451e+01
  836  8.36e-03      2.17390e+01       3.06267e-01       1.45948e+01
  837  8.37e-03      2.17695e+01       3.26079e-01       1.46217e+01
  838  8.38e-03      2.16759e+01       3.09584e-01       1.45538e+01
  839  8.39e-03      2.17194e+01       3.16154e-01       1.45850e+01
  840  8.40e-03      2.15731e+01       3.01143e-01       1.44825e+01
  841  8.41e-03      2.18164e+01       3.15294e-01       1.46494e+01
  842  8.42e-03      2.15853e+01       3.02173e-01       1.44909e+01
  843  8.43e-03      2.15192e+01       3.17760e-01       1.44521e+01
  844  8.44e-03      2.15906e+01       3.37585e-01       1.45063e+01
  845  8.45e-03      2.16630e+01       3.56130e-01       1.45607e+01
  846  8.46e-03      2.15521e+01       2.82093e-01       1.44621e+01
  847  8.47e-03      2.15428e+01       3.42413e-01       1.44760e+01
  848  8.48e-03      2.17103e+01       3.39371e-01       1.45867e+01
  849  8.49e-03      2.16227e+01       3.21907e-01       1.45224e+01
  850  8.50e-03      2.19163e+01       3.40855e-01       1.47245e+01
  851  8.51e-03      2.18051e+01       3.40830e-01       1.46503e+01
  852  8.52e-03      2.18237e+01       3.45292e-01       1.46642e+01
  853  8.53e-03      2.19347e+01       3.86150e-01       1.47519e+01
  854  8.54e-03      2.20492e+01       3.69344e-01       1.48226e+01
  855  8.55e-03      2.22421e+01       3.48588e-01       1.49443e+01
  856  8.56e-03      2.22451e+01       3.07029e-01       1.49324e+01
  857  8.57e-03      2.23876e+01       3.92922e-01       1.50560e+01
  858  8.58e-03      2.22701e+01       3.45630e-01       1.49619e+01
  859  8.59e-03      2.23498e+01       3.83026e-01       1.50275e+01
  860  8.60e-03      2.21932e+01       4.18038e-01       1.49348e+01
  861  8.61e-03      2.23237e+01       3.22116e-01       1.49898e+01
  862  8.62e-03      2.22661e+01       3.56980e-01       1.49631e+01
  863  8.63e-03      2.22300e+01       3.16204e-01       1.49254e+01
  864  8.64e-03      2.22591e+01       3.31841e-01       1.49500e+01
  865  8.65e-03      2.22467e+01       3.31497e-01       1.49416e+01
  866  8.66e-03      2.23479e+01       3.53095e-01       1.50163e+01
  867  8.67e-03      2.20847e+01       3.39690e-01       1.48363e+01
  868  8.68e-03      2.22336e+01       2.81244e-01       1.49162e+01
  869  8.69e-03      2.19974e+01       2.48598e-01       1.47478e+01
  870  8.70e-03      2.23049e+01       2.31467e-01       1.49471e+01
  871  8.71e-03      2.23078e+01       2.78457e-01       1.49647e+01
  872  8.72e-03      2.23968e+01       2.62130e-01       1.50186e+01
  873  8.73e-03      2.24756e+01       2.80394e-01       1.50772e+01
  874  8.74e-03      2.24423e+01       2.67648e-01       1.50507e+01
  875  8.75e-03      2.25951e+01       2.67042e-01       1.51524e+01
  876  8.76e-03      2.25140e+01       3.05791e-01       1.51113e+01
  877  8.77e-03      2.27152e+01       3.29256e-01       1.52532e+01
  878  8.78e-03      2.25019e+01       2.60664e-01       1.50882e+01
  879  8.79e-03      2.28474e+01       2.50437e-01       1.53151e+01
  880  8.80e-03      2.27685e+01       2.93458e-01       1.52768e+01
  881  8.81e-03      2.28393e+01       2.37934e-01       1.53055e+01
  882  8.82e-03      2.29022e+01       2.32839e-01       1.53457e+01
  883  8.83e-03      2.28044e+01       3.16677e-01       1.53085e+01
  884  8.84e-03      2.29421e+01       2.76280e-01       1.53869e+01
  885  8.85e-03      2.28642e+01       2.58054e-01       1.53288e+01
  886  8.86e-03      2.29094e+01       2.58815e-01       1.53592e+01
  887  8.87e-03      2.28872e+01       2.39435e-01       1.53380e+01
  888  8.88e-03      2.32731e+01       2.66896e-01       1.56044e+01
  889  8.89e-03      2.29764e+01       2.56614e-01       1.54031e+01
  890  8.90e-03      2.28717e+01       2.62584e-01       1.53353e+01
  891  8.91e-03      2.27877e+01       2.60799e-01       1.52787e+01
  892  8.92e-03      2.26739e+01       2.62574e-01       1.52035e+01
  893  8.93e-03      2.27619e+01       3.09752e-01       1.52779e+01
  894  8.94e-03      2.26091e+01       2.11862e-01       1.51434e+01
  895  8.95e-03      2.27620e+01       2.77193e-01       1.52671e+01
  896  8.96e-03      2.25736e+01       2.48910e-01       1.51321e+01
  897  8.97e-03      2.25904e+01       2.38894e-01       1.51399e+01
  898  8.98e-03      2.24439e+01       2.33339e-01       1.50404e+01
  899  8.99e-03      2.25085e+01       2.61673e-01       1.50929e+01
  900  9.00e-03      2.23775e+01       2.49145e-01       1.50014e+01
  901  9.01e-03      2.25725e+01       2.67731e-01       1.51376e+01
  902  9.02e-03      2.27773e+01       2.29593e-01       1.52614e+01
  903  9.03e-03      2.28703e+01       2.76108e-01       1.53389e+01
  904  9.04e-03      2.29787e+01       2.89329e-01       1.54155e+01
  905  9.05e-03      2.29283e+01       2.29309e-01       1.53620e+01
  906  9.06e-03      2.30162e+01       2.66948e-01       1.54331e+01
  907  9.07e-03      2.27523e+01       3.01161e-01       1.52686e+01
  908  9.08e-03      2.26900e+01       2.74370e-01       1.52181e+01
  909  9.09e-03      2.27911e+01       2.73444e-01       1.52852e+01
  910  9.10e-03      2.27186e+01       3.02038e-01       1.52464e+01
  911  9.11e-03      2.27292e+01       2.78768e-01       1.52457e+01
  912  9.12e-03      2.25574e+01       2.52275e-01       1.51224e+01
  913  9.13e-03      2.26277e+01       3.08695e-01       1.51880e+01
  914  9.14e-03      2.24231e+01       2.92372e-01       1.50462e+01
  915  9.15e-03      2.25173e+01       2.90198e-01       1.51082e+01
  916  9.16e-03      2.25305e+01       3.23501e-01       1.51281e+01
  917  9.17e-03      2.25554e+01       2.97642e-01       1.51362e+01
  918  9.18e-03      2.24406e+01       3.16637e-01       1.50659e+01
  919  9.19e-03      2.23597e+01       3.32561e-01       1.50173e+01
  920  9.20e-03      2.25914e+01       3.21722e-01       1.51681e+01
  921  9.21e-03      2.22232e+01       2.91180e-01       1.49126e+01
  922  9.22e-03      2.24094e+01       3.20581e-01       1.50465e+01
  923  9.23e-03      2.22189e+01       2.83316e-01       1.49070e+01
  924  9.24e-03      2.24908e+01       2.74164e-01       1.50853e+01
  925  9.25e-03      2.23517e+01       3.08755e-01       1.50040e+01
  926  9.26e-03      2.24351e+01       3.11601e-01       1.50606e+01
  927  9.27e-03      2.23883e+01       3.79663e-01       1.50521e+01
  928  9.28e-03      2.25590e+01       2.81926e-01       1.51333e+01
  929  9.29e-03      2.25722e+01       3.32156e-01       1.51589e+01
  930  9.30e-03      2.23237e+01       2.90962e-01       1.49794e+01
  931  9.31e-03      2.26056e+01       3.47733e-01       1.51863e+01
  932  9.32e-03      2.23775e+01       3.02616e-01       1.50192e+01
  933  9.33e-03      2.24465e+01       2.93609e-01       1.50622e+01
  934  9.34e-03      2.27236e+01       3.93754e-01       1.52803e+01
  935  9.35e-03      2.27535e+01       3.45791e-01       1.52843e+01
  936  9.36e-03      2.28421e+01       3.78641e-01       1.53543e+01
  937  9.37e-03      2.31163e+01       3.29213e-01       1.55206e+01
  938  9.38e-03      2.32136e+01       4.32867e-01       1.56200e+01
  939  9.39e-03      2.30752e+01       3.45367e-01       1.54986e+01
  940  9.40e-03      2.32226e+01       3.19592e-01       1.55883e+01
  941  9.41e-03      2.31199e+01       3.50462e-01       1.55301e+01
  942  9.42e-03      2.32483e+01       3.59933e-01       1.56188e+01
  943  9.43e-03      2.31961e+01       3.62724e-01       1.55850e+01
  944  9.44e-03      2.33439e+01       3.56169e-01       1.56813e+01
  945  9.45e-03      2.33714e+01       3.12063e-01       1.56850e+01
  946  9.46e-03      2.32666e+01       3.40081e-01       1.56244e+01
  947  9.47e-03      2.33162e+01       3.22186e-01       1.56515e+01
  948  9.48e-03      2.32415e+01       3.27025e-01       1.56034e+01
  949  9.49e-03      2.33897e+01       2.94821e-01       1.56914e+01
  950  9.50e-03      2.32711e+01       3.00756e-01       1.56143e+01
  951  9.51e-03      2.34205e+01       3.03861e-01       1.57150e+01
  952  9.52e-03      2.33998e+01       3.14084e-01       1.57046e+01
  953  9.53e-03      2.35771e+01       3.04947e-01       1.58197e+01
  954  9.54e-03      2.36791e+01       3.32826e-01       1.58970e+01
  955  9.55e-03      2.34888e+01       3.34151e-01       1.57706e+01
  956  9.56e-03      2.36042e+01       2.99155e-01       1.58358e+01
  957  9.57e-03      2.33840e+01       3.39750e-01       1.57026e+01
  958  9.58e-03      2.34242e+01       3.14025e-01       1.57208e+01
  959  9.59e-03      2.32155e+01       2.84138e-01       1.55717e+01
  960  9.60e-03      2.32872e+01       2.72088e-01       1.56155e+01
  961  9.61e-03      2.34209e+01       2.42258e-01       1.56947e+01
  962  9.62e-03      2.35552e+01       2.34396e-01       1.57816e+01
  963  9.63e-03      2.34026e+01       2.39363e-01       1.56815e+01
  964  9.64e-03      2.35992e+01       2.80332e-01       1.58262e+01
  965  9.65e-03      2.35835e+01       2.87751e-01       1.58183e+01
  966  9.66e-03      2.34663e+01       2.10693e-01       1.57144e+01
  967  9.67e-03      2.36005e+01       3.20584e-01       1.58406e+01
  968  9.68e-03      2.34965e+01       2.24301e-01       1.57391e+01
  969  9.69e-03      2.37561e+01       2.43407e-01       1.59185e+01
  970  9.70e-03      2.35178e+01       2.70726e-01       1.57688e+01
  971  9.71e-03      2.38350e+01       2.68478e-01       1.59795e+01
  972  9.72e-03      2.37643e+01       2.29806e-01       1.59195e+01
  973  9.73e-03      2.37988e+01       2.57565e-01       1.59517e+01
  974  9.74e-03      2.39428e+01       2.85554e-01       1.60570e+01
  975  9.75e-03      2.39073e+01       3.14173e-01       1.60429e+01
  976  9.76e-03      2.41249e+01       3.11758e-01       1.61872e+01
  977  9.77e-03      2.39000e+01       2.61626e-01       1.60206e+01
  978  9.78e-03      2.40280e+01       2.72701e-01       1.61095e+01
  979  9.79e-03      2.40960e+01       2.81234e-01       1.61577e+01
  980  9.80e-03      2.43548e+01       2.99758e-01       1.63364e+01
  981  9.81e-03      2.40608e+01       2.47964e-01       1.61232e+01
  982  9.82e-03      2.39066e+01       2.61743e-01       1.60250e+01
  983  9.83e-03      2.38105e+01       2.74217e-01       1.59650e+01
  984  9.84e-03      2.36888e+01       3.02340e-01       1.58933e+01
  985  9.85e-03      2.38724e+01       3.20254e-01       1.60217e+01
  986  9.86e-03      2.37785e+01       2.77359e-01       1.59448e+01
  987  9.87e-03      2.40469e+01       2.49959e-01       1.61146e+01
  988  9.88e-03      2.37029e+01       2.85363e-01       1.58971e+01
  989  9.89e-03      2.38639e+01       2.74465e-01       1.60008e+01
  990  9.90e-03      2.37065e+01       2.50254e-01       1.58877e+01
  991  9.91e-03      2.38741e+01       2.45593e-01       1.59979e+01
  992  9.92e-03      2.39875e+01       2.62837e-01       1.60793e+01
  993  9.93e-03      2.37734e+01       2.99896e-01       1.59489e+01
  994  9.94e-03      2.36915e+01       3.01656e-01       1.58949e+01
  995  9.95e-03      2.36476e+01       3.17001e-01       1.58708e+01
  996  9.96e-03      2.38891e+01       2.48092e-01       1.60088e+01
  997  9.97e-03      2.36062e+01       2.51249e-01       1.58212e+01
  998  9.98e-03      2.38968e+01       2.67199e-01       1.60203e+01
  999  9.99e-03      2.37497e+01       2.27526e-01       1.59089e+01
