Delta = -7.895e+00 gamma
 step      t        T_in_plane/mK   T_out_of_plane/mK   T_tot/mK
    0  0.00e+00      5.72248e+00       0.00000e+00       3.81498e+00
    1  2.00e-06      5.60267e+00       6.74478e-04       3.73534e+00
    2  4.00e-06      5.64698e+00       9.67553e-04       3.76497e+00
    3  6.00e-06      5.65474e+00       1.64631e-03       3.77037e+00
    4  8.00e-06      5.63253e+00       1.71020e-03       3.75559e+00
    5  1.00e-05      5.63597e+00       2.41954e-03       3.75812e+00
    6  1.20e-05      5.62167e+00       2.90549e-03       3.74875e+00
    7  1.40e-05      5.59265e+00       3.28457e-03       3.72953e+00
    8  1.60e-05      5.59588e+00       4.35356e-03       3.73204e+00
    9  1.80e-05      5.59986e+00       3.50849e-03       3.73441e+00
   10  2.00e-05      5.59465e+00       4.78136e-03       3.73136e+00
   11  2.20e-05      5.57852e+00       4.75610e-03       3.72060e+00
   12  2.40e-05      5.57808e+00       6.62523e-03       3.72093e+00
   13  2.60e-05      5.59444e+00       6.38393e-03       3.73175e+00
   14  2.80e-05      5.57313e+00       6.99462e-03       3.71775e+00
   15  3.00e-05      5.56358e+00       7.37768e-03       3.71152e+00
   16  3.20e-05      5.57445e+00       7.91914e-03       3.71894e+00
   17  3.40e-05      5.52674e+00       1.03714e-02       3.68795e+00
   18  3.60e-05      5.52144e+00       9.29417e-03       3.68406e+00
   19  3.80e-05      5.53274e+00       1.00436e-02       3.69184e+00
   20  4.00e-05      5.52822e+00       1.18532e-02       3.68943e+00
   21  4.20e-05      5.52955e+00       9.86318e-03       3.68965e+00
   22  4.40e-05      5.52382e+00       1.14836e-02       3.68637e+00
   23  4.60e-05      5.51070e+00       1.20091e-02       3.67780e+00
   24  4.80e-05      5.49829e+00       9.18348e-03       3.66859e+00
   25  5.00e-05      5.49186e+00       1.21342e-02       3.66529e+00
   26  5.20e-05      5.48042e+00       1.20308e-02       3.65762e+00
   27  5.40e-05      5.45639e+00       1.06052e-02       3.64113e+00
   28  5.60e-05      5.44265e+00       1.30550e-02       3.63279e+00
   29  5.80e-05      5.44452e+00       1.51487e-02       3.63473e+00
   30  6.00e-05      5.44415e+00       1.28194e-02       3.63370e+00
   31  6.20e-05      5.43611e+00       1.38810e-02       3.62870e+00
   32  6.40e-05      5.43675e+00       1.63756e-02       3.62996e+00
   33  6.60e-05      5.41830e+00       1.35403e-02       3.61671e+00
   34  6.80e-05      5.40865e+00       1.84322e-02       3.61191e+00
   35  7.00e-05      5.39549e+00       1.56077e-02       3.60220e+00
   36  7.20e-05      5.37783e+00       1.75476e-02       3.59107e+00
   37  7.40e-05      5.35431e+00       1.71451e-02       3.57526e+00
   38  7.60e-05      5.35068e+00       2.01454e-02       3.57383e+00
   39  7.80e-05      5.37634e+00       1.88480e-02       3.59051e+00
   40  8.00e-05      5.37639e+00       2.08389e-02       3.59121e+00
   41  8.20e-05      5.36194e+00       2.01934e-02       3.58136e+00
   42  8.40e-05      5.34421e+00       1.97545e-02       3.56939e+00
   43  8.60e-05      5.36703e+00       1.65764e-02       3.58355e+00
   44  8.80e-05      5.35023e+00       2.42307e-02       3.57490e+00
   45  9.00e-05      5.34520e+00       2.15468e-02       3.57065e+00
   46  9.20e-05      5.31053e+00       2.31878e-02       3.54808e+00
   47  9.40e-05      5.31898e+00       2.00022e-02       3.55266e+00
   48  9.60e-05      5.31146e+00       1.73275e-02       3.54675e+00
   49  9.80e-05      5.29017e+00       2.27157e-02       3.53435e+00
   50  1.00e-04      5.29127e+00       2.38152e-02       3.53545e+00
   51  1.02e-04      5.29301e+00       2.65933e-02       3.53754e+00
   52  1.04e-04      5.29792e+00       2.16135e-02       3.53915e+00
   53  1.06e-04      5.27788e+00       2.53712e-02       3.52705e+00
   54  1.08e-04      5.27996e+00       2.52715e-02       3.52840e+00
   55  1.10e-04      5.30436e+00       2.77942e-02       3.54550e+00
   56  1.12e-04      5.28423e+00       2.77506e-02       3.53207e+00
   57  1.14e-04      5.29903e+00       2.35637e-02       3.54054e+00
   58  1.16e-04      5.30342e+00       2.67768e-02       3.54454e+00
   59  1.18e-04      5.28044e+00       2.76492e-02       3.52951e+00
   60  1.20e-04      5.28401e+00       2.68280e-02       3.53162e+00
   61  1.22e-04      5.28352e+00       2.96367e-02       3.53223e+00
   62  1.24e-04      5.26701e+00       3.21499e-02       3.52205e+00
   63  1.26e-04      5.26825e+00       3.30447e-02       3.52318e+00
   64  1.28e-04      5.24303e+00       2.95921e-02       3.50522e+00
   65  1.30e-04      5.22614e+00       2.91324e-02       3.49380e+00
   66  1.32e-04      5.21706e+00       3.92995e-02       3.49114e+00
   67  1.34e-04      5.22975e+00       3.75823e-02       3.49903e+00
   68  1.36e-04      5.22424e+00       3.33970e-02       3.49396e+00
   69  1.38e-04      5.24370e+00       3.73088e-02       3.50823e+00
   70  1.40e-04      5.23863e+00       3.70149e-02       3.50476e+00
   71  1.42e-04      5.24794e+00       3.53299e-02       3.51041e+00
   72  1.44e-04      5.25308e+00       2.99117e-02       3.51202e+00
   73  1.46e-04      5.23281e+00       4.01439e-02       3.50192e+00
   74  1.48e-04      5.23001e+00       3.04856e-02       3.49683e+00
   75  1.50e-04      5.25854e+00       3.56540e-02       3.51758e+00
   76  1.52e-04      5.25842e+00       3.94589e-02       3.51877e+00
   77  1.54e-04      5.29182e+00       3.67505e-02       3.54013e+00
   78  1.56e-04      5.29420e+00       3.57907e-02       3.54139e+00
   79  1.58e-04      5.26739e+00       4.02704e-02       3.52502e+00
   80  1.60e-04      5.23491e+00       3.67886e-02       3.50220e+00
   81  1.62e-04      5.24454e+00       3.08627e-02       3.50665e+00
   82  1.64e-04      5.24513e+00       4.08413e-02       3.51037e+00
   83  1.66e-04      5.24035e+00       3.78366e-02       3.50618e+00
   84  1.68e-04      5.26410e+00       3.94348e-02       3.52254e+00
   85  1.70e-04      5.26267e+00       4.60368e-02       3.52380e+00
   86  1.72e-04      5.26966e+00       3.86266e-02       3.52598e+00
   87  1.74e-04      5.25084e+00       3.97422e-02       3.51380e+00
   88  1.76e-04      5.24361e+00       4.53519e-02       3.51086e+00
   89  1.78e-04      5.20463e+00       3.96937e-02       3.48298e+00
   90  1.80e-04      5.19961e+00       3.52493e-02       3.47815e+00
   91  1.82e-04      5.19451e+00       4.17323e-02       3.47692e+00
   92  1.84e-04      5.19622e+00       4.45022e-02       3.47898e+00
   93  1.86e-04      5.18086e+00       4.26871e-02       3.46814e+00
   94  1.88e-04      5.21282e+00       4.61959e-02       3.49061e+00
   95  1.90e-04      5.20383e+00       4.71915e-02       3.48495e+00
   96  1.92e-04      5.20610e+00       4.44509e-02       3.48555e+00
   97  1.94e-04      5.19591e+00       4.47608e-02       3.47886e+00
   98  1.96e-04      5.20229e+00       4.43205e-02       3.48296e+00
   99  1.98e-04      5.18067e+00       3.81328e-02       3.46649e+00
  100  2.00e-04      5.16683e+00       4.37787e-02       3.45914e+00
  101  2.02e-04      5.17895e+00       4.80002e-02       3.46863e+00
  102  2.04e-04      5.17549e+00       4.49939e-02       3.46532e+00
  103  2.06e-04      5.17082e+00       3.76697e-02       3.45977e+00
  104  2.08e-04      5.17090e+00       5.01148e-02       3.46397e+00
  105  2.10e-04      5.17482e+00       4.57256e-02       3.46512e+00
  106  2.12e-04      5.16698e+00       4.51013e-02       3.45969e+00
  107  2.14e-04      5.15735e+00       5.15013e-02       3.45540e+00
  108  2.16e-04      5.17084e+00       4.59349e-02       3.46254e+00
  109  2.18e-04      5.17137e+00       4.46996e-02       3.46248e+00
  110  2.20e-04      5.18118e+00       4.79441e-02       3.47010e+00
  111  2.22e-04      5.16037e+00       4.52431e-02       3.45532e+00
  112  2.24e-04      5.16856e+00       4.46736e-02       3.46060e+00
  113  2.26e-04      5.18508e+00       5.09795e-02       3.47371e+00
  114  2.28e-04      5.11595e+00       4.26315e-02       3.42485e+00
  115  2.30e-04      5.12201e+00       5.07531e-02       3.43159e+00
  116  2.32e-04      5.10760e+00       5.73403e-02       3.42418e+00
  117  2.34e-04      5.06174e+00       5.38955e-02       3.39246e+00
  118  2.36e-04      5.04690e+00       5.18314e-02       3.38188e+00
  119  2.38e-04      5.04647e+00       5.51743e-02       3.38270e+00
  120  2.40e-04      5.03432e+00       5.46236e-02       3.37442e+00
  121  2.42e-04      5.05542e+00       5.53513e-02       3.38873e+00
  122  2.44e-04      5.05991e+00       5.93644e-02       3.39306e+00
  123  2.46e-04      5.02908e+00       5.58056e-02       3.37132e+00
  124  2.48e-04      5.03265e+00       5.60502e-02       3.37378e+00
  125  2.50e-04      5.04656e+00       5.29560e-02       3.38203e+00
  126  2.52e-04      5.03826e+00       5.10650e-02       3.37586e+00
  127  2.54e-04      5.05332e+00       5.40455e-02       3.38689e+00
  128  2.56e-04      5.04831e+00       5.26979e-02       3.38311e+00
  129  2.58e-04      5.03577e+00       6.19216e-02       3.37782e+00
  130  2.60e-04      5.04403e+00       6.68531e-02       3.38497e+00
  131  2.62e-04      5.02552e+00       5.96054e-02       3.37021e+00
  132  2.64e-04      5.04519e+00       6.25398e-02       3.38431e+00
  133  2.66e-04      5.02087e+00       6.71392e-02       3.36962e+00
  134  2.68e-04      5.01720e+00       5.87143e-02       3.36437e+00
  135  2.70e-04      5.04047e+00       7.04178e-02       3.38378e+00
  136  2.72e-04      5.05484e+00       6.19568e-02       3.39054e+00
  137  2.74e-04      5.01593e+00       4.41990e-02       3.35869e+00
  138  2.76e-04      5.03915e+00       5.43511e-02       3.37755e+00
  139  2.78e-04      5.03765e+00       7.29302e-02       3.38274e+00
  140  2.80e-04      5.03288e+00       6.48880e-02       3.37688e+00
  141  2.82e-04      5.03337e+00       5.59553e-02       3.37423e+00
  142  2.84e-04      5.02571e+00       6.90004e-02       3.37347e+00
  143  2.86e-04      5.04977e+00       5.46049e-02       3.38472e+00
  144  2.88e-04      5.04939e+00       6.53388e-02       3.38804e+00
  145  2.90e-04      5.04453e+00       6.29064e-02       3.38399e+00
  146  2.92e-04      5.04268e+00       5.96865e-02       3.38168e+00
  147  2.94e-04      5.02691e+00       6.65347e-02       3.37345e+00
  148  2.96e-04      5.00844e+00       7.44725e-02       3.36378e+00
  149  2.98e-04      4.99208e+00       4.75643e-02       3.34391e+00
  150  3.00e-04      4.98884e+00       6.01422e-02       3.34594e+00
  151  3.02e-04      4.95349e+00       6.61423e-02       3.32437e+00
  152  3.04e-04      4.93998e+00       6.34687e-02       3.31448e+00
  153  3.06e-04      4.96625e+00       6.00366e-02       3.33084e+00
  154  3.08e-04      4.96532e+00       7.21576e-02       3.33426e+00
  155  3.10e-04      4.94341e+00       4.99562e-02       3.31226e+00
  156  3.12e-04      4.95067e+00       7.34908e-02       3.32494e+00
  157  3.14e-04      4.93929e+00       6.22169e-02       3.31360e+00
  158  3.16e-04      4.93825e+00       5.88837e-02       3.31179e+00
  159  3.18e-04      4.95743e+00       6.46269e-02       3.32649e+00
  160  3.20e-04      4.91259e+00       7.61486e-02       3.30044e+00
  161  3.22e-04      4.94973e+00       5.99321e-02       3.31980e+00
  162  3.24e-04      4.94020e+00       7.22037e-02       3.31753e+00
  163  3.26e-04      4.92149e+00       7.17675e-02       3.30492e+00
  164  3.28e-04      4.89082e+00       6.85463e-02       3.28340e+00
  165  3.30e-04      4.88614e+00       7.21473e-02       3.28147e+00
  166  3.32e-04      4.86611e+00       7.28704e-02       3.26836e+00
  167  3.34e-04      4.86224e+00       6.94087e-02       3.26463e+00
  168  3.36e-04      4.85339e+00       8.64845e-02       3.26442e+00
  169  3.38e-04      4.86301e+00       8.24859e-02       3.26950e+00
  170  3.40e-04      4.85755e+00       7.47327e-02       3.26328e+00
  171  3.42e-04      4.84955e+00       7.31521e-02       3.25742e+00
  172  3.44e-04      4.84632e+00       7.53729e-02       3.25600e+00
  173  3.46e-04      4.83762e+00       8.39213e-02       3.25306e+00
  174  3.48e-04      4.83915e+00       8.42273e-02       3.25418e+00
  175  3.50e-04      4.86319e+00       7.29894e-02       3.26646e+00
  176  3.52e-04      4.87148e+00       8.18923e-02       3.27495e+00
  177  3.54e-04      4.86549e+00       9.39143e-02       3.27497e+00
  178  3.56e-04      4.84166e+00       8.45121e-02       3.25594e+00
  179  3.58e-04      4.83777e+00       7.58559e-02       3.25046e+00
  180  3.60e-04      4.84474e+00       8.55347e-02       3.25834e+00
  181  3.62e-04      4.87259e+00       7.77281e-02       3.27430e+00
  182  3.64e-04      4.85892e+00       8.58334e-02       3.26789e+00
  183  3.66e-04      4.83262e+00       8.19284e-02       3.24905e+00
  184  3.68e-04      4.83564e+00       7.61621e-02       3.24915e+00
  185  3.70e-04      4.81816e+00       9.78177e-02       3.24471e+00
  186  3.72e-04      4.81424e+00       9.56183e-02       3.24136e+00
  187  3.74e-04      4.81463e+00       8.44019e-02       3.23789e+00
  188  3.76e-04      4.80769e+00       7.69107e-02       3.23077e+00
  189  3.78e-04      4.79199e+00       8.24556e-02       3.22215e+00
  190  3.80e-04      4.79773e+00       6.61335e-02       3.22053e+00
  191  3.82e-04      4.81243e+00       1.01347e-01       3.24207e+00
  192  3.84e-04      4.82129e+00       9.10942e-02       3.24456e+00
  193  3.86e-04      4.78047e+00       9.63935e-02       3.21911e+00
  194  3.88e-04      4.78541e+00       8.35223e-02       3.21811e+00
  195  3.90e-04      4.80341e+00       1.04376e-01       3.23707e+00
  196  3.92e-04      4.82126e+00       8.23473e-02       3.24162e+00
  197  3.94e-04      4.77700e+00       9.62622e-02       3.21675e+00
  198  3.96e-04      4.77740e+00       1.02401e-01       3.21907e+00
  199  3.98e-04      4.76345e+00       9.05435e-02       3.20581e+00
  200  4.00e-04      4.74972e+00       8.61672e-02       3.19521e+00
  201  4.02e-04      4.74121e+00       9.48653e-02       3.19243e+00
  202  4.04e-04      4.74476e+00       8.33973e-02       3.19097e+00
  203  4.06e-04      4.74361e+00       8.22064e-02       3.18981e+00
  204  4.08e-04      4.72394e+00       9.21125e-02       3.18000e+00
  205  4.10e-04      4.70353e+00       8.30673e-02       3.16338e+00
  206  4.12e-04      4.69468e+00       8.83354e-02       3.15923e+00
  207  4.14e-04      4.68832e+00       1.16811e-01       3.16449e+00
  208  4.16e-04      4.68940e+00       1.04764e-01       3.16118e+00
  209  4.18e-04      4.68997e+00       9.26989e-02       3.15755e+00
  210  4.20e-04      4.66626e+00       1.19024e-01       3.15051e+00
  211  4.22e-04      4.65978e+00       9.93921e-02       3.13965e+00
  212  4.24e-04      4.65906e+00       8.69825e-02       3.13504e+00
  213  4.26e-04      4.64516e+00       1.08383e-01       3.13290e+00
  214  4.28e-04      4.64859e+00       1.08130e-01       3.13510e+00
  215  4.30e-04      4.64890e+00       9.41008e-02       3.13063e+00
  216  4.32e-04      4.60760e+00       1.10798e-01       3.10867e+00
  217  4.34e-04      4.62956e+00       1.10399e-01       3.12317e+00
  218  4.36e-04      4.60755e+00       9.77297e-02       3.10428e+00
  219  4.38e-04      4.59550e+00       1.19061e-01       3.10335e+00
  220  4.40e-04      4.59566e+00       1.09134e-01       3.10015e+00
  221  4.42e-04      4.59382e+00       9.61344e-02       3.09459e+00
  222  4.44e-04      4.61035e+00       1.13948e-01       3.11155e+00
  223  4.46e-04      4.61415e+00       1.04021e-01       3.11077e+00
  224  4.48e-04      4.58519e+00       1.11969e-01       3.09412e+00
  225  4.50e-04      4.58134e+00       1.11816e-01       3.09150e+00
  226  4.52e-04      4.58561e+00       1.06581e-01       3.09260e+00
  227  4.54e-04      4.58562e+00       1.06976e-01       3.09274e+00
  228  4.56e-04      4.58168e+00       1.22444e-01       3.09526e+00
  229  4.58e-04      4.59579e+00       1.13859e-01       3.10181e+00
  230  4.60e-04      4.59391e+00       1.19700e-01       3.10250e+00
  231  4.62e-04      4.58938e+00       1.21804e-01       3.10019e+00
  232  4.64e-04      4.59524e+00       1.14497e-01       3.10166e+00
  233  4.66e-04      4.56195e+00       1.15026e-01       3.07964e+00
  234  4.68e-04      4.54921e+00       1.40039e-01       3.07948e+00
  235  4.70e-04      4.55021e+00       1.14071e-01       3.07150e+00
  236  4.72e-04      4.55184e+00       1.24256e-01       3.07598e+00
  237  4.74e-04      4.55606e+00       1.09006e-01       3.07371e+00
  238  4.76e-04      4.55655e+00       1.10072e-01       3.07439e+00
  239  4.78e-04      4.57509e+00       1.06409e-01       3.08553e+00
  240  4.80e-04      4.55617e+00       1.18572e-01       3.07697e+00
  241  4.82e-04      4.54847e+00       1.00026e-01       3.06565e+00
  242  4.84e-04      4.53694e+00       1.11700e-01       3.06186e+00
  243  4.86e-04      4.52570e+00       1.12744e-01       3.05471e+00
  244  4.88e-04      4.57436e+00       1.15199e-01       3.08798e+00
  245  4.90e-04      4.56511e+00       1.30742e-01       3.08699e+00
  246  4.92e-04      4.56426e+00       1.14014e-01       3.08085e+00
  247  4.94e-04      4.57237e+00       1.12251e-01       3.08566e+00
  248  4.96e-04      4.53863e+00       1.24046e-01       3.06710e+00
  249  4.98e-04      4.54534e+00       1.14953e-01       3.06855e+00
  250  5.00e-04      4.55067e+00       9.59689e-02       3.06577e+00
  251  5.02e-04      4.53032e+00       1.16189e-01       3.05894e+00
  252  5.04e-04      4.54981e+00       1.14062e-01       3.07123e+00
  253  5.06e-04      4.56600e+00       1.21792e-01       3.08460e+00
  254  5.08e-04      4.52804e+00       1.29026e-01       3.06170e+00
  255  5.10e-04      4.53354e+00       1.06521e-01       3.05787e+00
  256  5.12e-04      4.54725e+00       1.16778e-01       3.07042e+00
  257  5.14e-04      4.54350e+00       1.37775e-01       3.07493e+00
  258  5.16e-04      4.52438e+00       1.05687e-01       3.05148e+00
  259  5.18e-04      4.51256e+00       1.08575e-01       3.04457e+00
  260  5.20e-04      4.53327e+00       1.31004e-01       3.06585e+00
  261  5.22e-04      4.50630e+00       1.22205e-01       3.04494e+00
  262  5.24e-04      4.50170e+00       1.43384e-01       3.04893e+00
  263  5.26e-04      4.50204e+00       1.24581e-01       3.04288e+00
  264  5.28e-04      4.48420e+00       1.15961e-01       3.02812e+00
  265  5.30e-04      4.47293e+00       1.23894e-01       3.02325e+00
  266  5.32e-04      4.49344e+00       1.42361e-01       3.04308e+00
  267  5.34e-04      4.48828e+00       1.20923e-01       3.03249e+00
  268  5.36e-04      4.49153e+00       1.22389e-01       3.03515e+00
  269  5.38e-04      4.50050e+00       1.23891e-01       3.04163e+00
  270  5.40e-04      4.50295e+00       1.12732e-01       3.03955e+00
  271  5.42e-04      4.50991e+00       1.48985e-01       3.05627e+00
  272  5.44e-04      4.49366e+00       1.19361e-01       3.03556e+00
  273  5.46e-04      4.48270e+00       1.34459e-01       3.03329e+00
  274  5.48e-04      4.48920e+00       1.26208e-01       3.03487e+00
  275  5.50e-04      4.48353e+00       1.31558e-01       3.03288e+00
  276  5.52e-04      4.45687e+00       1.27418e-01       3.01372e+00
  277  5.54e-04      4.45459e+00       1.52750e-01       3.02064e+00
  278  5.56e-04      4.45772e+00       1.35866e-01       3.01710e+00
  279  5.58e-04      4.44578e+00       1.30639e-01       3.00740e+00
  280  5.60e-04      4.44582e+00       1.53118e-01       3.01492e+00
  281  5.62e-04      4.43790e+00       1.04950e-01       2.99358e+00
  282  5.64e-04      4.41850e+00       1.19039e-01       2.98535e+00
  283  5.66e-04      4.42094e+00       1.71011e-01       3.00430e+00
  284  5.68e-04      4.40862e+00       1.48241e-01       2.98850e+00
  285  5.70e-04      4.40798e+00       1.38027e-01       2.98466e+00
  286  5.72e-04      4.40286e+00       1.68690e-01       2.99147e+00
  287  5.74e-04      4.40947e+00       1.54547e-01       2.99116e+00
  288  5.76e-04      4.40511e+00       1.20816e-01       2.97701e+00
  289  5.78e-04      4.38668e+00       1.59488e-01       2.97762e+00
  290  5.80e-04      4.38436e+00       1.33472e-01       2.96740e+00
  291  5.82e-04      4.39938e+00       1.26108e-01       2.97496e+00
  292  5.84e-04      4.42915e+00       1.46137e-01       3.00148e+00
  293  5.86e-04      4.41511e+00       1.36262e-01       2.98883e+00
  294  5.88e-04      4.40591e+00       1.60433e-01       2.99075e+00
  295  5.90e-04      4.41088e+00       1.48162e-01       2.98997e+00
  296  5.92e-04      4.43458e+00       1.37307e-01       3.00216e+00
  297  5.94e-04      4.42591e+00       1.37614e-01       2.99648e+00
  298  5.96e-04      4.43070e+00       1.55415e-01       3.00561e+00
  299  5.98e-04      4.44043e+00       1.54028e-01       3.01163e+00
  300  6.00e-04      4.45541e+00       1.53299e-01       3.02137e+00
  301  6.02e-04      4.42456e+00       1.50253e-01       2.99979e+00
  302  6.04e-04      4.43896e+00       1.46143e-01       3.00802e+00
  303  6.06e-04      4.42036e+00       1.32502e-01       2.99107e+00
  304  6.08e-04      4.40778e+00       1.40313e-01       2.98529e+00
  305  6.10e-04      4.43031e+00       1.41017e-01       3.00055e+00
  306  6.12e-04      4.41179e+00       1.39515e-01       2.98770e+00
  307  6.14e-04      4.40615e+00       1.43656e-01       2.98532e+00
  308  6.16e-04      4.44711e+00       1.45569e-01       3.01326e+00
  309  6.18e-04      4.44219e+00       1.54104e-01       3.01283e+00
  310  6.20e-04      4.45332e+00       1.53179e-01       3.01994e+00
  311  6.22e-04      4.42442e+00       1.63128e-01       3.00399e+00
  312  6.24e-04      4.44419e+00       1.44503e-01       3.01096e+00
  313  6.26e-04      4.43954e+00       1.54864e-01       3.01131e+00
  314  6.28e-04      4.43166e+00       1.58275e-01       3.00720e+00
  315  6.30e-04      4.45249e+00       1.45138e-01       3.01671e+00
  316  6.32e-04      4.44447e+00       1.83863e-01       3.02427e+00
  317  6.34e-04      4.41055e+00       1.46570e-01       2.98922e+00
  318  6.36e-04      4.41146e+00       1.63611e-01       2.99551e+00
  319  6.38e-04      4.40981e+00       1.17568e-01       2.97906e+00
  320  6.40e-04      4.41066e+00       1.52339e-01       2.99122e+00
  321  6.42e-04      4.39804e+00       1.60943e-01       2.98568e+00
  322  6.44e-04      4.39462e+00       1.56606e-01       2.98195e+00
  323  6.46e-04      4.41677e+00       1.53249e-01       2.99559e+00
  324  6.48e-04      4.39414e+00       1.56279e-01       2.98152e+00
  325  6.50e-04      4.41029e+00       1.75255e-01       2.99861e+00
  326  6.52e-04      4.39753e+00       1.40568e-01       2.97854e+00
  327  6.54e-04      4.40063e+00       1.60169e-01       2.98714e+00
  328  6.56e-04      4.38750e+00       1.53662e-01       2.97622e+00
  329  6.58e-04      4.39386e+00       1.50038e-01       2.97925e+00
  330  6.60e-04      4.37999e+00       1.57336e-01       2.97244e+00
  331  6.62e-04      4.36908e+00       1.63625e-01       2.96726e+00
  332  6.64e-04      4.36633e+00       1.60884e-01       2.96452e+00
  333  6.66e-04      4.39731e+00       1.75615e-01       2.99008e+00
  334  6.68e-04      4.37259e+00       1.84562e-01       2.97658e+00
  335  6.70e-04      4.38447e+00       1.49212e-01       2.97272e+00
  336  6.72e-04      4.37614e+00       1.66373e-01       2.97288e+00
  337  6.74e-04      4.39086e+00       1.97978e-01       2.99324e+00
  338  6.76e-04      4.38763e+00       1.59561e-01       2.97827e+00
  339  6.78e-04      4.41119e+00       1.65126e-01       2.99584e+00
  340  6.80e-04      4.39652e+00       1.82190e-01       2.99174e+00
  341  6.82e-04      4.39822e+00       1.49399e-01       2.98195e+00
  342  6.84e-04      4.39476e+00       1.59524e-01       2.98302e+00
  343  6.86e-04      4.39624e+00       1.84379e-01       2.99229e+00
  344  6.88e-04      4.39374e+00       1.44471e-01       2.97732e+00
  345  6.90e-04      4.39292e+00       1.76436e-01       2.98743e+00
  346  6.92e-04      4.38223e+00       1.93560e-01       2.98600e+00
  347  6.94e-04      4.40948e+00       1.81899e-01       3.00028e+00
  348  6.96e-04      4.40782e+00       1.74376e-01       2.99667e+00
  349  6.98e-04      4.40352e+00       2.12712e-01       3.00658e+00
  350  7.00e-04      4.38147e+00       1.72173e-01       2.97837e+00
  351  7.02e-04      4.39261e+00       1.80559e-01       2.98859e+00
  352  7.04e-04      4.39092e+00       2.04368e-01       2.99540e+00
  353  7.06e-04      4.40693e+00       1.45917e-01       2.98659e+00
  354  7.08e-04      4.41452e+00       1.93045e-01       3.00736e+00
  355  7.10e-04      4.40769e+00       2.10766e-01       3.00872e+00
  356  7.12e-04      4.40679e+00       1.64659e-01       2.99274e+00
  357  7.14e-04      4.43556e+00       1.70449e-01       3.01386e+00
  358  7.16e-04      4.40469e+00       1.89869e-01       2.99975e+00
  359  7.18e-04      4.44081e+00       1.65502e-01       3.01571e+00
  360  7.20e-04      4.47001e+00       1.48442e-01       3.02949e+00
  361  7.22e-04      4.46495e+00       2.16075e-01       3.04866e+00
  362  7.24e-04      4.45251e+00       1.61258e-01       3.02209e+00
  363  7.26e-04      4.44779e+00       1.80701e-01       3.02542e+00
  364  7.28e-04      4.47087e+00       1.90898e-01       3.04421e+00
  365  7.30e-04      4.43001e+00       1.87439e-01       3.01582e+00
  366  7.32e-04      4.44435e+00       1.94822e-01       3.02784e+00
  367  7.34e-04      4.44281e+00       2.00806e-01       3.02881e+00
  368  7.36e-04      4.43367e+00       2.10555e-01       3.02596e+00
  369  7.38e-04      4.41771e+00       2.06151e-01       3.01386e+00
  370  7.40e-04      4.40840e+00       2.21073e-01       3.01263e+00
  371  7.42e-04      4.38635e+00       1.98813e-01       2.99051e+00
  372  7.44e-04      4.40629e+00       2.12144e-01       3.00824e+00
  373  7.46e-04      4.42081e+00       1.98375e-01       3.01333e+00
  374  7.48e-04      4.39556e+00       1.96955e-01       2.99603e+00
  375  7.50e-04      4.39040e+00       1.94002e-01       2.99160e+00
  376  7.52e-04      4.42347e+00       1.85610e-01       3.01085e+00
  377  7.54e-04      4.40938e+00       2.15300e-01       3.01136e+00
  378  7.56e-04      4.39624e+00       2.28999e-01       3.00716e+00
  379  7.58e-04      4.40687e+00       1.71165e-01       2.99497e+00
  380  7.60e-04      4.39194e+00       1.89451e-01       2.99111e+00
  381  7.62e-04      4.39579e+00       1.97091e-01       2.99622e+00
  382  7.64e-04      4.39691e+00       1.99874e-01       2.99790e+00
  383  7.66e-04      4.38185e+00       1.98151e-01       2.98728e+00
  384  7.68e-04      4.42387e+00       1.99952e-01       3.01590e+00
  385  7.70e-04      4.40598e+00       1.99894e-01       3.00395e+00
  386  7.72e-04      4.39408e+00       2.12709e-01       3.00029e+00
  387  7.74e-04      4.38042e+00       2.32637e-01       2.99782e+00
  388  7.76e-04      4.39513e+00       2.09596e-01       2.99995e+00
  389  7.78e-04      4.40029e+00       2.04168e-01       3.00158e+00
  390  7.80e-04      4.42311e+00       1.95568e-01       3.01393e+00
  391  7.82e-04      4.43323e+00       2.11528e-01       3.02600e+00
  392  7.84e-04      4.42153e+00       2.61222e-01       3.03476e+00
  393  7.86e-04      4.44553e+00       1.92848e-01       3.02797e+00
  394  7.88e-04      4.45546e+00       1.90775e-01       3.03390e+00
  395  7.90e-04      4.47822e+00       2.20648e-01       3.05903e+00
  396  7.92e-04      4.47738e+00       2.52465e-01       3.06907e+00
  397  7.94e-04      4.46243e+00       1.80867e-01       3.03524e+00
  398  7.96e-04      4.47241e+00       2.02215e-01       3.04901e+00
  399  7.98e-04      4.49217e+00       2.31390e-01       3.07191e+00
  400  8.00e-04      4.45979e+00       1.87546e-01       3.03571e+00
  401  8.02e-04      4.48098e+00       2.40442e-01       3.06747e+00
  402  8.04e-04      4.48593e+00       2.28353e-01       3.06674e+00
  403  8.06e-04      4.46240e+00       2.08477e-01       3.04443e+00
  404  8.08e-04      4.44917e+00       2.54307e-01       3.05088e+00
  405  8.10e-04      4.43576e+00       2.57763e-01       3.04310e+00
  406  8.12e-04      4.44231e+00       2.36224e-01       3.04028e+00
  407  8.14e-04      4.42587e+00       2.35464e-01       3.02907e+00
  408  8.16e-04      4.41347e+00       2.51865e-01       3.02627e+00
  409  8.18e-04      4.43389e+00       2.33184e-01       3.03365e+00
  410  8.20e-04      4.42249e+00       2.23794e-01       3.02293e+00
  411  8.22e-04      4.39651e+00       2.42211e-01       3.01174e+00
  412  8.24e-04      4.39736e+00       2.10274e-01       3.00166e+00
  413  8.26e-04      4.38914e+00       2.55765e-01       3.01135e+00
  414  8.28e-04      4.39401e+00       2.35912e-01       3.00798e+00
  415  8.30e-04      4.39680e+00       2.58903e-01       3.01750e+00
  416  8.32e-04      4.41985e+00       2.39428e-01       3.02638e+00
  417  8.34e-04      4.40424e+00       2.24081e-01       3.01086e+00
  418  8.36e-04      4.39388e+00       2.53379e-01       3.01371e+00
  419  8.38e-04      4.38295e+00       2.51758e-01       3.00588e+00
  420  8.40e-04      4.36566e+00       1.96293e-01       2.97587e+00
  421  8.42e-04      4.38943e+00       2.26274e-01       3.00171e+00
  422  8.44e-04      4.35781e+00       3.06608e-01       3.00741e+00
  423  8.46e-04      4.38181e+00       2.74819e-01       3.01281e+00
  424  8.48e-04      4.35350e+00       2.18783e-01       2.97526e+00
  425  8.50e-04      4.35631e+00       2.53197e-01       2.98861e+00
  426  8.52e-04      4.31997e+00       2.75043e-01       2.97166e+00
  427  8.54e-04      4.31011e+00       2.50038e-01       2.95675e+00
  428  8.56e-04      4.29358e+00       2.47972e-01       2.94505e+00
  429  8.58e-04      4.30684e+00       2.49393e-01       2.95436e+00
  430  8.60e-04      4.33528e+00       2.44444e-01       2.97167e+00
  431  8.62e-04      4.34208e+00       2.52271e-01       2.97881e+00
  432  8.64e-04      4.35519e+00       2.72657e-01       2.99435e+00
  433  8.66e-04      4.36173e+00       2.32524e-01       2.98533e+00
  434  8.68e-04      4.32918e+00       2.89602e-01       2.98266e+00
  435  8.70e-04      4.33548e+00       2.61039e-01       2.97734e+00
  436  8.72e-04      4.29600e+00       2.32715e-01       2.94157e+00
  437  8.74e-04      4.31872e+00       2.40154e-01       2.95920e+00
  438  8.76e-04      4.29530e+00       2.53800e-01       2.94813e+00
  439  8.78e-04      4.29713e+00       2.60541e-01       2.95160e+00
  440  8.80e-04      4.28882e+00       2.38086e-01       2.93858e+00
  441  8.82e-04      4.30427e+00       2.90053e-01       2.96620e+00
  442  8.84e-04      4.30452e+00       2.52888e-01       2.95397e+00
  443  8.86e-04      4.33482e+00       2.73778e-01       2.98114e+00
  444  8.88e-04      4.29478e+00       2.63236e-01       2.95093e+00
  445  8.90e-04      4.31601e+00       2.33891e-01       2.95531e+00
  446  8.92e-04      4.32259e+00       2.65669e-01       2.97029e+00
  447  8.94e-04      4.30759e+00       2.44783e-01       2.95332e+00
  448  8.96e-04      4.31340e+00       2.62977e-01       2.96326e+00
  449  8.98e-04      4.30182e+00       2.46321e-01       2.94998e+00
  450  9.00e-04      4.27683e+00       2.77370e-01       2.94368e+00
  451  9.02e-04      4.29205e+00       2.46719e-01       2.94360e+00
  452  9.04e-04      4.29239e+00       2.53404e-01       2.94606e+00
  453  9.06e-04      4.32476e+00       2.76468e-01       2.97533e+00
  454  9.08e-04      4.32921e+00       2.33938e-01       2.96412e+00
  455  9.10e-04      4.31970e+00       2.23425e-01       2.95428e+00
  456  9.12e-04      4.32474e+00       2.44676e-01       2.96472e+00
  457  9.14e-04      4.32799e+00       2.42594e-01       2.96619e+00
  458  9.16e-04      4.34705e+00       2.42575e-01       2.97889e+00
  459  9.18e-04      4.32752e+00       2.43333e-01       2.96612e+00
  460  9.20e-04      4.33439e+00       2.93134e-01       2.98730e+00
  461  9.22e-04      4.33862e+00       2.60503e-01       2.97925e+00
  462  9.24e-04      4.32078e+00       2.69377e-01       2.97031e+00
  463  9.26e-04      4.32595e+00       2.61081e-01       2.97100e+00
  464  9.28e-04      4.34612e+00       2.37143e-01       2.97646e+00
  465  9.30e-04      4.35031e+00       2.05166e-01       2.96860e+00
  466  9.32e-04      4.35800e+00       2.36192e-01       2.98406e+00
  467  9.34e-04      4.36154e+00       3.20580e-01       3.01455e+00
  468  9.36e-04      4.39044e+00       2.19883e-01       3.00025e+00
  469  9.38e-04      4.37805e+00       2.66504e-01       3.00754e+00
  470  9.40e-04      4.38025e+00       2.50342e-01       3.00361e+00
  471  9.42e-04      4.40157e+00       2.54465e-01       3.01920e+00
  472  9.44e-04      4.39908e+00       2.67158e-01       3.02178e+00
  473  9.46e-04      4.36697e+00       2.60315e-01       2.99808e+00
  474  9.48e-04      4.39468e+00       2.30140e-01       3.00650e+00
  475  9.50e-04      4.36510e+00       2.40861e-01       2.99035e+00
  476  9.52e-04      4.35558e+00       2.64688e-01       2.99195e+00
  477  9.54e-04      4.35325e+00       2.20508e-01       2.97567e+00
  478  9.56e-04      4.37958e+00       2.56157e-01       3.00511e+00
  479  9.58e-04      4.38392e+00       3.15631e-01       3.02782e+00
  480  9.60e-04      4.39975e+00       2.49016e-01       3.01618e+00
  481  9.62e-04      4.38965e+00       2.86405e-01       3.02190e+00
  482  9.64e-04      4.41300e+00       2.68573e-01       3.03152e+00
  483  9.66e-04      4.40224e+00       2.34876e-01       3.01312e+00
  484  9.68e-04      4.40850e+00       2.72243e-01       3.02975e+00
  485  9.70e-04      4.41494e+00       2.93676e-01       3.04118e+00
  486  9.72e-04      4.41667e+00       2.50868e-01       3.02807e+00
  487  9.74e-04      4.38468e+00       2.28828e-01       2.99940e+00
  488  9.76e-04      4.39288e+00       3.02786e-01       3.02951e+00
  489  9.78e-04      4.36907e+00       2.56881e-01       2.99834e+00
  490  9.80e-04      4.38048e+00       2.32047e-01       2.99767e+00
  491  9.82e-04      4.35545e+00       2.77783e-01       2.99623e+00
  492  9.84e-04      4.37362e+00       2.27897e-01       2.99171e+00
  493  9.86e-04      4.38073e+00       2.71187e-01       3.01089e+00
  494  9.88e-04      4.38899e+00       2.81420e-01       3.01980e+00
  495  9.90e-04      4.37542e+00       2.59157e-01       3.00333e+00
  496  9.92e-04      4.39273e+00       2.52296e-01       3.01259e+00
  497  9.94e-04      4.40604e+00       3.09926e-01       3.04067e+00
  498  9.96e-04      4.42513e+00       2.81891e-01       3.04405e+00
  499  9.98e-04      4.43694e+00       2.91475e-01       3.05512e+00
  500  1.00e-03      4.40992e+00       2.85538e-01       3.03513e+00
  501  1.00e-03      4.42881e+00       2.63851e-01       3.04049e+00
  502  1.00e-03      4.41143e+00       2.48467e-01       3.02377e+00
  503  1.01e-03      4.44085e+00       2.59128e-01       3.04694e+00
  504  1.01e-03      4.41592e+00       2.60757e-01       3.03087e+00
  505  1.01e-03      4.44302e+00       3.10120e-01       3.06538e+00
  506  1.01e-03      4.45718e+00       2.79477e-01       3.06461e+00
  507  1.01e-03      4.42866e+00       2.98302e-01       3.05187e+00
  508  1.02e-03      4.43518e+00       2.80233e-01       3.05020e+00
  509  1.02e-03      4.44233e+00       2.58855e-01       3.04784e+00
  510  1.02e-03      4.43929e+00       2.67593e-01       3.04873e+00
  511  1.02e-03      4.46562e+00       2.57268e-01       3.06284e+00
  512  1.02e-03      4.43580e+00       2.49615e-01       3.04041e+00
  513  1.03e-03      4.45468e+00       2.82653e-01       3.06400e+00
  514  1.03e-03      4.44680e+00       3.14537e-01       3.06938e+00
  515  1.03e-03      4.44122e+00       2.62373e-01       3.04827e+00
  516  1.03e-03      4.45690e+00       2.85275e-01       3.06636e+00
  517  1.03e-03      4.48275e+00       3.48534e-01       3.10468e+00
  518  1.04e-03      4.43282e+00       3.24956e-01       3.06353e+00
  519  1.04e-03      4.45330e+00       2.81778e-01       3.06279e+00
  520  1.04e-03      4.44949e+00       2.85718e-01       3.06156e+00
  521  1.04e-03      4.44749e+00       2.71885e-01       3.05562e+00
  522  1.04e-03      4.45437e+00       2.65071e-01       3.05793e+00
  523  1.05e-03      4.48006e+00       2.71659e-01       3.07726e+00
  524  1.05e-03      4.46379e+00       3.28770e-01       3.08545e+00
  525  1.05e-03      4.45881e+00       2.74109e-01       3.06391e+00
  526  1.05e-03      4.44031e+00       2.57976e-01       3.04620e+00
  527  1.05e-03      4.44624e+00       3.31864e-01       3.07478e+00
  528  1.06e-03      4.45063e+00       2.60892e-01       3.05405e+00
  529  1.06e-03      4.44003e+00       2.95793e-01       3.05862e+00
  530  1.06e-03      4.41162e+00       2.80276e-01       3.03451e+00
  531  1.06e-03      4.43270e+00       2.77937e-01       3.04778e+00
  532  1.06e-03      4.41886e+00       2.70506e-01       3.03608e+00
  533  1.07e-03      4.42989e+00       2.68136e-01       3.04264e+00
  534  1.07e-03      4.45386e+00       2.79551e-01       3.06242e+00
  535  1.07e-03      4.46937e+00       2.67481e-01       3.06874e+00
  536  1.07e-03      4.48731e+00       3.12346e-01       3.09565e+00
  537  1.07e-03      4.48683e+00       3.20309e-01       3.09799e+00
  538  1.08e-03      4.45703e+00       2.56771e-01       3.05695e+00
  539  1.08e-03      4.48744e+00       3.33561e-01       3.10281e+00
  540  1.08e-03      4.47296e+00       2.57463e-01       3.06780e+00
  541  1.08e-03      4.49508e+00       2.65653e-01       3.08527e+00
  542  1.08e-03      4.49387e+00       2.55713e-01       3.08115e+00
  543  1.09e-03      4.46740e+00       2.99883e-01       3.07823e+00
  544  1.09e-03      4.45296e+00       3.00689e-01       3.06887e+00
  545  1.09e-03      4.45707e+00       2.96117e-01       3.07008e+00
  546  1.09e-03      4.44839e+00       2.73106e-01       3.05663e+00
  547  1.09e-03      4.45171e+00       2.09018e-01       3.03748e+00
  548  1.10e-03      4.46801e+00       2.70303e-01       3.06877e+00
  549  1.10e-03      4.46534e+00       2.55569e-01       3.06208e+00
  550  1.10e-03      4.46759e+00       2.45062e-01       3.06008e+00
  551  1.10e-03      4.46115e+00       3.26542e-01       3.08295e+00
  552  1.10e-03      4.44353e+00       2.90240e-01       3.05910e+00
  553  1.11e-03      4.43648e+00       2.74011e-01       3.04899e+00
  554  1.11e-03      4.43194e+00       3.17594e-01       3.06049e+00
  555  1.11e-03      4.43153e+00       3.05207e-01       3.05609e+00
  556  1.11e-03      4.46389e+00       2.36537e-01       3.05477e+00
  557  1.11e-03      4.46256e+00       2.94588e-01       3.07324e+00
  558  1.12e-03      4.45464e+00       2.67051e-01       3.05877e+00
  559  1.12e-03      4.44754e+00       2.25299e-01       3.04012e+00
  560  1.12e-03      4.44439e+00       2.84488e-01       3.05775e+00
  561  1.12e-03      4.46352e+00       3.51028e-01       3.09269e+00
  562  1.12e-03      4.45860e+00       2.70382e-01       3.06253e+00
  563  1.13e-03      4.44452e+00       3.20567e-01       3.06987e+00
  564  1.13e-03      4.43912e+00       2.79315e-01       3.05252e+00
  565  1.13e-03      4.45198e+00       2.84577e-01       3.06285e+00
  566  1.13e-03      4.43655e+00       2.39219e-01       3.03744e+00
  567  1.13e-03      4.42517e+00       2.86372e-01       3.04557e+00
  568  1.14e-03      4.42252e+00       2.59453e-01       3.03483e+00
  569  1.14e-03      4.38846e+00       2.99533e-01       3.02549e+00
  570  1.14e-03      4.41018e+00       3.04393e-01       3.04159e+00
  571  1.14e-03      4.40199e+00       2.97420e-01       3.03380e+00
  572  1.14e-03      4.39287e+00       2.76357e-01       3.02070e+00
  573  1.15e-03      4.37863e+00       3.08177e-01       3.02181e+00
  574  1.15e-03      4.39081e+00       2.84651e-01       3.02209e+00
  575  1.15e-03      4.38233e+00       3.43338e-01       3.03600e+00
  576  1.15e-03      4.38471e+00       2.63829e-01       3.01108e+00
  577  1.15e-03      4.40324e+00       2.97421e-01       3.03463e+00
  578  1.16e-03      4.39468e+00       3.10186e-01       3.03318e+00
  579  1.16e-03      4.40684e+00       2.92798e-01       3.03550e+00
  580  1.16e-03      4.43214e+00       3.17864e-01       3.06072e+00
  581  1.16e-03      4.41654e+00       3.09393e-01       3.04749e+00
  582  1.16e-03      4.44609e+00       2.89893e-01       3.06069e+00
  583  1.17e-03      4.42050e+00       2.75206e-01       3.03873e+00
  584  1.17e-03      4.42221e+00       2.93065e-01       3.04583e+00
  585  1.17e-03      4.39160e+00       2.95289e-01       3.02616e+00
  586  1.17e-03      4.37209e+00       2.68680e-01       3.00428e+00
  587  1.17e-03      4.37367e+00       3.63991e-01       3.03711e+00
  588  1.18e-03      4.37927e+00       2.74404e-01       3.01098e+00
  589  1.18e-03      4.36053e+00       3.08516e-01       3.00986e+00
  590  1.18e-03      4.34872e+00       3.64870e-01       3.02077e+00
  591  1.18e-03      4.33948e+00       2.95257e-01       2.99141e+00
  592  1.18e-03      4.33661e+00       2.65973e-01       2.97973e+00
  593  1.19e-03      4.36181e+00       2.64817e-01       2.99615e+00
  594  1.19e-03      4.34827e+00       3.51338e-01       3.01596e+00
  595  1.19e-03      4.33261e+00       2.79240e-01       2.98149e+00
  596  1.19e-03      4.33644e+00       2.62935e-01       2.97861e+00
  597  1.19e-03      4.35664e+00       3.62553e-01       3.02528e+00
  598  1.20e-03      4.31970e+00       3.16312e-01       2.98524e+00
  599  1.20e-03      4.28837e+00       3.00145e-01       2.95896e+00
  600  1.20e-03      4.29070e+00       3.11038e-01       2.96414e+00
  601  1.20e-03      4.28858e+00       3.46287e-01       2.97448e+00
  602  1.20e-03      4.26321e+00       2.57994e-01       2.92814e+00
  603  1.21e-03      4.26308e+00       2.67832e-01       2.93133e+00
  604  1.21e-03      4.24558e+00       3.22529e-01       2.93789e+00
  605  1.21e-03      4.22883e+00       2.63918e-01       2.90719e+00
  606  1.21e-03      4.22611e+00       3.21572e-01       2.92460e+00
  607  1.21e-03      4.27166e+00       3.19004e-01       2.95411e+00
  608  1.22e-03      4.23780e+00       3.58036e-01       2.94454e+00
  609  1.22e-03      4.24440e+00       3.38110e-01       2.94230e+00
  610  1.22e-03      4.23901e+00       2.98336e-01       2.92545e+00
  611  1.22e-03      4.22678e+00       3.32946e-01       2.92884e+00
  612  1.22e-03      4.24251e+00       3.02135e-01       2.92905e+00
  613  1.23e-03      4.28346e+00       3.18155e-01       2.96169e+00
  614  1.23e-03      4.28639e+00       2.77310e-01       2.95003e+00
  615  1.23e-03      4.27891e+00       3.02755e-01       2.95353e+00
  616  1.23e-03      4.25145e+00       3.18710e-01       2.94054e+00
  617  1.23e-03      4.27574e+00       2.97789e-01       2.94976e+00
  618  1.24e-03      4.25633e+00       3.50711e-01       2.95446e+00
  619  1.24e-03      4.21209e+00       3.13238e-01       2.91247e+00
  620  1.24e-03      4.22513e+00       3.15816e-01       2.92203e+00
  621  1.24e-03      4.25411e+00       3.01410e-01       2.93654e+00
  622  1.24e-03      4.24853e+00       2.70237e-01       2.92243e+00
  623  1.25e-03      4.26569e+00       2.99837e-01       2.94374e+00
  624  1.25e-03      4.27951e+00       2.92863e-01       2.95062e+00
  625  1.25e-03      4.26881e+00       3.51951e-01       2.96319e+00
  626  1.25e-03      4.24931e+00       3.06966e-01       2.93520e+00
  627  1.25e-03      4.24582e+00       3.21948e-01       2.93786e+00
  628  1.26e-03      4.23519e+00       3.18253e-01       2.92955e+00
  629  1.26e-03      4.25840e+00       2.98579e-01       2.93846e+00
  630  1.26e-03      4.25752e+00       2.83033e-01       2.93269e+00
  631  1.26e-03      4.23054e+00       3.17323e-01       2.92614e+00
  632  1.26e-03      4.19748e+00       3.05562e-01       2.90017e+00
  633  1.27e-03      4.21982e+00       3.21913e-01       2.92052e+00
  634  1.27e-03      4.22949e+00       2.97956e-01       2.91898e+00
  635  1.27e-03      4.22049e+00       3.44377e-01       2.92845e+00
  636  1.27e-03      4.22142e+00       2.85958e-01       2.90960e+00
  637  1.27e-03      4.22773e+00       3.30398e-01       2.92862e+00
  638  1.28e-03      4.19933e+00       2.99720e-01       2.89946e+00
  639  1.28e-03      4.21866e+00       3.23043e-01       2.92012e+00
  640  1.28e-03      4.19833e+00       3.17327e-01       2.90466e+00
  641  1.28e-03      4.17778e+00       3.47118e-01       2.90089e+00
  642  1.28e-03      4.19407e+00       2.88561e-01       2.89224e+00
  643  1.29e-03      4.18920e+00       3.11156e-01       2.89652e+00
  644  1.29e-03      4.20094e+00       3.34947e-01       2.91227e+00
  645  1.29e-03      4.17046e+00       3.26731e-01       2.88922e+00
  646  1.29e-03      4.17314e+00       2.85136e-01       2.87714e+00
  647  1.29e-03      4.15388e+00       3.22584e-01       2.87678e+00
  648  1.30e-03      4.16656e+00       2.94662e-01       2.87592e+00
  649  1.30e-03      4.13491e+00       2.79659e-01       2.84983e+00
  650  1.30e-03      4.13731e+00       3.73890e-01       2.88283e+00
  651  1.30e-03      4.12790e+00       3.35044e-01       2.86362e+00
  652  1.30e-03      4.12189e+00       2.91300e-01       2.84502e+00
  653  1.31e-03      4.12619e+00       3.37105e-01       2.86316e+00
  654  1.31e-03      4.13325e+00       3.24834e-01       2.86378e+00
  655  1.31e-03      4.14141e+00       2.99786e-01       2.86087e+00
  656  1.31e-03      4.13695e+00       2.92904e-01       2.85560e+00
  657  1.31e-03      4.12626e+00       3.33059e-01       2.86186e+00
  658  1.32e-03      4.13789e+00       3.15011e-01       2.86360e+00
  659  1.32e-03      4.10490e+00       3.34832e-01       2.84821e+00
  660  1.32e-03      4.11396e+00       3.52408e-01       2.86011e+00
  661  1.32e-03      4.09840e+00       3.35753e-01       2.84419e+00
  662  1.32e-03      4.09132e+00       3.31320e-01       2.83799e+00
  663  1.33e-03      4.10982e+00       3.16104e-01       2.84525e+00
  664  1.33e-03      4.12342e+00       3.40437e-01       2.86242e+00
  665  1.33e-03      4.10280e+00       2.88539e-01       2.83138e+00
  666  1.33e-03      4.12559e+00       3.05826e-01       2.85234e+00
  667  1.33e-03      4.08446e+00       3.54018e-01       2.84098e+00
  668  1.34e-03      4.10243e+00       3.19427e-01       2.84143e+00
  669  1.34e-03      4.10705e+00       3.49363e-01       2.85449e+00
  670  1.34e-03      4.09864e+00       3.84531e-01       2.86061e+00
  671  1.34e-03      4.09930e+00       3.61377e-01       2.85332e+00
  672  1.34e-03      4.10764e+00       2.96780e-01       2.83736e+00
  673  1.35e-03      4.09093e+00       3.21954e-01       2.83460e+00
  674  1.35e-03      4.10442e+00       3.68510e-01       2.85912e+00
  675  1.35e-03      4.08527e+00       2.85372e-01       2.81864e+00
  676  1.35e-03      4.08428e+00       3.34917e-01       2.83450e+00
  677  1.35e-03      4.09639e+00       3.33511e-01       2.84210e+00
  678  1.36e-03      4.06842e+00       3.61096e-01       2.83264e+00
  679  1.36e-03      4.06956e+00       3.77637e-01       2.83892e+00
  680  1.36e-03      4.07491e+00       3.18245e-01       2.82269e+00
  681  1.36e-03      4.03197e+00       3.62667e-01       2.80887e+00
  682  1.36e-03      4.02938e+00       3.38995e-01       2.79925e+00
  683  1.37e-03      4.04034e+00       3.22253e-01       2.80098e+00
  684  1.37e-03      4.03360e+00       3.24475e-01       2.79723e+00
  685  1.37e-03      4.01572e+00       3.68197e-01       2.79988e+00
  686  1.37e-03      4.01011e+00       3.22327e-01       2.78085e+00
  687  1.37e-03      4.02523e+00       2.47226e-01       2.76589e+00
  688  1.38e-03      3.99546e+00       3.52134e-01       2.78102e+00
  689  1.38e-03      4.00363e+00       4.01087e-01       2.80278e+00
  690  1.38e-03      3.98462e+00       3.34735e-01       2.76799e+00
  691  1.38e-03      3.98750e+00       3.53071e-01       2.77602e+00
  692  1.38e-03      3.99543e+00       3.15935e-01       2.76893e+00
  693  1.39e-03      4.02287e+00       3.39701e-01       2.79515e+00
  694  1.39e-03      4.03088e+00       3.01615e-01       2.78779e+00
  695  1.39e-03      3.99744e+00       3.28870e-01       2.77459e+00
  696  1.39e-03      3.99538e+00       3.66829e-01       2.78587e+00
  697  1.39e-03      4.01764e+00       3.50796e-01       2.79536e+00
  698  1.40e-03      3.98028e+00       3.06764e-01       2.75577e+00
  699  1.40e-03      4.00553e+00       3.42139e-01       2.78440e+00
  700  1.40e-03      3.98478e+00       3.72239e-01       2.78060e+00
  701  1.40e-03      3.99676e+00       2.77377e-01       2.75696e+00
  702  1.40e-03      3.98569e+00       3.21699e-01       2.76436e+00
  703  1.41e-03      3.95497e+00       3.67495e-01       2.75914e+00
  704  1.41e-03      3.94803e+00       3.04675e-01       2.73358e+00
  705  1.41e-03      3.96874e+00       3.19795e-01       2.75243e+00
  706  1.41e-03      3.95330e+00       3.59938e-01       2.75551e+00
  707  1.41e-03      3.98260e+00       3.79137e-01       2.78144e+00
  708  1.42e-03      3.96098e+00       3.22687e-01       2.74821e+00
  709  1.42e-03      3.97481e+00       3.62506e-01       2.77071e+00
  710  1.42e-03      3.95753e+00       3.79039e-01       2.76470e+00
  711  1.42e-03      3.95544e+00       2.98133e-01       2.73634e+00
  712  1.42e-03      3.94063e+00       3.53767e-01       2.74501e+00
  713  1.43e-03      3.94900e+00       3.63628e-01       2.75388e+00
  714  1.43e-03      3.95885e+00       3.39673e-01       2.75246e+00
  715  1.43e-03      3.95664e+00       3.70476e-01       2.76125e+00
  716  1.43e-03      3.94003e+00       3.35924e-01       2.73866e+00
  717  1.43e-03      3.93343e+00       3.74432e-01       2.74710e+00
  718  1.44e-03      3.94827e+00       3.79806e-01       2.75878e+00
  719  1.44e-03      3.93151e+00       3.61006e-01       2.74134e+00
  720  1.44e-03      3.92473e+00       3.17517e-01       2.72232e+00
  721  1.44e-03      3.92362e+00       3.60053e-01       2.73576e+00
  722  1.44e-03      3.92445e+00       3.56391e-01       2.73510e+00
  723  1.45e-03      3.94393e+00       3.19600e-01       2.73582e+00
  724  1.45e-03      3.94391e+00       3.30746e-01       2.73952e+00
  725  1.45e-03      3.96646e+00       4.04534e-01       2.77915e+00
  726  1.45e-03      3.95106e+00       3.31165e-01       2.74443e+00
  727  1.45e-03      3.92512e+00       3.57034e-01       2.73576e+00
  728  1.46e-03      3.92210e+00       4.02695e-01       2.74897e+00
  729  1.46e-03      3.89328e+00       3.57272e-01       2.71461e+00
  730  1.46e-03      3.90453e+00       3.03680e-01       2.70425e+00
  731  1.46e-03      3.92272e+00       3.54690e-01       2.73338e+00
  732  1.46e-03      3.89897e+00       3.73360e-01       2.72377e+00
  733  1.47e-03      3.90288e+00       3.11304e-01       2.70569e+00
  734  1.47e-03      3.91464e+00       3.73187e-01       2.73415e+00
  735  1.47e-03      3.92303e+00       4.13815e-01       2.75329e+00
  736  1.47e-03      3.91589e+00       3.78711e-01       2.73683e+00
  737  1.47e-03      3.91387e+00       3.70981e-01       2.73290e+00
  738  1.48e-03      3.90630e+00       3.34605e-01       2.71573e+00
  739  1.48e-03      3.91391e+00       3.92253e-01       2.74003e+00
  740  1.48e-03      3.91872e+00       3.59361e-01       2.73227e+00
  741  1.48e-03      3.91071e+00       3.60877e-01       2.72743e+00
  742  1.48e-03      3.87707e+00       3.48856e-01       2.70100e+00
  743  1.49e-03      3.86989e+00       3.92859e-01       2.71088e+00
  744  1.49e-03      3.85753e+00       3.75508e-01       2.69685e+00
  745  1.49e-03      3.84699e+00       3.33583e-01       2.67585e+00
  746  1.49e-03      3.84045e+00       4.32385e-01       2.70443e+00
  747  1.49e-03      3.83633e+00       3.69414e-01       2.68069e+00
  748  1.50e-03      3.84214e+00       2.97753e-01       2.66068e+00
  749  1.50e-03      3.81258e+00       3.92060e-01       2.67241e+00
  750  1.50e-03      3.81014e+00       3.91441e-01       2.67057e+00
  751  1.50e-03      3.81000e+00       3.47154e-01       2.65572e+00
  752  1.50e-03      3.81921e+00       3.41503e-01       2.65997e+00
  753  1.51e-03      3.80432e+00       3.92593e-01       2.66708e+00
  754  1.51e-03      3.81662e+00       4.32203e-01       2.68848e+00
  755  1.51e-03      3.80677e+00       3.52442e-01       2.65533e+00
  756  1.51e-03      3.82155e+00       4.13206e-01       2.68543e+00
  757  1.51e-03      3.80803e+00       3.52406e-01       2.65616e+00
  758  1.52e-03      3.82354e+00       3.70490e-01       2.67252e+00
  759  1.52e-03      3.79854e+00       3.52072e-01       2.64972e+00
  760  1.52e-03      3.82156e+00       3.90605e-01       2.67791e+00
  761  1.52e-03      3.81633e+00       3.86829e-01       2.67316e+00
  762  1.52e-03      3.85087e+00       2.97190e-01       2.66631e+00
  763  1.53e-03      3.82694e+00       3.74697e-01       2.67619e+00
  764  1.53e-03      3.82443e+00       4.05939e-01       2.68494e+00
  765  1.53e-03      3.82492e+00       3.86412e-01       2.67875e+00
  766  1.53e-03      3.81764e+00       3.50370e-01       2.66188e+00
  767  1.53e-03      3.78157e+00       3.53788e-01       2.63898e+00
  768  1.54e-03      3.77792e+00       4.10403e-01       2.65541e+00
  769  1.54e-03      3.78135e+00       3.23852e-01       2.62885e+00
  770  1.54e-03      3.77423e+00       3.66742e-01       2.63840e+00
  771  1.54e-03      3.75938e+00       3.65488e-01       2.62808e+00
  772  1.54e-03      3.77410e+00       3.34317e-01       2.62750e+00
  773  1.55e-03      3.76033e+00       3.88278e-01       2.63631e+00
  774  1.55e-03      3.72190e+00       3.92541e-01       2.61212e+00
  775  1.55e-03      3.73318e+00       3.85677e-01       2.61734e+00
  776  1.55e-03      3.72876e+00       3.60883e-01       2.60614e+00
  777  1.55e-03      3.70775e+00       3.93085e-01       2.60286e+00
  778  1.56e-03      3.69738e+00       3.74066e-01       2.58961e+00
  779  1.56e-03      3.70965e+00       3.54937e-01       2.59141e+00
  780  1.56e-03      3.67444e+00       4.44796e-01       2.59789e+00
  781  1.56e-03      3.66325e+00       3.54451e-01       2.56032e+00
  782  1.56e-03      3.67250e+00       3.75208e-01       2.57340e+00
  783  1.57e-03      3.69123e+00       3.94425e-01       2.59230e+00
  784  1.57e-03      3.68436e+00       3.76257e-01       2.58166e+00
  785  1.57e-03      3.67953e+00       3.78940e-01       2.57933e+00
  786  1.57e-03      3.66934e+00       3.62982e-01       2.56722e+00
  787  1.57e-03      3.66529e+00       3.96411e-01       2.57567e+00
  788  1.58e-03      3.64525e+00       3.89533e-01       2.56001e+00
  789  1.58e-03      3.64041e+00       4.10369e-01       2.56373e+00
  790  1.58e-03      3.63837e+00       3.94600e-01       2.55711e+00
  791  1.58e-03      3.65583e+00       3.99582e-01       2.57041e+00
  792  1.58e-03      3.65049e+00       4.20137e-01       2.57371e+00
  793  1.59e-03      3.62662e+00       4.10876e-01       2.55471e+00
  794  1.59e-03      3.60914e+00       3.68499e-01       2.52892e+00
  795  1.59e-03      3.60426e+00       3.89430e-01       2.53265e+00
  796  1.59e-03      3.62064e+00       3.44710e-01       2.52866e+00
  797  1.59e-03      3.62742e+00       3.96552e-01       2.55046e+00
  798  1.60e-03      3.62076e+00       3.78312e-01       2.53994e+00
  799  1.60e-03      3.62071e+00       4.20922e-01       2.55411e+00
  800  1.60e-03      3.58513e+00       4.21229e-01       2.53049e+00
  801  1.60e-03      3.59535e+00       4.22229e-01       2.53764e+00
  802  1.60e-03      3.55954e+00       4.30830e-01       2.51663e+00
  803  1.61e-03      3.55840e+00       3.45644e-01       2.48748e+00
  804  1.61e-03      3.53118e+00       3.67015e-01       2.47646e+00
  805  1.61e-03      3.54901e+00       3.70320e-01       2.48945e+00
  806  1.61e-03      3.52254e+00       3.50590e-01       2.46522e+00
  807  1.61e-03      3.54142e+00       4.07224e-01       2.49669e+00
  808  1.62e-03      3.52881e+00       4.21537e-01       2.49305e+00
  809  1.62e-03      3.53862e+00       4.15095e-01       2.49745e+00
  810  1.62e-03      3.52753e+00       4.24325e-01       2.49313e+00
  811  1.62e-03      3.53769e+00       4.35749e-01       2.50371e+00
  812  1.62e-03      3.53848e+00       4.48951e-01       2.50864e+00
  813  1.63e-03      3.53937e+00       3.78083e-01       2.48561e+00
  814  1.63e-03      3.55515e+00       4.15811e-01       2.50871e+00
  815  1.63e-03      3.56966e+00       3.63082e-01       2.50080e+00
  816  1.63e-03      3.53929e+00       3.91481e-01       2.49002e+00
  817  1.63e-03      3.53536e+00       4.03942e-01       2.49155e+00
  818  1.64e-03      3.51391e+00       3.79963e-01       2.46926e+00
  819  1.64e-03      3.50503e+00       4.22272e-01       2.47744e+00
  820  1.64e-03      3.52257e+00       3.61342e-01       2.46883e+00
  821  1.64e-03      3.54049e+00       4.08641e-01       2.49654e+00
  822  1.64e-03      3.51815e+00       3.93570e-01       2.47662e+00
  823  1.65e-03      3.53870e+00       3.28321e-01       2.46857e+00
  824  1.65e-03      3.57669e+00       4.40418e-01       2.53127e+00
  825  1.65e-03      3.59375e+00       3.82491e-01       2.52333e+00
  826  1.65e-03      3.58138e+00       3.56008e-01       2.50626e+00
  827  1.65e-03      3.59756e+00       3.93073e-01       2.52940e+00
  828  1.66e-03      3.59672e+00       4.12512e-01       2.53532e+00
  829  1.66e-03      3.57542e+00       3.60984e-01       2.50394e+00
  830  1.66e-03      3.58823e+00       3.86684e-01       2.52105e+00
  831  1.66e-03      3.58516e+00       4.86412e-01       2.55224e+00
  832  1.66e-03      3.57600e+00       3.97007e-01       2.51633e+00
  833  1.67e-03      3.56701e+00       4.07301e-01       2.51377e+00
  834  1.67e-03      3.56079e+00       4.67596e-01       2.52972e+00
  835  1.67e-03      3.57599e+00       4.07896e-01       2.51996e+00
  836  1.67e-03      3.57408e+00       3.40624e-01       2.49626e+00
  837  1.67e-03      3.56572e+00       3.43156e-01       2.49153e+00
  838  1.68e-03      3.58157e+00       4.45842e-01       2.53633e+00
  839  1.68e-03      3.57268e+00       3.07954e-01       2.48444e+00
  840  1.68e-03      3.58986e+00       4.27260e-01       2.53566e+00
  841  1.68e-03      3.57943e+00       4.52357e-01       2.53707e+00
  842  1.68e-03      3.58385e+00       4.18514e-01       2.52874e+00
  843  1.69e-03      3.57090e+00       3.83616e-01       2.50848e+00
  844  1.69e-03      3.56516e+00       4.32248e-01       2.52085e+00
  845  1.69e-03      3.53244e+00       3.99080e-01       2.48798e+00
  846  1.69e-03      3.54590e+00       3.96020e-01       2.49594e+00
  847  1.69e-03      3.54137e+00       3.53217e-01       2.47865e+00
  848  1.70e-03      3.53630e+00       4.07719e-01       2.49344e+00
  849  1.70e-03      3.53590e+00       3.85128e-01       2.48564e+00
  850  1.70e-03      3.55282e+00       4.50916e-01       2.51885e+00
  851  1.70e-03      3.51566e+00       4.30907e-01       2.48741e+00
  852  1.70e-03      3.52520e+00       4.56371e-01       2.50225e+00
  853  1.71e-03      3.53974e+00       4.12766e-01       2.49742e+00
  854  1.71e-03      3.55679e+00       4.37730e-01       2.51710e+00
  855  1.71e-03      3.54288e+00       4.26929e-01       2.50423e+00
  856  1.71e-03      3.54668e+00       3.75512e-01       2.48963e+00
  857  1.71e-03      3.53576e+00       4.02684e-01       2.49140e+00
  858  1.72e-03      3.55196e+00       4.29804e-01       2.51124e+00
  859  1.72e-03      3.53518e+00       3.98877e-01       2.48975e+00
  860  1.72e-03      3.55426e+00       4.14497e-01       2.50767e+00
  861  1.72e-03      3.55442e+00       4.16140e-01       2.50832e+00
  862  1.72e-03      3.53881e+00       4.10289e-01       2.49597e+00
  863  1.73e-03      3.51168e+00       3.94641e-01       2.47267e+00
  864  1.73e-03      3.52581e+00       4.08172e-01       2.48660e+00
  865  1.73e-03      3.50238e+00       3.75703e-01       2.46016e+00
  866  1.73e-03      3.50933e+00       4.23742e-01       2.48080e+00
  867  1.73e-03      3.50975e+00       3.98857e-01       2.47279e+00
  868  1.74e-03      3.51050e+00       3.90867e-01       2.47062e+00
  869  1.74e-03      3.50773e+00       3.83983e-01       2.46648e+00
  870  1.74e-03      3.49605e+00       4.27379e-01       2.47316e+00
  871  1.74e-03      3.49019e+00       4.29529e-01       2.46997e+00
  872  1.74e-03      3.49043e+00       3.92802e-01       2.45789e+00
  873  1.75e-03      3.49616e+00       4.44648e-01       2.47899e+00
  874  1.75e-03      3.49228e+00       4.88212e-01       2.49092e+00
  875  1.75e-03      3.47464e+00       4.19298e-01       2.45620e+00
  876  1.75e-03      3.46756e+00       4.16278e-01       2.45047e+00
  877  1.75e-03      3.46720e+00       4.89318e-01       2.47457e+00
  878  1.76e-03      3.46617e+00       4.01718e-01       2.44469e+00
  879  1.76e-03      3.46276e+00       3.78486e-01       2.43467e+00
  880  1.76e-03      3.45742e+00       4.17340e-01       2.44406e+00
  881  1.76e-03      3.45839e+00       4.10640e-01       2.44247e+00
  882  1.76e-03      3.45115e+00       4.25450e-01       2.44259e+00
  883  1.77e-03      3.46816e+00       4.12792e-01       2.44971e+00
  884  1.77e-03      3.44311e+00       3.89792e-01       2.42534e+00
  885  1.77e-03      3.45838e+00       4.55648e-01       2.45747e+00
  886  1.77e-03      3.47071e+00       4.59789e-01       2.46707e+00
  887  1.77e-03      3.44754e+00       4.22090e-01       2.43906e+00
  888  1.78e-03      3.43095e+00       4.44386e-01       2.43543e+00
  889  1.78e-03      3.43367e+00       4.81543e-01       2.44963e+00
  890  1.78e-03      3.39607e+00       4.11954e-01       2.40136e+00
  891  1.78e-03      3.39743e+00       3.90817e-01       2.39522e+00
  892  1.78e-03      3.38238e+00       4.85549e-01       2.41677e+00
  893  1.79e-03      3.40600e+00       5.00285e-01       2.43743e+00
  894  1.79e-03      3.39013e+00       3.73785e-01       2.38468e+00
  895  1.79e-03      3.40261e+00       4.31799e-01       2.41234e+00
  896  1.79e-03      3.37869e+00       4.54506e-01       2.40396e+00
  897  1.79e-03      3.38855e+00       4.68422e-01       2.41518e+00
  898  1.80e-03      3.39035e+00       5.07315e-01       2.42934e+00
  899  1.80e-03      3.41209e+00       5.06424e-01       2.44353e+00
  900  1.80e-03      3.39564e+00       4.09782e-01       2.40035e+00
  901  1.80e-03      3.43461e+00       4.49987e-01       2.43973e+00
  902  1.80e-03      3.43750e+00       4.29148e-01       2.43472e+00
  903  1.81e-03      3.41778e+00       4.20729e-01       2.41876e+00
  904  1.81e-03      3.42825e+00       4.52899e-01       2.43647e+00
  905  1.81e-03      3.43094e+00       4.59354e-01       2.44041e+00
  906  1.81e-03      3.41099e+00       4.79598e-01       2.43386e+00
  907  1.81e-03      3.45312e+00       4.56362e-01       2.45420e+00
  908  1.82e-03      3.46299e+00       4.86057e-01       2.47068e+00
  909  1.82e-03      3.45254e+00       5.61046e-01       2.48871e+00
  910  1.82e-03      3.41649e+00       4.10119e-01       2.41437e+00
  911  1.82e-03      3.44657e+00       4.13495e-01       2.43555e+00
  912  1.82e-03      3.44396e+00       4.72758e-01       2.45356e+00
  913  1.83e-03      3.45123e+00       4.40776e-01       2.44774e+00
  914  1.83e-03      3.41163e+00       4.32511e-01       2.41859e+00
  915  1.83e-03      3.41606e+00       4.45329e-01       2.42582e+00
  916  1.83e-03      3.41607e+00       4.68845e-01       2.43366e+00
  917  1.83e-03      3.42222e+00       4.00272e-01       2.41491e+00
  918  1.84e-03      3.40874e+00       4.49654e-01       2.42238e+00
  919  1.84e-03      3.40245e+00       4.84752e-01       2.42988e+00
  920  1.84e-03      3.41895e+00       4.78701e-01       2.43887e+00
  921  1.84e-03      3.42432e+00       5.01297e-01       2.44998e+00
  922  1.84e-03      3.40767e+00       4.57053e-01       2.42413e+00
  923  1.85e-03      3.43015e+00       4.03298e-01       2.42120e+00
  924  1.85e-03      3.42229e+00       4.33486e-01       2.42602e+00
  925  1.85e-03      3.43226e+00       5.01296e-01       2.45528e+00
  926  1.85e-03      3.43002e+00       4.25619e-01       2.42856e+00
  927  1.85e-03      3.41511e+00       4.12590e-01       2.41427e+00
  928  1.86e-03      3.38477e+00       4.47267e-01       2.40560e+00
  929  1.86e-03      3.38031e+00       4.48797e-01       2.40314e+00
  930  1.86e-03      3.36653e+00       4.04186e-01       2.37908e+00
  931  1.86e-03      3.38458e+00       4.77690e-01       2.41562e+00
  932  1.86e-03      3.38844e+00       5.55937e-01       2.44427e+00
  933  1.87e-03      3.37840e+00       4.37325e-01       2.39804e+00
  934  1.87e-03      3.38121e+00       3.93842e-01       2.38542e+00
  935  1.87e-03      3.37846e+00       5.15141e-01       2.42402e+00
  936  1.87e-03      3.38884e+00       4.62591e-01       2.41342e+00
  937  1.87e-03      3.40348e+00       4.05187e-01       2.40405e+00
  938  1.88e-03      3.41058e+00       4.25771e-01       2.41564e+00
  939  1.88e-03      3.39474e+00       4.23055e-01       2.40418e+00
  940  1.88e-03      3.39704e+00       4.11865e-01       2.40198e+00
  941  1.88e-03      3.40982e+00       3.87112e-01       2.40225e+00
  942  1.88e-03      3.39523e+00       4.67242e-01       2.41923e+00
  943  1.89e-03      3.39334e+00       4.71682e-01       2.41946e+00
  944  1.89e-03      3.38602e+00       4.55696e-01       2.40925e+00
  945  1.89e-03      3.40263e+00       4.67246e-01       2.42417e+00
  946  1.89e-03      3.40374e+00       4.39998e-01       2.41583e+00
  947  1.89e-03      3.36796e+00       4.08516e-01       2.38148e+00
  948  1.90e-03      3.37498e+00       4.09394e-01       2.38645e+00
  949  1.90e-03      3.39090e+00       4.42460e-01       2.40809e+00
  950  1.90e-03      3.37792e+00       4.67800e-01       2.40788e+00
  951  1.90e-03      3.38454e+00       4.23251e-01       2.39744e+00
  952  1.90e-03      3.38638e+00       4.53785e-01       2.40885e+00
  953  1.91e-03      3.37646e+00       4.64916e-01       2.40595e+00
  954  1.91e-03      3.37764e+00       4.38104e-01       2.39780e+00
  955  1.91e-03      3.35558e+00       4.66922e-01       2.39270e+00
  956  1.91e-03      3.34621e+00       4.61398e-01       2.38461e+00
  957  1.91e-03      3.35092e+00       4.79090e-01       2.39364e+00
  958  1.92e-03      3.37059e+00       4.25229e-01       2.38881e+00
  959  1.92e-03      3.34645e+00       4.95118e-01       2.39601e+00
  960  1.92e-03      3.35585e+00       4.33129e-01       2.38161e+00
  961  1.92e-03      3.35724e+00       4.36109e-01       2.38353e+00
  962  1.92e-03      3.35176e+00       3.88549e-01       2.36402e+00
  963  1.93e-03      3.36288e+00       4.25525e-01       2.38376e+00
  964  1.93e-03      3.37944e+00       4.60126e-01       2.40634e+00
  965  1.93e-03      3.36136e+00       4.05466e-01       2.37606e+00
  966  1.93e-03      3.39763e+00       5.02156e-01       2.43247e+00
  967  1.93e-03      3.37899e+00       5.33123e-01       2.43037e+00
  968  1.94e-03      3.37231e+00       4.46552e-01       2.39706e+00
  969  1.94e-03      3.38542e+00       4.37490e-01       2.40277e+00
  970  1.94e-03      3.37931e+00       4.67879e-01       2.40883e+00
  971  1.94e-03      3.39149e+00       4.69680e-01       2.41756e+00
  972  1.94e-03      3.38648e+00       3.54142e-01       2.37570e+00
  973  1.95e-03      3.37693e+00       5.21950e-01       2.42527e+00
  974  1.95e-03      3.38338e+00       5.07498e-01       2.42475e+00
  975  1.95e-03      3.39798e+00       4.16899e-01       2.40428e+00
  976  1.95e-03      3.39571e+00       4.73104e-01       2.42151e+00
  977  1.95e-03      3.40051e+00       5.06772e-01       2.43593e+00
  978  1.96e-03      3.38405e+00       4.67151e-01       2.41175e+00
  979  1.96e-03      3.40954e+00       5.17486e-01       2.44552e+00
  980  1.96e-03      3.39285e+00       5.13499e-01       2.43306e+00
  981  1.96e-03      3.40567e+00       4.27535e-01       2.41296e+00
  982  1.96e-03      3.41021e+00       4.53426e-01       2.42462e+00
  983  1.97e-03      3.39490e+00       5.05582e-01       2.43179e+00
  984  1.97e-03      3.40227e+00       4.29323e-01       2.41129e+00
  985  1.97e-03      3.41749e+00       4.27096e-01       2.42069e+00
  986  1.97e-03      3.40360e+00       3.81285e-01       2.39616e+00
  987  1.97e-03      3.38819e+00       4.29939e-01       2.40211e+00
  988  1.98e-03      3.37315e+00       4.60007e-01       2.40210e+00
  989  1.98e-03      3.37362e+00       4.86587e-01       2.41128e+00
  990  1.98e-03      3.38156e+00       5.92885e-01       2.45200e+00
  991  1.98e-03      3.39283e+00       4.60281e-01       2.41531e+00
  992  1.98e-03      3.39931e+00       4.85694e-01       2.42810e+00
  993  1.99e-03      3.41675e+00       5.20525e-01       2.45134e+00
  994  1.99e-03      3.42643e+00       4.95149e-01       2.44934e+00
  995  1.99e-03      3.45630e+00       4.07678e-01       2.44010e+00
  996  1.99e-03      3.44665e+00       4.83803e-01       2.45904e+00
  997  1.99e-03      3.45452e+00       5.60859e-01       2.48996e+00
  998  2.00e-03      3.44445e+00       4.35934e-01       2.44161e+00
  999  2.00e-03      3.45522e+00       4.73041e-01       2.46116e+00
