Delta = -7.241e+00 gamma
 step      t        T_in_plane/mK   T_out_of_plane/mK   T_tot/mK
    0  0.00e+00      5.58332e+00       0.00000e+00       3.72221e+00
    1  2.00e-06      5.46299e+00       6.83773e-04       3.64222e+00
    2  4.00e-06      5.42050e+00       2.18365e-03       3.61439e+00
    3  6.00e-06      5.44365e+00       3.55587e-03       3.63028e+00
    4  8.00e-06      5.46247e+00       3.63760e-03       3.64286e+00
    5  1.00e-05      5.46994e+00       3.73803e-03       3.64787e+00
    6  1.20e-05      5.46908e+00       4.20694e-03       3.64745e+00
    7  1.40e-05      5.45838e+00       5.81925e-03       3.64086e+00
    8  1.60e-05      5.49471e+00       6.42039e-03       3.66528e+00
    9  1.80e-05      5.44421e+00       5.72938e-03       3.63139e+00
   10  2.00e-05      5.45162e+00       6.31339e-03       3.63652e+00
   11  2.20e-05      5.44607e+00       7.74515e-03       3.63329e+00
   12  2.40e-05      5.43246e+00       9.04118e-03       3.62466e+00
   13  2.60e-05      5.44144e+00       8.86758e-03       3.63058e+00
   14  2.80e-05      5.43174e+00       1.00746e-02       3.62452e+00
   15  3.00e-05      5.38803e+00       8.28337e-03       3.59478e+00
   16  3.20e-05      5.37972e+00       1.06854e-02       3.59004e+00
   17  3.40e-05      5.35980e+00       1.09672e-02       3.57686e+00
   18  3.60e-05      5.32123e+00       1.25681e-02       3.55168e+00
   19  3.80e-05      5.28756e+00       1.10270e-02       3.52872e+00
   20  4.00e-05      5.27080e+00       1.28196e-02       3.51814e+00
   21  4.20e-05      5.26620e+00       1.38823e-02       3.51543e+00
   22  4.40e-05      5.27065e+00       1.46493e-02       3.51865e+00
   23  4.60e-05      5.27650e+00       1.37928e-02       3.52227e+00
   24  4.80e-05      5.29656e+00       1.52939e-02       3.53614e+00
   25  5.00e-05      5.26739e+00       1.69469e-02       3.51724e+00
   26  5.20e-05      5.28671e+00       2.08720e-02       3.53143e+00
   27  5.40e-05      5.25948e+00       1.75359e-02       3.51216e+00
   28  5.60e-05      5.25476e+00       1.61027e-02       3.50854e+00
   29  5.80e-05      5.28413e+00       1.95772e-02       3.52928e+00
   30  6.00e-05      5.27322e+00       2.38135e-02       3.52342e+00
   31  6.20e-05      5.24890e+00       2.18401e-02       3.50655e+00
   32  6.40e-05      5.26349e+00       1.91687e-02       3.51538e+00
   33  6.60e-05      5.25671e+00       1.94693e-02       3.51096e+00
   34  6.80e-05      5.26385e+00       2.98422e-02       3.51918e+00
   35  7.00e-05      5.24873e+00       2.50240e-02       3.50750e+00
   36  7.20e-05      5.25459e+00       2.90757e-02       3.51275e+00
   37  7.40e-05      5.27906e+00       2.44954e-02       3.52754e+00
   38  7.60e-05      5.28314e+00       3.53159e-02       3.53387e+00
   39  7.80e-05      5.27867e+00       3.20780e-02       3.52981e+00
   40  8.00e-05      5.25757e+00       4.04050e-02       3.51852e+00
   41  8.20e-05      5.25923e+00       3.30130e-02       3.51716e+00
   42  8.40e-05      5.23977e+00       3.72471e-02       3.50560e+00
   43  8.60e-05      5.22865e+00       3.27213e-02       3.49667e+00
   44  8.80e-05      5.22941e+00       3.18154e-02       3.49688e+00
   45  9.00e-05      5.21584e+00       3.02126e-02       3.48730e+00
   46  9.20e-05      5.22012e+00       3.44706e-02       3.49157e+00
   47  9.40e-05      5.22600e+00       3.58874e-02       3.49596e+00
   48  9.60e-05      5.22453e+00       3.36751e-02       3.49424e+00
   49  9.80e-05      5.21894e+00       3.48309e-02       3.49090e+00
   50  1.00e-04      5.22878e+00       4.30088e-02       3.50019e+00
   51  1.02e-04      5.23700e+00       3.40071e-02       3.50267e+00
   52  1.04e-04      5.21219e+00       3.50361e-02       3.48647e+00
   53  1.06e-04      5.19464e+00       3.81426e-02       3.47581e+00
   54  1.08e-04      5.19513e+00       4.08501e-02       3.47703e+00
   55  1.10e-04      5.18563e+00       3.74412e-02       3.46957e+00
   56  1.12e-04      5.16106e+00       3.10833e-02       3.45107e+00
   57  1.14e-04      5.16034e+00       3.89455e-02       3.45321e+00
   58  1.16e-04      5.16819e+00       3.89162e-02       3.45843e+00
   59  1.18e-04      5.14502e+00       5.11733e-02       3.44707e+00
   60  1.20e-04      5.14931e+00       3.67457e-02       3.44512e+00
   61  1.22e-04      5.14018e+00       4.57769e-02       3.44205e+00
   62  1.24e-04      5.10801e+00       4.71729e-02       3.42106e+00
   63  1.26e-04      5.12462e+00       3.88001e-02       3.42935e+00
   64  1.28e-04      5.09107e+00       4.58287e-02       3.40932e+00
   65  1.30e-04      5.09299e+00       4.70108e-02       3.41099e+00
   66  1.32e-04      5.07749e+00       4.12879e-02       3.39876e+00
   67  1.34e-04      5.05109e+00       4.75139e-02       3.38323e+00
   68  1.36e-04      5.04152e+00       4.31126e-02       3.37539e+00
   69  1.38e-04      5.04369e+00       5.51932e-02       3.38086e+00
   70  1.40e-04      5.03394e+00       5.21689e-02       3.37335e+00
   71  1.42e-04      5.06443e+00       4.87279e-02       3.39253e+00
   72  1.44e-04      5.04421e+00       5.48723e-02       3.38110e+00
   73  1.46e-04      5.03483e+00       5.49185e-02       3.37486e+00
   74  1.48e-04      5.07058e+00       5.63693e-02       3.39918e+00
   75  1.50e-04      5.03512e+00       6.06990e-02       3.37698e+00
   76  1.52e-04      5.03070e+00       5.28991e-02       3.37143e+00
   77  1.54e-04      5.02067e+00       6.25118e-02       3.36795e+00
   78  1.56e-04      5.00809e+00       5.94054e-02       3.35853e+00
   79  1.58e-04      4.99775e+00       5.47342e-02       3.35008e+00
   80  1.60e-04      5.00701e+00       4.80628e-02       3.35403e+00
   81  1.62e-04      4.96343e+00       7.02394e-02       3.33237e+00
   82  1.64e-04      4.95557e+00       6.20420e-02       3.32439e+00
   83  1.66e-04      4.97186e+00       5.26110e-02       3.33211e+00
   84  1.68e-04      4.98353e+00       6.63500e-02       3.34447e+00
   85  1.70e-04      4.96342e+00       6.27735e-02       3.32987e+00
   86  1.72e-04      4.95494e+00       5.48419e-02       3.32157e+00
   87  1.74e-04      4.95726e+00       6.98542e-02       3.32812e+00
   88  1.76e-04      4.92801e+00       6.44185e-02       3.30682e+00
   89  1.78e-04      4.92639e+00       5.90868e-02       3.30396e+00
   90  1.80e-04      4.90719e+00       5.13932e-02       3.28859e+00
   91  1.82e-04      4.89023e+00       8.01612e-02       3.28687e+00
   92  1.84e-04      4.91910e+00       6.09042e-02       3.29970e+00
   93  1.86e-04      4.96113e+00       7.00392e-02       3.33077e+00
   94  1.88e-04      4.92624e+00       7.21656e-02       3.30821e+00
   95  1.90e-04      4.91136e+00       5.77852e-02       3.29350e+00
   96  1.92e-04      4.92047e+00       6.93706e-02       3.30343e+00
   97  1.94e-04      4.93238e+00       7.29141e-02       3.31256e+00
   98  1.96e-04      4.89715e+00       7.03006e-02       3.28820e+00
   99  1.98e-04      4.90507e+00       7.22953e-02       3.29414e+00
  100  2.00e-04      4.93250e+00       7.23700e-02       3.31246e+00
  101  2.02e-04      4.91944e+00       9.14150e-02       3.31010e+00
  102  2.04e-04      4.90113e+00       7.31008e-02       3.29178e+00
  103  2.06e-04      4.89894e+00       6.68687e-02       3.28825e+00
  104  2.08e-04      4.90526e+00       7.70464e-02       3.29586e+00
  105  2.10e-04      4.88078e+00       8.62360e-02       3.28260e+00
  106  2.12e-04      4.87274e+00       7.46723e-02       3.27338e+00
  107  2.14e-04      4.90276e+00       5.43892e-02       3.28664e+00
  108  2.16e-04      4.87755e+00       8.32155e-02       3.27944e+00
  109  2.18e-04      4.88201e+00       7.42645e-02       3.27943e+00
  110  2.20e-04      4.87791e+00       7.47063e-02       3.27684e+00
  111  2.22e-04      4.87527e+00       8.30612e-02       3.27787e+00
  112  2.24e-04      4.89636e+00       7.16601e-02       3.28812e+00
  113  2.26e-04      4.85963e+00       6.39393e-02       3.26106e+00
  114  2.28e-04      4.84289e+00       8.51866e-02       3.25699e+00
  115  2.30e-04      4.82672e+00       8.16251e-02       3.24502e+00
  116  2.32e-04      4.83632e+00       6.65399e-02       3.24639e+00
  117  2.34e-04      4.84837e+00       8.00764e-02       3.25894e+00
  118  2.36e-04      4.88548e+00       8.27515e-02       3.28457e+00
  119  2.38e-04      4.83862e+00       5.61896e-02       3.24447e+00
  120  2.40e-04      4.84333e+00       8.73110e-02       3.25799e+00
  121  2.42e-04      4.85748e+00       9.30479e-02       3.26934e+00
  122  2.44e-04      4.84650e+00       7.92646e-02       3.25742e+00
  123  2.46e-04      4.81187e+00       7.49085e-02       3.23288e+00
  124  2.48e-04      4.81468e+00       8.30271e-02       3.23746e+00
  125  2.50e-04      4.80591e+00       8.81592e-02       3.23332e+00
  126  2.52e-04      4.81646e+00       7.43587e-02       3.23576e+00
  127  2.54e-04      4.82977e+00       7.75963e-02       3.24571e+00
  128  2.56e-04      4.83029e+00       9.76785e-02       3.25276e+00
  129  2.58e-04      4.80056e+00       7.82283e-02       3.22645e+00
  130  2.60e-04      4.79568e+00       8.11818e-02       3.22418e+00
  131  2.62e-04      4.77924e+00       8.62378e-02       3.21491e+00
  132  2.64e-04      4.78989e+00       9.15937e-02       3.22379e+00
  133  2.66e-04      4.76456e+00       8.27329e-02       3.20395e+00
  134  2.68e-04      4.73321e+00       7.70961e-02       3.18117e+00
  135  2.70e-04      4.76448e+00       8.81214e-02       3.20569e+00
  136  2.72e-04      4.73888e+00       8.05130e-02       3.18609e+00
  137  2.74e-04      4.73099e+00       9.06403e-02       3.18420e+00
  138  2.76e-04      4.73779e+00       9.71709e-02       3.19092e+00
  139  2.78e-04      4.71273e+00       8.63535e-02       3.17061e+00
  140  2.80e-04      4.68636e+00       9.21024e-02       3.15494e+00
  141  2.82e-04      4.69992e+00       9.69680e-02       3.16560e+00
  142  2.84e-04      4.68315e+00       1.03341e-01       3.15655e+00
  143  2.86e-04      4.68454e+00       7.92971e-02       3.14946e+00
  144  2.88e-04      4.63703e+00       1.03829e-01       3.12596e+00
  145  2.90e-04      4.64857e+00       8.99747e-02       3.12904e+00
  146  2.92e-04      4.67337e+00       9.29988e-02       3.14658e+00
  147  2.94e-04      4.65152e+00       9.47236e-02       3.13259e+00
  148  2.96e-04      4.62411e+00       1.02207e-01       3.11681e+00
  149  2.98e-04      4.64671e+00       1.09645e-01       3.13436e+00
  150  3.00e-04      4.67226e+00       8.93345e-02       3.14462e+00
  151  3.02e-04      4.67863e+00       1.00450e-01       3.15257e+00
  152  3.04e-04      4.68864e+00       1.09431e-01       3.16224e+00
  153  3.06e-04      4.68124e+00       1.00512e-01       3.15433e+00
  154  3.08e-04      4.66470e+00       1.01777e-01       3.14373e+00
  155  3.10e-04      4.65739e+00       1.08123e-01       3.14097e+00
  156  3.12e-04      4.65916e+00       8.88637e-02       3.13573e+00
  157  3.14e-04      4.65274e+00       9.77854e-02       3.13442e+00
  158  3.16e-04      4.64036e+00       1.15539e-01       3.13209e+00
  159  3.18e-04      4.62184e+00       8.66839e-02       3.11012e+00
  160  3.20e-04      4.62527e+00       1.07775e-01       3.11944e+00
  161  3.22e-04      4.63349e+00       1.12147e-01       3.12637e+00
  162  3.24e-04      4.61206e+00       1.04372e-01       3.10950e+00
  163  3.26e-04      4.61760e+00       9.63204e-02       3.11051e+00
  164  3.28e-04      4.58853e+00       1.19785e-01       3.09895e+00
  165  3.30e-04      4.57642e+00       1.09852e-01       3.08757e+00
  166  3.32e-04      4.57259e+00       8.78865e-02       3.07769e+00
  167  3.34e-04      4.54793e+00       1.27485e-01       3.07445e+00
  168  3.36e-04      4.53181e+00       1.05240e-01       3.05628e+00
  169  3.38e-04      4.52661e+00       9.17058e-02       3.04831e+00
  170  3.40e-04      4.51162e+00       1.26681e-01       3.04997e+00
  171  3.42e-04      4.52141e+00       1.05945e-01       3.04959e+00
  172  3.44e-04      4.54221e+00       1.13430e-01       3.06595e+00
  173  3.46e-04      4.53519e+00       1.10153e-01       3.06018e+00
  174  3.48e-04      4.52358e+00       1.18451e-01       3.05521e+00
  175  3.50e-04      4.52994e+00       1.11753e-01       3.05721e+00
  176  3.52e-04      4.51582e+00       1.17927e-01       3.04985e+00
  177  3.54e-04      4.50127e+00       1.18574e-01       3.04037e+00
  178  3.56e-04      4.47866e+00       9.62795e-02       3.01787e+00
  179  3.58e-04      4.48223e+00       1.31704e-01       3.03205e+00
  180  3.60e-04      4.46847e+00       1.35177e-01       3.02404e+00
  181  3.62e-04      4.46641e+00       1.08493e-01       3.01377e+00
  182  3.64e-04      4.46508e+00       1.25609e-01       3.01859e+00
  183  3.66e-04      4.44600e+00       1.21398e-01       3.00446e+00
  184  3.68e-04      4.42001e+00       1.20960e-01       2.98699e+00
  185  3.70e-04      4.42846e+00       1.13083e-01       2.99000e+00
  186  3.72e-04      4.40827e+00       1.38564e-01       2.98504e+00
  187  3.74e-04      4.39443e+00       1.33904e-01       2.97426e+00
  188  3.76e-04      4.39598e+00       1.39992e-01       2.97731e+00
  189  3.78e-04      4.40425e+00       1.22719e-01       2.97707e+00
  190  3.80e-04      4.39978e+00       1.30446e-01       2.97667e+00
  191  3.82e-04      4.41503e+00       1.40657e-01       2.99024e+00
  192  3.84e-04      4.42060e+00       1.35775e-01       2.99232e+00
  193  3.86e-04      4.39590e+00       1.13893e-01       2.96857e+00
  194  3.88e-04      4.38793e+00       1.48497e-01       2.97478e+00
  195  3.90e-04      4.41681e+00       1.30413e-01       2.98801e+00
  196  3.92e-04      4.41338e+00       1.55449e-01       2.99407e+00
  197  3.94e-04      4.41292e+00       1.34364e-01       2.98673e+00
  198  3.96e-04      4.44900e+00       1.26408e-01       3.00814e+00
  199  3.98e-04      4.43251e+00       1.56903e-01       3.00731e+00
  200  4.00e-04      4.45698e+00       1.42531e-01       3.01883e+00
  201  4.02e-04      4.44215e+00       1.38497e-01       3.00760e+00
  202  4.04e-04      4.41959e+00       1.27303e-01       2.98883e+00
  203  4.06e-04      4.43543e+00       1.57076e-01       3.00931e+00
  204  4.08e-04      4.44918e+00       1.46850e-01       3.01507e+00
  205  4.10e-04      4.43742e+00       1.46042e-01       3.00696e+00
  206  4.12e-04      4.45045e+00       1.48870e-01       3.01659e+00
  207  4.14e-04      4.44922e+00       1.49292e-01       3.01591e+00
  208  4.16e-04      4.44547e+00       1.71088e-01       3.02068e+00
  209  4.18e-04      4.41712e+00       1.39456e-01       2.99123e+00
  210  4.20e-04      4.41521e+00       1.57822e-01       2.99608e+00
  211  4.22e-04      4.41571e+00       1.50765e-01       2.99406e+00
  212  4.24e-04      4.40213e+00       1.32332e-01       2.97886e+00
  213  4.26e-04      4.41653e+00       1.69559e-01       3.00088e+00
  214  4.28e-04      4.42990e+00       1.48785e-01       3.00286e+00
  215  4.30e-04      4.41933e+00       1.52916e-01       2.99719e+00
  216  4.32e-04      4.39355e+00       1.41464e-01       2.97618e+00
  217  4.34e-04      4.41608e+00       1.66218e-01       2.99946e+00
  218  4.36e-04      4.45630e+00       1.37686e-01       3.01676e+00
  219  4.38e-04      4.43998e+00       1.79906e-01       3.01995e+00
  220  4.40e-04      4.44165e+00       1.72015e-01       3.01844e+00
  221  4.42e-04      4.42545e+00       1.56574e-01       3.00249e+00
  222  4.44e-04      4.46851e+00       1.44276e-01       3.02710e+00
  223  4.46e-04      4.46897e+00       2.05709e-01       3.04788e+00
  224  4.48e-04      4.48945e+00       1.41902e-01       3.04027e+00
  225  4.50e-04      4.49156e+00       1.71232e-01       3.05145e+00
  226  4.52e-04      4.52020e+00       1.81472e-01       3.07396e+00
  227  4.54e-04      4.54667e+00       1.62369e-01       3.08524e+00
  228  4.56e-04      4.52915e+00       1.70074e-01       3.07612e+00
  229  4.58e-04      4.52902e+00       1.64170e-01       3.07407e+00
  230  4.60e-04      4.54286e+00       1.75754e-01       3.08716e+00
  231  4.62e-04      4.54173e+00       1.55673e-01       3.07971e+00
  232  4.64e-04      4.54533e+00       1.98489e-01       3.09638e+00
  233  4.66e-04      4.57180e+00       1.65956e-01       3.10318e+00
  234  4.68e-04      4.56923e+00       1.68661e-01       3.10237e+00
  235  4.70e-04      4.55761e+00       2.08486e-01       3.10790e+00
  236  4.72e-04      4.55361e+00       1.82679e-01       3.09663e+00
  237  4.74e-04      4.56264e+00       1.64345e-01       3.09654e+00
  238  4.76e-04      4.59382e+00       1.90738e-01       3.12613e+00
  239  4.78e-04      4.59292e+00       1.75197e-01       3.12035e+00
  240  4.80e-04      4.58367e+00       1.81443e-01       3.11626e+00
  241  4.82e-04      4.58315e+00       1.71003e-01       3.11243e+00
  242  4.84e-04      4.58872e+00       1.78028e-01       3.11849e+00
  243  4.86e-04      4.59676e+00       2.12617e-01       3.13538e+00
  244  4.88e-04      4.60556e+00       1.83097e-01       3.13140e+00
  245  4.90e-04      4.60128e+00       1.91431e-01       3.13133e+00
  246  4.92e-04      4.55603e+00       2.07563e-01       3.10654e+00
  247  4.94e-04      4.56442e+00       2.26187e-01       3.11834e+00
  248  4.96e-04      4.49929e+00       1.80889e-01       3.05982e+00
  249  4.98e-04      4.54756e+00       2.10437e-01       3.10185e+00
  250  5.00e-04      4.52474e+00       2.17903e-01       3.08913e+00
  251  5.02e-04      4.50425e+00       1.88738e-01       3.06575e+00
  252  5.04e-04      4.54589e+00       2.20864e-01       3.10421e+00
  253  5.06e-04      4.52957e+00       1.92783e-01       3.08398e+00
  254  5.08e-04      4.50111e+00       2.12090e-01       3.07143e+00
  255  5.10e-04      4.47693e+00       2.15318e-01       3.05639e+00
  256  5.12e-04      4.47158e+00       1.96310e-01       3.04649e+00
  257  5.14e-04      4.47244e+00       2.15027e-01       3.05330e+00
  258  5.16e-04      4.44187e+00       1.94243e-01       3.02599e+00
  259  5.18e-04      4.42682e+00       2.30281e-01       3.02798e+00
  260  5.20e-04      4.42265e+00       2.03294e-01       3.01620e+00
  261  5.22e-04      4.43241e+00       2.11030e-01       3.02528e+00
  262  5.24e-04      4.42346e+00       2.19569e-01       3.02216e+00
  263  5.26e-04      4.42271e+00       2.09064e-01       3.01816e+00
  264  5.28e-04      4.39139e+00       2.07132e-01       2.99664e+00
  265  5.30e-04      4.38364e+00       2.06566e-01       2.99128e+00
  266  5.32e-04      4.37942e+00       2.31685e-01       2.99684e+00
  267  5.34e-04      4.39098e+00       2.27387e-01       3.00312e+00
  268  5.36e-04      4.40348e+00       1.92351e-01       2.99977e+00
  269  5.38e-04      4.40789e+00       2.48319e-01       3.02137e+00
  270  5.40e-04      4.41918e+00       2.02977e-01       3.01378e+00
  271  5.42e-04      4.42414e+00       2.29553e-01       3.02594e+00
  272  5.44e-04      4.42274e+00       2.14375e-01       3.01995e+00
  273  5.46e-04      4.42246e+00       2.30345e-01       3.02509e+00
  274  5.48e-04      4.42660e+00       2.13999e-01       3.02240e+00
  275  5.50e-04      4.43026e+00       1.93458e-01       3.01800e+00
  276  5.52e-04      4.42163e+00       2.58605e-01       3.03395e+00
  277  5.54e-04      4.36646e+00       1.49263e-01       2.96073e+00
  278  5.56e-04      4.37944e+00       2.50239e-01       3.00304e+00
  279  5.58e-04      4.35959e+00       2.20342e-01       2.97984e+00
  280  5.60e-04      4.34646e+00       2.03911e-01       2.96561e+00
  281  5.62e-04      4.34399e+00       2.33457e-01       2.97382e+00
  282  5.64e-04      4.36145e+00       2.48539e-01       2.99048e+00
  283  5.66e-04      4.35170e+00       2.21302e-01       2.97490e+00
  284  5.68e-04      4.39031e+00       2.10565e-01       2.99706e+00
  285  5.70e-04      4.38718e+00       2.40785e-01       3.00505e+00
  286  5.72e-04      4.39755e+00       2.35432e-01       3.01018e+00
  287  5.74e-04      4.39599e+00       2.27751e-01       3.00658e+00
  288  5.76e-04      4.38689e+00       2.43923e-01       3.00590e+00
  289  5.78e-04      4.38671e+00       1.86079e-01       2.98650e+00
  290  5.80e-04      4.36427e+00       2.00813e-01       2.97645e+00
  291  5.82e-04      4.35602e+00       2.29307e-01       2.98045e+00
  292  5.84e-04      4.36071e+00       2.03705e-01       2.97504e+00
  293  5.86e-04      4.35599e+00       2.14781e-01       2.97559e+00
  294  5.88e-04      4.36563e+00       2.63842e-01       2.99836e+00
  295  5.90e-04      4.35696e+00       2.40665e-01       2.98486e+00
  296  5.92e-04      4.36036e+00       2.50986e-01       2.99057e+00
  297  5.94e-04      4.38038e+00       2.35130e-01       2.99863e+00
  298  5.96e-04      4.37800e+00       2.69617e-01       3.00854e+00
  299  5.98e-04      4.40551e+00       2.33382e-01       3.01480e+00
  300  6.00e-04      4.40208e+00       2.88741e-01       3.03096e+00
  301  6.02e-04      4.40498e+00       2.18046e-01       3.00934e+00
  302  6.04e-04      4.38332e+00       2.13795e-01       2.99348e+00
  303  6.06e-04      4.38639e+00       2.95718e-01       3.02283e+00
  304  6.08e-04      4.39125e+00       2.10557e-01       2.99768e+00
  305  6.10e-04      4.40120e+00       2.51878e-01       3.01809e+00
  306  6.12e-04      4.38381e+00       2.35157e-01       3.00093e+00
  307  6.14e-04      4.40066e+00       2.84152e-01       3.02849e+00
  308  6.16e-04      4.39534e+00       2.41649e-01       3.01078e+00
  309  6.18e-04      4.40268e+00       2.60326e-01       3.02190e+00
  310  6.20e-04      4.40114e+00       2.28547e-01       3.01028e+00
  311  6.22e-04      4.42708e+00       2.33729e-01       3.02930e+00
  312  6.24e-04      4.42891e+00       2.49441e-01       3.03575e+00
  313  6.26e-04      4.42498e+00       2.57458e-01       3.03580e+00
  314  6.28e-04      4.40400e+00       2.39329e-01       3.01578e+00
  315  6.30e-04      4.36885e+00       2.88490e-01       3.00873e+00
  316  6.32e-04      4.36604e+00       2.52587e-01       2.99489e+00
  317  6.34e-04      4.37307e+00       2.93817e-01       3.01332e+00
  318  6.36e-04      4.36872e+00       2.62694e-01       3.00004e+00
  319  6.38e-04      4.33194e+00       2.71427e-01       2.97843e+00
  320  6.40e-04      4.36049e+00       2.87864e-01       3.00295e+00
  321  6.42e-04      4.36753e+00       2.83689e-01       3.00625e+00
  322  6.44e-04      4.35807e+00       2.74087e-01       2.99674e+00
  323  6.46e-04      4.35577e+00       2.32552e-01       2.98136e+00
  324  6.48e-04      4.36726e+00       2.39923e-01       2.99148e+00
  325  6.50e-04      4.37415e+00       3.06025e-01       3.01811e+00
  326  6.52e-04      4.35267e+00       2.64281e-01       2.98987e+00
  327  6.54e-04      4.35917e+00       2.61788e-01       2.99337e+00
  328  6.56e-04      4.34968e+00       2.61277e-01       2.98688e+00
  329  6.58e-04      4.36350e+00       2.88841e-01       3.00528e+00
  330  6.60e-04      4.33025e+00       2.66289e-01       2.97560e+00
  331  6.62e-04      4.31151e+00       2.80670e-01       2.96790e+00
  332  6.64e-04      4.31403e+00       2.76479e-01       2.96818e+00
  333  6.66e-04      4.31267e+00       2.43287e-01       2.95621e+00
  334  6.68e-04      4.31124e+00       3.04669e-01       2.97571e+00
  335  6.70e-04      4.32487e+00       2.91938e-01       2.98056e+00
  336  6.72e-04      4.32972e+00       2.12443e-01       2.95729e+00
  337  6.74e-04      4.33318e+00       2.80861e-01       2.98241e+00
  338  6.76e-04      4.33445e+00       3.17423e-01       2.99544e+00
  339  6.78e-04      4.33769e+00       2.40133e-01       2.97184e+00
  340  6.80e-04      4.34126e+00       2.71439e-01       2.98465e+00
  341  6.82e-04      4.37101e+00       2.97765e-01       3.01326e+00
  342  6.84e-04      4.35391e+00       2.57712e-01       2.98851e+00
  343  6.86e-04      4.34054e+00       2.93266e-01       2.99145e+00
  344  6.88e-04      4.36688e+00       3.44496e-01       3.02608e+00
  345  6.90e-04      4.33428e+00       2.54953e-01       2.97450e+00
  346  6.92e-04      4.32845e+00       3.27829e-01       2.99491e+00
  347  6.94e-04      4.34011e+00       3.14167e-01       2.99813e+00
  348  6.96e-04      4.34286e+00       3.30805e-01       3.00551e+00
  349  6.98e-04      4.36165e+00       3.18682e-01       3.01399e+00
  350  7.00e-04      4.37435e+00       3.13464e-01       3.02072e+00
  351  7.02e-04      4.39077e+00       2.34128e-01       3.00522e+00
  352  7.04e-04      4.37991e+00       3.04329e-01       3.02139e+00
  353  7.06e-04      4.35653e+00       3.25643e-01       3.01290e+00
  354  7.08e-04      4.38598e+00       2.96695e-01       3.02288e+00
  355  7.10e-04      4.41077e+00       2.94892e-01       3.03881e+00
  356  7.12e-04      4.39514e+00       3.03235e-01       3.03117e+00
  357  7.14e-04      4.38334e+00       2.57418e-01       3.00803e+00
  358  7.16e-04      4.34547e+00       3.18671e-01       3.00320e+00
  359  7.18e-04      4.32149e+00       3.04370e-01       2.98245e+00
  360  7.20e-04      4.34045e+00       3.05357e-01       2.99542e+00
  361  7.22e-04      4.33086e+00       3.21775e-01       2.99450e+00
  362  7.24e-04      4.29393e+00       3.36234e-01       2.97470e+00
  363  7.26e-04      4.33443e+00       2.87414e-01       2.98542e+00
  364  7.28e-04      4.30189e+00       2.89168e-01       2.96432e+00
  365  7.30e-04      4.26003e+00       3.27419e-01       2.94916e+00
  366  7.32e-04      4.22698e+00       3.26915e-01       2.92696e+00
  367  7.34e-04      4.25416e+00       3.09482e-01       2.93927e+00
  368  7.36e-04      4.24051e+00       3.38585e-01       2.93987e+00
  369  7.38e-04      4.23959e+00       3.30353e-01       2.93651e+00
  370  7.40e-04      4.25967e+00       3.24482e-01       2.94794e+00
  371  7.42e-04      4.23849e+00       3.12558e-01       2.92985e+00
  372  7.44e-04      4.23311e+00       3.56950e-01       2.94106e+00
  373  7.46e-04      4.24719e+00       3.30624e-01       2.94167e+00
  374  7.48e-04      4.23991e+00       2.70370e-01       2.91673e+00
  375  7.50e-04      4.21702e+00       3.80121e-01       2.93806e+00
  376  7.52e-04      4.18526e+00       3.08111e-01       2.89287e+00
  377  7.54e-04      4.19032e+00       3.05128e-01       2.89525e+00
  378  7.56e-04      4.19059e+00       3.47582e-01       2.90959e+00
  379  7.58e-04      4.18020e+00       3.34297e-01       2.89823e+00
  380  7.60e-04      4.19468e+00       3.08869e-01       2.89941e+00
  381  7.62e-04      4.21917e+00       4.07778e-01       2.94871e+00
  382  7.64e-04      4.21794e+00       3.42702e-01       2.92620e+00
  383  7.66e-04      4.21469e+00       2.90196e-01       2.90653e+00
  384  7.68e-04      4.24964e+00       3.40439e-01       2.94657e+00
  385  7.70e-04      4.25179e+00       3.72262e-01       2.95861e+00
  386  7.72e-04      4.23448e+00       2.96368e-01       2.92178e+00
  387  7.74e-04      4.21031e+00       3.71477e-01       2.93070e+00
  388  7.76e-04      4.20568e+00       3.06120e-01       2.90583e+00
  389  7.78e-04      4.21226e+00       2.91192e-01       2.90524e+00
  390  7.80e-04      4.18115e+00       3.69488e-01       2.91060e+00
  391  7.82e-04      4.18944e+00       3.39787e-01       2.90622e+00
  392  7.84e-04      4.15296e+00       3.02018e-01       2.86931e+00
  393  7.86e-04      4.12690e+00       3.86781e-01       2.88019e+00
  394  7.88e-04      4.12379e+00       3.23533e-01       2.85704e+00
  395  7.90e-04      4.11752e+00       3.33093e-01       2.85604e+00
  396  7.92e-04      4.14879e+00       3.31319e-01       2.87630e+00
  397  7.94e-04      4.14515e+00       2.95128e-01       2.86181e+00
  398  7.96e-04      4.14487e+00       3.46512e-01       2.87875e+00
  399  7.98e-04      4.16000e+00       3.77102e-01       2.89903e+00
  400  8.00e-04      4.17301e+00       3.54285e-01       2.90010e+00
  401  8.02e-04      4.19001e+00       2.31572e-01       2.87053e+00
  402  8.04e-04      4.20804e+00       3.75729e-01       2.93060e+00
  403  8.06e-04      4.20192e+00       3.25294e-01       2.90971e+00
  404  8.08e-04      4.22096e+00       3.08773e-01       2.91690e+00
  405  8.10e-04      4.19135e+00       2.77345e-01       2.88668e+00
  406  8.12e-04      4.19190e+00       3.14481e-01       2.89943e+00
  407  8.14e-04      4.17065e+00       3.26462e-01       2.88926e+00
  408  8.16e-04      4.17052e+00       3.70772e-01       2.90394e+00
  409  8.18e-04      4.14605e+00       3.25859e-01       2.87266e+00
  410  8.20e-04      4.10843e+00       3.22130e-01       2.84633e+00
  411  8.22e-04      4.09021e+00       3.53530e-01       2.84465e+00
  412  8.24e-04      4.09380e+00       3.48775e-01       2.84546e+00
  413  8.26e-04      4.08486e+00       2.61481e-01       2.81040e+00
  414  8.28e-04      4.08830e+00       3.34046e-01       2.83688e+00
  415  8.30e-04      4.09240e+00       2.98388e-01       2.82773e+00
  416  8.32e-04      4.09564e+00       3.40634e-01       2.84397e+00
  417  8.34e-04      4.03435e+00       2.75618e-01       2.78144e+00
  418  8.36e-04      4.02615e+00       3.01114e-01       2.78447e+00
  419  8.38e-04      4.00764e+00       3.78148e-01       2.79781e+00
  420  8.40e-04      3.97959e+00       3.53803e-01       2.77099e+00
  421  8.42e-04      3.94583e+00       3.09372e-01       2.73368e+00
  422  8.44e-04      3.93967e+00       3.57884e-01       2.74574e+00
  423  8.46e-04      3.97715e+00       3.08901e-01       2.75440e+00
  424  8.48e-04      3.97311e+00       3.52939e-01       2.76638e+00
  425  8.50e-04      3.98820e+00       3.59039e-01       2.77848e+00
  426  8.52e-04      4.01044e+00       3.15029e-01       2.77864e+00
  427  8.54e-04      4.01890e+00       3.43347e-01       2.79372e+00
  428  8.56e-04      4.05532e+00       3.72270e-01       2.82764e+00
  429  8.58e-04      4.04854e+00       3.30621e-01       2.80923e+00
  430  8.60e-04      4.03196e+00       2.89705e-01       2.78454e+00
  431  8.62e-04      4.03932e+00       3.87286e-01       2.82197e+00
  432  8.64e-04      4.02150e+00       3.32177e-01       2.79173e+00
  433  8.66e-04      4.02068e+00       3.40765e-01       2.79404e+00
  434  8.68e-04      4.05387e+00       3.58940e-01       2.82222e+00
  435  8.70e-04      4.06074e+00       3.01926e-01       2.80780e+00
  436  8.72e-04      4.03450e+00       3.86454e-01       2.81849e+00
  437  8.74e-04      4.02111e+00       3.50576e-01       2.79760e+00
  438  8.76e-04      4.00513e+00       3.20921e-01       2.77706e+00
  439  8.78e-04      4.00453e+00       3.31183e-01       2.78008e+00
  440  8.80e-04      4.02486e+00       4.05849e-01       2.81852e+00
  441  8.82e-04      3.99922e+00       3.34028e-01       2.77749e+00
  442  8.84e-04      3.99968e+00       3.78048e-01       2.79247e+00
  443  8.86e-04      3.99744e+00       3.99450e-01       2.79811e+00
  444  8.88e-04      3.97910e+00       3.36598e-01       2.76493e+00
  445  8.90e-04      3.95841e+00       3.78329e-01       2.76505e+00
  446  8.92e-04      3.96176e+00       4.15966e-01       2.77983e+00
  447  8.94e-04      3.97375e+00       3.64851e-01       2.77078e+00
  448  8.96e-04      3.96983e+00       4.46320e-01       2.79533e+00
  449  8.98e-04      3.97290e+00       4.13025e-01       2.78628e+00
  450  9.00e-04      3.95760e+00       3.08646e-01       2.74128e+00
  451  9.02e-04      3.94710e+00       4.10384e-01       2.76820e+00
  452  9.04e-04      3.91598e+00       4.21250e-01       2.75107e+00
  453  9.06e-04      3.92079e+00       3.87696e-01       2.74309e+00
  454  9.08e-04      3.88575e+00       3.44058e-01       2.70518e+00
  455  9.10e-04      3.87185e+00       4.02547e-01       2.71541e+00
  456  9.12e-04      3.85390e+00       3.77803e-01       2.69520e+00
  457  9.14e-04      3.88180e+00       4.18268e-01       2.72729e+00
  458  9.16e-04      3.89194e+00       3.40868e-01       2.70825e+00
  459  9.18e-04      3.89913e+00       3.49508e-01       2.71593e+00
  460  9.20e-04      3.87354e+00       3.93869e-01       2.71365e+00
  461  9.22e-04      3.86136e+00       4.26720e-01       2.71648e+00
  462  9.24e-04      3.85545e+00       3.61922e-01       2.69094e+00
  463  9.26e-04      3.88347e+00       3.81108e-01       2.71602e+00
  464  9.28e-04      3.88644e+00       3.43330e-01       2.70540e+00
  465  9.30e-04      3.85951e+00       4.95050e-01       2.73803e+00
  466  9.32e-04      3.86185e+00       3.46784e-01       2.69016e+00
  467  9.34e-04      3.84818e+00       3.56019e-01       2.68413e+00
  468  9.36e-04      3.86545e+00       4.25476e-01       2.71879e+00
  469  9.38e-04      3.84667e+00       4.16406e-01       2.70325e+00
  470  9.40e-04      3.86265e+00       3.31763e-01       2.68569e+00
  471  9.42e-04      3.83194e+00       4.02821e-01       2.68890e+00
  472  9.44e-04      3.84463e+00       3.91549e-01       2.69360e+00
  473  9.46e-04      3.85143e+00       4.14725e-01       2.70586e+00
  474  9.48e-04      3.88579e+00       4.43067e-01       2.73821e+00
  475  9.50e-04      3.87405e+00       4.26087e-01       2.72473e+00
  476  9.52e-04      3.89237e+00       3.01293e-01       2.69534e+00
  477  9.54e-04      3.88448e+00       4.17269e-01       2.72875e+00
  478  9.56e-04      3.87785e+00       3.58538e-01       2.70475e+00
  479  9.58e-04      3.88545e+00       3.32361e-01       2.70109e+00
  480  9.60e-04      3.91101e+00       4.28315e-01       2.75011e+00
  481  9.62e-04      3.91858e+00       3.80153e-01       2.73911e+00
  482  9.64e-04      3.93412e+00       3.62559e-01       2.74360e+00
  483  9.66e-04      3.91680e+00       4.14772e-01       2.74946e+00
  484  9.68e-04      3.89939e+00       3.64586e-01       2.72112e+00
  485  9.70e-04      3.89415e+00       3.59867e-01       2.71606e+00
  486  9.72e-04      3.86390e+00       4.27125e-01       2.71831e+00
  487  9.74e-04      3.87119e+00       3.44404e-01       2.69559e+00
  488  9.76e-04      3.90070e+00       3.78011e-01       2.72647e+00
  489  9.78e-04      3.91302e+00       4.18728e-01       2.74825e+00
  490  9.80e-04      3.90495e+00       4.31624e-01       2.74717e+00
  491  9.82e-04      3.91708e+00       3.28401e-01       2.72085e+00
  492  9.84e-04      3.89343e+00       5.04219e-01       2.76369e+00
  493  9.86e-04      3.91287e+00       4.00974e-01       2.74224e+00
  494  9.88e-04      3.89770e+00       4.46726e-01       2.74738e+00
  495  9.90e-04      3.90479e+00       4.63661e-01       2.75775e+00
  496  9.92e-04      3.91283e+00       3.72664e-01       2.73278e+00
  497  9.94e-04      3.90457e+00       3.87800e-01       2.73231e+00
  498  9.96e-04      3.92118e+00       4.81486e-01       2.77462e+00
  499  9.98e-04      3.89570e+00       4.20615e-01       2.73734e+00
  500  1.00e-03      3.88015e+00       4.07686e-01       2.72266e+00
  501  1.00e-03      3.87496e+00       4.87126e-01       2.74568e+00
  502  1.00e-03      3.86225e+00       4.94874e-01       2.73979e+00
  503  1.01e-03      3.85607e+00       3.22396e-01       2.67818e+00
  504  1.01e-03      3.83588e+00       5.04230e-01       2.72533e+00
  505  1.01e-03      3.84357e+00       4.00862e-01       2.69600e+00
  506  1.01e-03      3.84620e+00       4.27376e-01       2.70659e+00
  507  1.01e-03      3.84329e+00       4.16156e-01       2.70091e+00
  508  1.02e-03      3.84356e+00       4.36892e-01       2.70801e+00
  509  1.02e-03      3.84591e+00       4.06032e-01       2.69928e+00
  510  1.02e-03      3.83299e+00       4.49406e-01       2.70513e+00
  511  1.02e-03      3.81948e+00       4.46592e-01       2.69518e+00
  512  1.02e-03      3.80278e+00       3.99417e-01       2.66832e+00
  513  1.03e-03      3.80769e+00       4.87187e-01       2.70086e+00
  514  1.03e-03      3.76079e+00       4.53793e-01       2.65846e+00
  515  1.03e-03      3.75832e+00       4.32254e-01       2.64963e+00
  516  1.03e-03      3.74566e+00       4.23197e-01       2.63817e+00
  517  1.03e-03      3.74893e+00       4.23172e-01       2.64035e+00
  518  1.04e-03      3.71797e+00       4.71930e-01       2.63595e+00
  519  1.04e-03      3.70678e+00       4.41265e-01       2.61828e+00
  520  1.04e-03      3.70103e+00       4.57049e-01       2.61970e+00
  521  1.04e-03      3.72144e+00       4.58748e-01       2.63388e+00
  522  1.04e-03      3.72076e+00       4.69722e-01       2.63708e+00
  523  1.05e-03      3.72465e+00       4.32430e-01       2.62725e+00
  524  1.05e-03      3.73487e+00       4.22053e-01       2.63060e+00
  525  1.05e-03      3.70496e+00       4.45464e-01       2.61846e+00
  526  1.05e-03      3.74239e+00       4.24858e-01       2.63654e+00
  527  1.05e-03      3.74366e+00       4.83609e-01       2.65698e+00
  528  1.06e-03      3.71768e+00       4.39762e-01       2.62504e+00
  529  1.06e-03      3.71282e+00       4.20058e-01       2.61523e+00
  530  1.06e-03      3.70861e+00       4.59578e-01       2.62560e+00
  531  1.06e-03      3.69895e+00       4.51183e-01       2.61636e+00
  532  1.06e-03      3.69101e+00       4.30312e-01       2.60411e+00
  533  1.07e-03      3.66614e+00       4.31223e-01       2.58784e+00
  534  1.07e-03      3.64134e+00       4.66368e-01       2.58302e+00
  535  1.07e-03      3.66070e+00       4.01672e-01       2.57436e+00
  536  1.07e-03      3.62810e+00       4.53402e-01       2.56987e+00
  537  1.07e-03      3.64043e+00       3.77506e-01       2.55279e+00
  538  1.08e-03      3.64094e+00       4.59130e-01       2.58034e+00
  539  1.08e-03      3.62375e+00       5.30843e-01       2.59278e+00
  540  1.08e-03      3.64351e+00       3.93385e-01       2.56014e+00
  541  1.08e-03      3.62410e+00       4.54980e-01       2.56773e+00
  542  1.08e-03      3.61232e+00       5.10386e-01       2.57834e+00
  543  1.09e-03      3.61709e+00       4.67967e-01       2.56738e+00
  544  1.09e-03      3.61344e+00       4.09020e-01       2.54530e+00
  545  1.09e-03      3.59135e+00       5.10023e-01       2.56424e+00
  546  1.09e-03      3.57154e+00       4.45805e-01       2.52963e+00
  547  1.09e-03      3.55417e+00       4.40991e-01       2.51645e+00
  548  1.10e-03      3.54165e+00       4.81705e-01       2.52167e+00
  549  1.10e-03      3.53829e+00       4.26062e-01       2.50088e+00
  550  1.10e-03      3.55844e+00       4.36718e-01       2.51787e+00
  551  1.10e-03      3.54920e+00       5.60377e-01       2.55292e+00
  552  1.10e-03      3.53743e+00       3.75653e-01       2.48351e+00
  553  1.11e-03      3.53162e+00       4.74130e-01       2.51245e+00
  554  1.11e-03      3.52323e+00       4.97075e-01       2.51451e+00
  555  1.11e-03      3.49469e+00       5.16453e-01       2.50194e+00
  556  1.11e-03      3.48768e+00       4.66152e-01       2.48050e+00
  557  1.11e-03      3.50975e+00       4.28925e-01       2.48281e+00
  558  1.12e-03      3.49506e+00       4.17092e-01       2.46907e+00
  559  1.12e-03      3.49975e+00       4.55177e-01       2.48489e+00
  560  1.12e-03      3.49684e+00       4.28517e-01       2.47407e+00
  561  1.12e-03      3.52410e+00       4.38379e-01       2.49553e+00
  562  1.12e-03      3.50117e+00       4.43392e-01       2.48191e+00
  563  1.13e-03      3.51289e+00       4.28058e-01       2.48461e+00
  564  1.13e-03      3.54241e+00       4.38460e-01       2.50776e+00
  565  1.13e-03      3.54514e+00       5.15465e-01       2.53525e+00
  566  1.13e-03      3.55722e+00       4.26653e-01       2.51370e+00
  567  1.13e-03      3.55749e+00       4.60547e-01       2.52518e+00
  568  1.14e-03      3.54944e+00       4.72277e-01       2.52372e+00
  569  1.14e-03      3.59914e+00       4.13567e-01       2.53728e+00
  570  1.14e-03      3.60409e+00       4.34242e-01       2.54747e+00
  571  1.14e-03      3.64637e+00       5.23909e-01       2.60555e+00
  572  1.14e-03      3.65669e+00       4.27303e-01       2.58022e+00
  573  1.15e-03      3.66761e+00       4.76346e-01       2.60386e+00
  574  1.15e-03      3.67800e+00       4.63460e-01       2.60649e+00
  575  1.15e-03      3.67377e+00       4.47163e-01       2.59823e+00
  576  1.15e-03      3.67754e+00       5.15920e-01       2.62367e+00
  577  1.15e-03      3.69267e+00       4.44857e-01       2.61006e+00
  578  1.16e-03      3.66277e+00       4.10448e-01       2.57867e+00
  579  1.16e-03      3.67153e+00       5.01920e-01       2.61499e+00
  580  1.16e-03      3.69743e+00       4.70353e-01       2.62174e+00
  581  1.16e-03      3.66971e+00       3.92171e-01       2.57719e+00
  582  1.16e-03      3.65371e+00       4.79486e-01       2.59563e+00
  583  1.17e-03      3.64240e+00       4.92952e-01       2.59259e+00
  584  1.17e-03      3.64789e+00       3.47160e-01       2.54764e+00
  585  1.17e-03      3.67254e+00       5.04393e-01       2.61649e+00
  586  1.17e-03      3.64509e+00       4.59399e-01       2.58319e+00
  587  1.17e-03      3.63402e+00       3.82073e-01       2.55004e+00
  588  1.18e-03      3.63975e+00       5.33212e-01       2.60424e+00
  589  1.18e-03      3.61764e+00       4.02713e-01       2.54600e+00
  590  1.18e-03      3.64276e+00       4.14824e-01       2.56678e+00
  591  1.18e-03      3.62633e+00       4.91577e-01       2.58141e+00
  592  1.18e-03      3.63000e+00       4.57297e-01       2.57243e+00
  593  1.19e-03      3.64643e+00       4.54142e-01       2.58233e+00
  594  1.19e-03      3.65914e+00       4.84855e-01       2.60104e+00
  595  1.19e-03      3.64856e+00       5.06343e-01       2.60115e+00
  596  1.19e-03      3.65671e+00       3.94954e-01       2.56946e+00
  597  1.19e-03      3.67515e+00       4.58826e-01       2.60304e+00
  598  1.20e-03      3.67302e+00       4.63850e-01       2.60330e+00
  599  1.20e-03      3.66817e+00       4.48365e-01       2.59490e+00
  600  1.20e-03      3.63458e+00       4.90568e-01       2.58657e+00
  601  1.20e-03      3.63144e+00       3.69185e-01       2.54402e+00
  602  1.20e-03      3.61325e+00       5.40980e-01       2.58916e+00
  603  1.21e-03      3.61164e+00       4.35367e-01       2.55288e+00
  604  1.21e-03      3.61833e+00       4.79300e-01       2.57198e+00
  605  1.21e-03      3.60215e+00       4.39962e-01       2.54809e+00
  606  1.21e-03      3.60392e+00       4.39161e-01       2.54900e+00
  607  1.21e-03      3.60408e+00       4.47793e-01       2.55199e+00
  608  1.22e-03      3.58924e+00       4.79444e-01       2.55264e+00
  609  1.22e-03      3.59409e+00       3.87854e-01       2.52534e+00
  610  1.22e-03      3.56363e+00       4.17741e-01       2.51500e+00
  611  1.22e-03      3.54811e+00       4.43861e-01       2.51336e+00
  612  1.22e-03      3.55690e+00       4.54664e-01       2.52282e+00
  613  1.23e-03      3.56971e+00       4.42442e-01       2.52729e+00
  614  1.23e-03      3.56672e+00       4.60554e-01       2.53133e+00
  615  1.23e-03      3.53429e+00       4.79641e-01       2.51607e+00
  616  1.23e-03      3.55760e+00       4.45527e-01       2.52024e+00
  617  1.23e-03      3.55728e+00       4.59874e-01       2.52481e+00
  618  1.24e-03      3.54545e+00       4.26836e-01       2.50591e+00
  619  1.24e-03      3.53694e+00       4.87168e-01       2.52035e+00
  620  1.24e-03      3.50929e+00       4.57645e-01       2.49208e+00
  621  1.24e-03      3.52395e+00       3.79281e-01       2.47573e+00
  622  1.24e-03      3.53280e+00       4.52475e-01       2.50602e+00
  623  1.25e-03      3.53043e+00       4.55055e-01       2.50531e+00
  624  1.25e-03      3.55229e+00       3.75929e-01       2.49350e+00
  625  1.25e-03      3.53331e+00       4.82871e-01       2.51650e+00
  626  1.25e-03      3.51390e+00       4.67059e-01       2.49828e+00
  627  1.25e-03      3.50618e+00       4.65379e-01       2.49258e+00
  628  1.26e-03      3.47803e+00       4.89777e-01       2.48195e+00
  629  1.26e-03      3.51520e+00       4.31423e-01       2.48728e+00
  630  1.26e-03      3.52800e+00       3.73741e-01       2.47658e+00
  631  1.26e-03      3.52087e+00       5.12530e-01       2.51809e+00
  632  1.26e-03      3.49630e+00       5.02403e-01       2.49834e+00
  633  1.27e-03      3.52621e+00       3.32747e-01       2.46172e+00
  634  1.27e-03      3.51769e+00       4.07401e-01       2.48093e+00
  635  1.27e-03      3.52339e+00       4.56688e-01       2.50116e+00
  636  1.27e-03      3.50437e+00       4.37945e-01       2.48223e+00
  637  1.27e-03      3.48565e+00       4.58038e-01       2.47644e+00
  638  1.28e-03      3.45846e+00       4.33184e-01       2.45004e+00
  639  1.28e-03      3.48290e+00       4.39294e-01       2.46836e+00
  640  1.28e-03      3.47509e+00       4.41343e-01       2.46384e+00
  641  1.28e-03      3.45614e+00       4.69310e-01       2.46053e+00
  642  1.28e-03      3.43917e+00       4.78327e-01       2.45222e+00
  643  1.29e-03      3.42507e+00       3.50627e-01       2.40026e+00
  644  1.29e-03      3.41909e+00       5.10743e-01       2.44964e+00
  645  1.29e-03      3.42199e+00       4.37466e-01       2.42715e+00
  646  1.29e-03      3.39975e+00       4.15810e-01       2.40511e+00
  647  1.29e-03      3.38565e+00       4.81000e-01       2.41743e+00
  648  1.30e-03      3.38075e+00       5.18827e-01       2.42677e+00
  649  1.30e-03      3.35670e+00       4.39708e-01       2.38437e+00
  650  1.30e-03      3.36295e+00       4.31534e-01       2.38581e+00
  651  1.30e-03      3.35528e+00       5.13078e-01       2.40788e+00
  652  1.30e-03      3.34064e+00       4.60544e-01       2.38061e+00
  653  1.31e-03      3.34591e+00       4.62152e-01       2.38466e+00
  654  1.31e-03      3.37334e+00       4.65316e-01       2.40400e+00
  655  1.31e-03      3.38821e+00       4.08580e-01       2.39500e+00
  656  1.31e-03      3.39228e+00       5.33009e-01       2.43919e+00
  657  1.31e-03      3.37941e+00       4.21319e-01       2.39338e+00
  658  1.32e-03      3.36166e+00       5.14264e-01       2.41253e+00
  659  1.32e-03      3.37189e+00       4.28680e-01       2.39082e+00
  660  1.32e-03      3.36773e+00       5.12748e-01       2.41607e+00
  661  1.32e-03      3.35794e+00       4.89966e-01       2.40195e+00
  662  1.32e-03      3.37969e+00       4.05532e-01       2.38831e+00
  663  1.33e-03      3.40390e+00       3.95751e-01       2.40118e+00
  664  1.33e-03      3.40687e+00       4.89436e-01       2.43439e+00
  665  1.33e-03      3.41229e+00       4.80887e-01       2.43516e+00
  666  1.33e-03      3.38913e+00       4.43985e-01       2.40742e+00
  667  1.33e-03      3.39305e+00       4.28418e-01       2.40484e+00
  668  1.34e-03      3.41040e+00       5.13477e-01       2.44476e+00
  669  1.34e-03      3.39979e+00       5.23999e-01       2.44119e+00
  670  1.34e-03      3.40139e+00       5.17947e-01       2.44024e+00
  671  1.34e-03      3.42251e+00       4.72143e-01       2.43905e+00
  672  1.34e-03      3.44204e+00       4.61489e-01       2.44852e+00
  673  1.35e-03      3.40962e+00       5.29868e-01       2.44970e+00
  674  1.35e-03      3.43330e+00       4.96059e-01       2.45422e+00
  675  1.35e-03      3.42387e+00       4.84070e-01       2.44394e+00
  676  1.35e-03      3.42459e+00       5.56358e-01       2.46851e+00
  677  1.35e-03      3.38869e+00       4.43035e-01       2.40680e+00
  678  1.36e-03      3.40002e+00       5.54425e-01       2.45149e+00
  679  1.36e-03      3.39214e+00       5.81287e-01       2.45519e+00
  680  1.36e-03      3.37104e+00       4.54159e-01       2.39875e+00
  681  1.36e-03      3.37958e+00       5.78225e-01       2.44580e+00
  682  1.36e-03      3.36720e+00       5.05295e-01       2.41323e+00
  683  1.37e-03      3.33643e+00       4.08419e-01       2.36042e+00
  684  1.37e-03      3.33937e+00       4.82287e-01       2.38701e+00
  685  1.37e-03      3.34514e+00       5.31900e-01       2.40739e+00
  686  1.37e-03      3.34195e+00       4.53819e-01       2.37924e+00
  687  1.37e-03      3.32073e+00       4.77303e-01       2.37292e+00
  688  1.38e-03      3.32731e+00       5.60099e-01       2.40490e+00
  689  1.38e-03      3.31474e+00       3.88428e-01       2.33930e+00
  690  1.38e-03      3.32790e+00       5.30256e-01       2.39535e+00
  691  1.38e-03      3.34231e+00       5.49820e-01       2.41148e+00
  692  1.38e-03      3.35057e+00       4.18413e-01       2.37318e+00
  693  1.39e-03      3.34026e+00       6.36309e-01       2.43895e+00
  694  1.39e-03      3.33224e+00       4.42176e-01       2.36889e+00
  695  1.39e-03      3.32632e+00       4.80196e-01       2.37762e+00
  696  1.39e-03      3.30014e+00       5.15319e-01       2.37186e+00
  697  1.39e-03      3.31402e+00       5.84105e-01       2.40405e+00
  698  1.40e-03      3.32099e+00       5.18692e-01       2.38689e+00
  699  1.40e-03      3.32250e+00       5.41549e-01       2.39551e+00
  700  1.40e-03      3.31216e+00       5.03536e-01       2.37595e+00
  701  1.40e-03      3.31213e+00       5.43306e-01       2.38919e+00
  702  1.40e-03      3.31866e+00       5.06181e-01       2.38116e+00
  703  1.41e-03      3.31485e+00       5.73540e-01       2.40108e+00
  704  1.41e-03      3.31498e+00       4.25346e-01       2.35177e+00
  705  1.41e-03      3.30012e+00       5.55953e-01       2.38540e+00
  706  1.41e-03      3.27681e+00       5.15683e-01       2.35644e+00
  707  1.41e-03      3.28326e+00       5.76881e-01       2.38113e+00
  708  1.42e-03      3.27772e+00       4.72970e-01       2.34280e+00
  709  1.42e-03      3.27391e+00       4.95805e-01       2.34788e+00
  710  1.42e-03      3.28945e+00       5.10872e-01       2.36326e+00
  711  1.42e-03      3.28640e+00       4.88374e-01       2.35373e+00
  712  1.42e-03      3.27576e+00       4.57778e-01       2.33643e+00
  713  1.43e-03      3.29195e+00       5.86447e-01       2.39012e+00
  714  1.43e-03      3.28877e+00       4.05795e-01       2.32778e+00
  715  1.43e-03      3.32240e+00       5.06408e-01       2.38374e+00
  716  1.43e-03      3.33712e+00       5.25696e-01       2.39998e+00
  717  1.43e-03      3.31767e+00       5.96061e-01       2.41047e+00
  718  1.44e-03      3.33944e+00       5.07969e-01       2.39561e+00
  719  1.44e-03      3.35357e+00       5.76155e-01       2.42776e+00
  720  1.44e-03      3.33445e+00       5.41310e-01       2.40340e+00
  721  1.44e-03      3.33762e+00       4.95989e-01       2.39041e+00
  722  1.44e-03      3.31459e+00       5.98579e-01       2.40925e+00
  723  1.45e-03      3.28576e+00       5.22134e-01       2.36455e+00
  724  1.45e-03      3.29854e+00       4.95156e-01       2.36408e+00
  725  1.45e-03      3.27075e+00       6.33168e-01       2.39155e+00
  726  1.45e-03      3.26526e+00       4.99155e-01       2.34322e+00
  727  1.45e-03      3.28907e+00       5.29205e-01       2.36911e+00
  728  1.46e-03      3.28051e+00       5.65175e-01       2.37540e+00
  729  1.46e-03      3.26868e+00       4.81443e-01       2.33960e+00
  730  1.46e-03      3.24924e+00       5.80332e-01       2.35960e+00
  731  1.46e-03      3.27445e+00       4.59838e-01       2.33625e+00
  732  1.46e-03      3.26731e+00       5.61911e-01       2.36551e+00
  733  1.47e-03      3.24691e+00       5.58136e-01       2.35065e+00
  734  1.47e-03      3.24745e+00       5.28269e-01       2.34106e+00
  735  1.47e-03      3.25665e+00       5.14765e-01       2.34269e+00
  736  1.47e-03      3.24173e+00       5.22985e-01       2.33548e+00
  737  1.47e-03      3.24616e+00       5.61754e-01       2.35135e+00
  738  1.48e-03      3.25157e+00       4.85303e-01       2.32948e+00
  739  1.48e-03      3.25399e+00       5.53892e-01       2.35396e+00
  740  1.48e-03      3.25194e+00       4.82017e-01       2.32864e+00
  741  1.48e-03      3.23306e+00       4.91600e-01       2.31924e+00
  742  1.48e-03      3.24902e+00       7.03447e-01       2.40050e+00
  743  1.49e-03      3.24477e+00       4.58973e-01       2.31617e+00
  744  1.49e-03      3.23823e+00       6.24502e-01       2.36699e+00
  745  1.49e-03      3.23104e+00       5.64024e-01       2.34204e+00
  746  1.49e-03      3.23021e+00       5.70586e-01       2.34367e+00
  747  1.49e-03      3.19287e+00       5.63522e-01       2.31642e+00
  748  1.50e-03      3.20317e+00       5.48827e-01       2.31839e+00
  749  1.50e-03      3.20855e+00       5.33496e-01       2.31687e+00
  750  1.50e-03      3.18501e+00       5.90336e-01       2.32012e+00
  751  1.50e-03      3.16234e+00       4.87238e-01       2.27064e+00
  752  1.50e-03      3.16206e+00       5.35522e-01       2.28655e+00
  753  1.51e-03      3.17538e+00       5.74216e-01       2.30832e+00
  754  1.51e-03      3.15087e+00       5.48340e-01       2.28336e+00
  755  1.51e-03      3.12465e+00       5.42533e-01       2.26394e+00
  756  1.51e-03      3.12756e+00       5.48522e-01       2.26788e+00
  757  1.51e-03      3.12702e+00       5.41402e-01       2.26515e+00
  758  1.52e-03      3.12428e+00       5.97634e-01       2.28207e+00
  759  1.52e-03      3.12373e+00       5.61834e-01       2.26976e+00
  760  1.52e-03      3.11754e+00       4.30239e-01       2.22177e+00
  761  1.52e-03      3.12672e+00       4.82743e-01       2.24539e+00
  762  1.52e-03      3.14461e+00       6.41599e-01       2.31027e+00
  763  1.53e-03      3.14994e+00       5.01346e-01       2.26707e+00
  764  1.53e-03      3.16873e+00       5.34470e-01       2.29064e+00
  765  1.53e-03      3.17290e+00       5.38871e-01       2.29489e+00
  766  1.53e-03      3.17601e+00       6.06050e-01       2.31936e+00
  767  1.53e-03      3.17511e+00       5.99598e-01       2.31661e+00
  768  1.54e-03      3.16688e+00       6.34428e-01       2.32273e+00
  769  1.54e-03      3.18195e+00       5.80667e-01       2.31486e+00
  770  1.54e-03      3.17280e+00       5.93529e-01       2.31304e+00
  771  1.54e-03      3.15140e+00       5.98477e-01       2.30043e+00
  772  1.54e-03      3.15726e+00       6.78291e-01       2.33093e+00
  773  1.55e-03      3.14307e+00       5.52088e-01       2.27941e+00
  774  1.55e-03      3.11614e+00       5.85701e-01       2.27266e+00
  775  1.55e-03      3.12302e+00       6.08519e-01       2.28485e+00
  776  1.55e-03      3.12894e+00       5.45366e-01       2.26775e+00
  777  1.55e-03      3.11594e+00       5.32045e-01       2.25464e+00
  778  1.56e-03      3.12111e+00       6.03275e-01       2.28183e+00
  779  1.56e-03      3.12039e+00       6.33358e-01       2.29138e+00
  780  1.56e-03      3.14089e+00       4.83233e-01       2.25501e+00
  781  1.56e-03      3.15707e+00       6.14240e-01       2.30946e+00
  782  1.56e-03      3.15468e+00       6.15313e-01       2.30823e+00
  783  1.57e-03      3.10937e+00       5.53862e-01       2.25754e+00
  784  1.57e-03      3.10798e+00       6.14203e-01       2.27672e+00
  785  1.57e-03      3.13229e+00       5.02391e-01       2.25566e+00
  786  1.57e-03      3.13141e+00       5.37693e-01       2.26684e+00
  787  1.57e-03      3.13463e+00       5.91847e-01       2.28704e+00
  788  1.58e-03      3.14344e+00       6.50844e-01       2.31258e+00
  789  1.58e-03      3.11402e+00       4.85048e-01       2.23770e+00
  790  1.58e-03      3.10114e+00       6.04087e-01       2.26879e+00
  791  1.58e-03      3.08782e+00       5.61937e-01       2.24586e+00
  792  1.58e-03      3.07101e+00       6.73836e-01       2.27195e+00
  793  1.59e-03      3.07333e+00       6.17958e-01       2.25487e+00
  794  1.59e-03      3.09052e+00       5.76504e-01       2.25251e+00
  795  1.59e-03      3.09003e+00       6.09748e-01       2.26327e+00
  796  1.59e-03      3.09344e+00       6.14034e-01       2.26697e+00
  797  1.59e-03      3.09606e+00       5.64812e-01       2.25231e+00
  798  1.60e-03      3.08283e+00       6.52121e-01       2.27259e+00
  799  1.60e-03      3.08250e+00       6.22335e-01       2.26245e+00
  800  1.60e-03      3.07694e+00       5.72662e-01       2.24218e+00
  801  1.60e-03      3.08962e+00       6.38347e-01       2.27253e+00
  802  1.60e-03      3.10147e+00       4.99283e-01       2.23407e+00
  803  1.61e-03      3.11245e+00       5.67157e-01       2.26402e+00
  804  1.61e-03      3.11063e+00       6.38010e-01       2.28642e+00
  805  1.61e-03      3.13135e+00       5.98154e-01       2.28695e+00
  806  1.61e-03      3.10158e+00       5.52861e-01       2.25200e+00
  807  1.61e-03      3.11637e+00       6.25598e-01       2.28611e+00
  808  1.62e-03      3.11373e+00       6.09368e-01       2.27894e+00
  809  1.62e-03      3.11972e+00       5.50938e-01       2.26346e+00
  810  1.62e-03      3.12380e+00       6.39555e-01       2.29572e+00
  811  1.62e-03      3.12012e+00       5.01597e-01       2.24728e+00
  812  1.62e-03      3.12193e+00       5.69705e-01       2.27119e+00
  813  1.63e-03      3.11831e+00       5.17863e-01       2.25149e+00
  814  1.63e-03      3.13014e+00       5.42698e-01       2.26766e+00
  815  1.63e-03      3.11766e+00       6.31012e-01       2.28878e+00
  816  1.63e-03      3.09658e+00       6.14790e-01       2.26932e+00
  817  1.63e-03      3.09503e+00       4.99249e-01       2.22977e+00
  818  1.64e-03      3.08038e+00       6.82131e-01       2.28096e+00
  819  1.64e-03      3.08401e+00       6.36903e-01       2.26831e+00
  820  1.64e-03      3.07836e+00       5.48599e-01       2.23510e+00
  821  1.64e-03      3.07826e+00       6.96507e-01       2.28434e+00
  822  1.64e-03      3.08509e+00       5.78038e-01       2.24941e+00
  823  1.65e-03      3.11954e+00       4.81626e-01       2.24023e+00
  824  1.65e-03      3.09423e+00       6.73624e-01       2.28736e+00
  825  1.65e-03      3.09977e+00       6.00993e-01       2.26685e+00
  826  1.65e-03      3.12124e+00       5.26788e-01       2.25642e+00
  827  1.65e-03      3.11855e+00       7.67871e-01       2.33499e+00
  828  1.66e-03      3.13566e+00       5.54626e-01       2.27531e+00
  829  1.66e-03      3.13632e+00       4.86853e-01       2.25317e+00
  830  1.66e-03      3.10440e+00       6.48205e-01       2.28567e+00
  831  1.66e-03      3.09315e+00       5.96821e-01       2.26104e+00
  832  1.66e-03      3.10499e+00       5.59607e-01       2.25653e+00
  833  1.67e-03      3.10061e+00       6.30941e-01       2.27739e+00
  834  1.67e-03      3.09254e+00       5.17401e-01       2.23416e+00
  835  1.67e-03      3.07425e+00       6.21282e-01       2.25659e+00
  836  1.67e-03      3.05684e+00       6.61848e-01       2.25851e+00
  837  1.67e-03      3.06378e+00       6.26321e-01       2.25129e+00
  838  1.68e-03      3.08751e+00       5.49412e-01       2.24148e+00
  839  1.68e-03      3.05967e+00       6.65771e-01       2.26170e+00
  840  1.68e-03      3.04308e+00       5.13468e-01       2.19987e+00
  841  1.68e-03      3.05204e+00       6.69669e-01       2.25792e+00
  842  1.68e-03      3.04375e+00       5.39850e-01       2.20912e+00
  843  1.69e-03      3.04664e+00       5.92817e-01       2.22870e+00
  844  1.69e-03      3.04729e+00       6.71268e-01       2.25528e+00
  845  1.69e-03      3.06323e+00       6.38997e-01       2.25515e+00
  846  1.69e-03      3.04393e+00       5.18202e-01       2.20202e+00
  847  1.69e-03      3.03851e+00       7.89585e-01       2.28887e+00
  848  1.70e-03      3.04932e+00       6.05322e-01       2.23466e+00
  849  1.70e-03      3.05469e+00       6.29781e-01       2.24638e+00
  850  1.70e-03      3.07643e+00       6.33678e-01       2.26218e+00
  851  1.70e-03      3.05236e+00       6.55119e-01       2.25328e+00
  852  1.70e-03      3.05648e+00       5.11296e-01       2.20808e+00
  853  1.71e-03      3.06528e+00       7.72778e-01       2.30111e+00
  854  1.71e-03      3.03266e+00       6.19197e-01       2.22817e+00
  855  1.71e-03      3.02411e+00       6.28878e-01       2.22570e+00
  856  1.71e-03      3.05423e+00       6.99616e-01       2.26936e+00
  857  1.71e-03      3.03198e+00       5.80786e-01       2.21492e+00
  858  1.72e-03      3.04287e+00       5.89383e-01       2.22504e+00
  859  1.72e-03      3.02906e+00       7.66580e-01       2.27490e+00
  860  1.72e-03      3.04252e+00       6.28042e-01       2.23769e+00
  861  1.72e-03      3.01930e+00       6.05452e-01       2.21468e+00
  862  1.72e-03      3.00386e+00       6.52634e-01       2.22012e+00
  863  1.73e-03      2.98993e+00       6.80354e-01       2.22007e+00
  864  1.73e-03      3.02257e+00       6.86523e-01       2.24389e+00
  865  1.73e-03      3.02453e+00       7.04644e-01       2.25123e+00
  866  1.73e-03      3.02573e+00       5.86886e-01       2.21278e+00
  867  1.73e-03      3.01737e+00       6.58446e-01       2.23106e+00
  868  1.74e-03      3.01259e+00       7.02747e-01       2.24264e+00
  869  1.74e-03      3.03785e+00       5.52196e-01       2.20930e+00
  870  1.74e-03      3.00814e+00       7.79882e-01       2.26539e+00
  871  1.74e-03      3.02256e+00       6.79418e-01       2.24151e+00
  872  1.74e-03      3.02802e+00       7.19960e-01       2.25867e+00
  873  1.75e-03      3.02075e+00       7.01720e-01       2.24774e+00
  874  1.75e-03      3.02621e+00       7.87790e-01       2.28007e+00
  875  1.75e-03      3.03972e+00       6.53409e-01       2.24428e+00
  876  1.75e-03      3.03629e+00       7.34208e-01       2.26893e+00
  877  1.75e-03      3.02158e+00       6.52845e-01       2.23200e+00
  878  1.76e-03      2.98862e+00       6.86224e-01       2.22115e+00
  879  1.76e-03      2.97577e+00       6.62761e-01       2.20477e+00
  880  1.76e-03      3.00181e+00       7.30014e-01       2.24455e+00
  881  1.76e-03      3.00245e+00       6.55921e-01       2.22027e+00
  882  1.76e-03      2.96898e+00       7.92210e-01       2.24339e+00
  883  1.77e-03      2.96626e+00       6.68565e-01       2.20036e+00
  884  1.77e-03      2.97054e+00       7.17112e-01       2.21940e+00
  885  1.77e-03      2.95637e+00       5.88108e-01       2.16695e+00
  886  1.77e-03      2.94025e+00       7.30757e-01       2.20375e+00
  887  1.77e-03      2.95407e+00       7.21583e-01       2.20991e+00
  888  1.78e-03      2.93329e+00       6.60116e-01       2.17557e+00
  889  1.78e-03      2.93791e+00       7.07185e-01       2.19433e+00
  890  1.78e-03      2.95616e+00       6.98772e-01       2.20370e+00
  891  1.78e-03      2.95410e+00       7.16232e-01       2.20814e+00
  892  1.78e-03      2.96880e+00       7.50763e-01       2.22946e+00
  893  1.79e-03      2.98273e+00       7.63604e-01       2.24302e+00
  894  1.79e-03      2.99238e+00       6.79644e-01       2.22147e+00
  895  1.79e-03      2.98207e+00       6.39376e-01       2.20117e+00
  896  1.79e-03      2.96208e+00       8.34263e-01       2.25281e+00
  897  1.79e-03      2.96999e+00       6.37896e-01       2.19263e+00
  898  1.80e-03      2.97523e+00       8.26389e-01       2.25895e+00
  899  1.80e-03      2.95883e+00       7.60556e-01       2.22607e+00
  900  1.80e-03      2.97286e+00       7.81069e-01       2.24226e+00
  901  1.80e-03      2.97994e+00       5.99689e-01       2.18652e+00
  902  1.80e-03      2.99483e+00       8.87456e-01       2.29237e+00
  903  1.81e-03      3.00911e+00       7.56668e-01       2.25830e+00
  904  1.81e-03      3.03210e+00       7.66380e-01       2.27686e+00
  905  1.81e-03      3.01893e+00       6.23190e-01       2.22035e+00
  906  1.81e-03      2.99881e+00       6.84245e-01       2.22729e+00
  907  1.81e-03      2.99341e+00       6.46744e-01       2.21119e+00
  908  1.82e-03      2.99639e+00       8.19733e-01       2.27084e+00
  909  1.82e-03      2.98403e+00       6.59982e-01       2.20934e+00
  910  1.82e-03      3.00846e+00       7.24040e-01       2.24699e+00
  911  1.82e-03      3.00774e+00       6.43622e-01       2.21970e+00
  912  1.82e-03      2.99831e+00       7.92726e-01       2.26312e+00
  913  1.83e-03      2.99847e+00       6.70888e-01       2.22261e+00
  914  1.83e-03      3.01598e+00       6.97867e-01       2.24327e+00
  915  1.83e-03      3.01464e+00       7.52859e-01       2.26072e+00
  916  1.83e-03      3.00265e+00       7.28563e-01       2.24462e+00
  917  1.83e-03      3.01322e+00       5.97911e-01       2.20812e+00
  918  1.84e-03      2.98961e+00       7.78545e-01       2.25259e+00
  919  1.84e-03      2.98843e+00       7.89500e-01       2.25546e+00
  920  1.84e-03      3.01549e+00       6.94191e-01       2.24173e+00
  921  1.84e-03      3.01241e+00       7.74308e-01       2.26637e+00
  922  1.84e-03      2.98504e+00       7.06296e-01       2.22546e+00
  923  1.85e-03      2.97960e+00       6.58126e-01       2.20577e+00
  924  1.85e-03      2.96228e+00       7.61714e-01       2.22876e+00
  925  1.85e-03      2.99717e+00       7.87123e-01       2.26049e+00
  926  1.85e-03      2.98960e+00       6.21562e-01       2.20026e+00
  927  1.85e-03      2.97580e+00       7.81927e-01       2.24451e+00
  928  1.86e-03      2.96655e+00       6.57860e-01       2.19698e+00
  929  1.86e-03      2.98683e+00       7.22192e-01       2.23195e+00
  930  1.86e-03      2.98270e+00       6.38376e-01       2.20126e+00
  931  1.86e-03      2.97205e+00       7.31310e-01       2.22514e+00
  932  1.86e-03      2.98516e+00       5.79947e-01       2.18342e+00
  933  1.87e-03      2.97134e+00       6.36729e-01       2.19314e+00
  934  1.87e-03      2.97757e+00       6.55089e-01       2.20341e+00
  935  1.87e-03      2.97995e+00       7.81804e-01       2.24724e+00
  936  1.87e-03      2.98336e+00       6.76815e-01       2.21451e+00
  937  1.87e-03      2.97331e+00       7.06904e-01       2.21784e+00
  938  1.88e-03      2.95791e+00       6.65016e-01       2.19361e+00
  939  1.88e-03      2.98751e+00       7.49611e-01       2.24155e+00
  940  1.88e-03      2.96417e+00       7.33738e-01       2.22069e+00
  941  1.88e-03      2.97389e+00       8.30893e-01       2.25956e+00
  942  1.88e-03      2.97100e+00       5.96333e-01       2.17944e+00
  943  1.89e-03      2.96043e+00       7.78068e-01       2.23297e+00
  944  1.89e-03      2.97360e+00       7.76987e-01       2.24139e+00
  945  1.89e-03      2.96680e+00       7.50947e-01       2.22818e+00
  946  1.89e-03      2.98492e+00       7.32285e-01       2.23404e+00
  947  1.89e-03      2.99854e+00       7.43845e-01       2.24697e+00
  948  1.90e-03      3.01416e+00       7.53726e-01       2.26068e+00
  949  1.90e-03      3.00685e+00       7.25762e-01       2.24649e+00
  950  1.90e-03      3.00268e+00       7.13314e-01       2.23956e+00
  951  1.90e-03      3.01574e+00       6.61816e-01       2.23110e+00
  952  1.90e-03      3.03054e+00       7.78348e-01       2.27981e+00
  953  1.91e-03      3.04296e+00       7.48465e-01       2.27813e+00
  954  1.91e-03      3.04344e+00       6.99741e-01       2.26221e+00
  955  1.91e-03      3.04935e+00       7.56503e-01       2.28507e+00
  956  1.91e-03      3.03986e+00       6.48729e-01       2.24282e+00
  957  1.91e-03      3.04185e+00       6.95644e-01       2.25978e+00
  958  1.92e-03      3.04380e+00       8.55490e-01       2.31436e+00
  959  1.92e-03      3.05550e+00       6.75541e-01       2.26218e+00
  960  1.92e-03      3.06086e+00       6.49812e-01       2.25718e+00
  961  1.92e-03      3.05330e+00       7.87687e-01       2.29810e+00
  962  1.92e-03      3.05362e+00       6.54552e-01       2.25393e+00
  963  1.93e-03      3.08025e+00       7.32865e-01       2.29779e+00
  964  1.93e-03      3.08807e+00       7.93021e-01       2.32305e+00
  965  1.93e-03      3.09228e+00       6.51171e-01       2.27858e+00
  966  1.93e-03      3.09027e+00       6.74671e-01       2.28507e+00
  967  1.93e-03      3.09573e+00       8.96145e-01       2.36253e+00
  968  1.94e-03      3.10028e+00       6.57843e-01       2.28614e+00
  969  1.94e-03      3.09316e+00       7.60823e-01       2.31572e+00
  970  1.94e-03      3.08842e+00       8.25833e-01       2.33422e+00
  971  1.94e-03      3.07576e+00       7.44004e-01       2.29851e+00
  972  1.94e-03      3.07279e+00       6.70284e-01       2.27196e+00
  973  1.95e-03      3.08257e+00       8.04266e-01       2.32314e+00
  974  1.95e-03      3.10551e+00       7.10135e-01       2.30705e+00
  975  1.95e-03      3.09069e+00       7.95994e-01       2.32579e+00
  976  1.95e-03      3.08529e+00       7.00623e-01       2.29040e+00
  977  1.95e-03      3.06665e+00       6.89860e-01       2.27439e+00
  978  1.96e-03      3.05473e+00       7.24708e-01       2.27805e+00
  979  1.96e-03      3.07137e+00       7.18320e-01       2.28702e+00
  980  1.96e-03      3.08176e+00       8.69189e-01       2.34424e+00
  981  1.96e-03      3.06014e+00       6.73238e-01       2.26450e+00
  982  1.96e-03      3.05122e+00       7.06426e-01       2.26962e+00
  983  1.97e-03      3.04656e+00       6.76830e-01       2.25665e+00
  984  1.97e-03      3.04957e+00       8.18770e-01       2.30597e+00
  985  1.97e-03      3.00759e+00       6.14590e-01       2.20992e+00
  986  1.97e-03      3.05634e+00       7.53729e-01       2.28880e+00
  987  1.97e-03      3.01925e+00       6.66526e-01       2.23501e+00
  988  1.98e-03      3.02442e+00       6.17365e-01       2.22207e+00
  989  1.98e-03      3.01012e+00       7.42486e-01       2.25424e+00
  990  1.98e-03      3.01628e+00       7.36235e-01       2.25626e+00
  991  1.98e-03      2.99463e+00       6.65642e-01       2.21830e+00
  992  1.98e-03      3.04093e+00       7.30981e-01       2.27095e+00
  993  1.99e-03      3.02877e+00       8.10885e-01       2.28948e+00
  994  1.99e-03      3.01054e+00       6.55805e-01       2.22563e+00
  995  1.99e-03      3.02352e+00       7.02723e-01       2.24992e+00
  996  1.99e-03      3.03008e+00       7.72067e-01       2.27741e+00
  997  1.99e-03      3.00466e+00       6.43416e-01       2.21758e+00
  998  2.00e-03      3.02071e+00       7.53603e-01       2.26501e+00
  999  2.00e-03      3.01018e+00       7.23299e-01       2.24789e+00
