Delta = -2.041e-01 gamma
 step      t        T_in_plane/mK   T_out_of_plane/mK   T_tot/mK
    0  0.00e+00      1.88638e-29       0.00000e+00       1.25759e-29
    1  1.00e-06      3.02587e-03       6.50479e-03       4.18551e-03
    2  2.00e-06      6.07231e-03       1.07025e-02       7.61570e-03
    3  3.00e-06      9.32049e-03       1.80255e-02       1.22222e-02
    4  4.00e-06      1.33881e-02       2.04810e-02       1.57524e-02
    5  5.00e-06      1.70477e-02       1.87097e-02       1.76017e-02
    6  6.00e-06      2.24512e-02       2.88818e-02       2.45947e-02
    7  7.00e-06      2.63451e-02       3.74663e-02       3.00522e-02
    8  8.00e-06      2.75571e-02       4.45551e-02       3.32231e-02
    9  9.00e-06      3.45272e-02       4.86421e-02       3.92322e-02
   10  1.00e-05      3.75896e-02       6.29529e-02       4.60440e-02
   11  1.10e-05      4.02970e-02       7.12397e-02       5.06112e-02
   12  1.20e-05      4.41657e-02       6.10962e-02       4.98092e-02
   13  1.30e-05      4.97460e-02       7.38090e-02       5.77670e-02
   14  1.40e-05      5.28337e-02       8.05587e-02       6.20753e-02
   15  1.50e-05      6.18076e-02       8.13643e-02       6.83265e-02
   16  1.60e-05      6.54372e-02       7.43458e-02       6.84068e-02
   17  1.70e-05      6.63640e-02       7.85215e-02       7.04165e-02
   18  1.80e-05      7.01175e-02       9.24076e-02       7.75476e-02
   19  1.90e-05      7.77302e-02       8.13790e-02       7.89464e-02
   20  2.00e-05      8.15660e-02       8.26184e-02       8.19168e-02
   21  2.10e-05      8.40183e-02       1.06602e-01       9.15463e-02
   22  2.20e-05      8.95001e-02       1.00724e-01       9.32413e-02
   23  2.30e-05      9.42251e-02       1.17773e-01       1.02074e-01
   24  2.40e-05      9.75051e-02       1.15037e-01       1.03349e-01
   25  2.50e-05      1.03360e-01       1.05645e-01       1.04122e-01
   26  2.60e-05      1.06807e-01       1.05364e-01       1.06326e-01
   27  2.70e-05      1.08761e-01       1.26480e-01       1.14667e-01
   28  2.80e-05      1.18028e-01       1.09921e-01       1.15325e-01
   29  2.90e-05      1.22868e-01       9.78678e-02       1.14535e-01
   30  3.00e-05      1.25243e-01       1.18852e-01       1.23113e-01
   31  3.10e-05      1.29844e-01       1.48762e-01       1.36150e-01
   32  3.20e-05      1.28195e-01       1.32872e-01       1.29754e-01
   33  3.30e-05      1.33249e-01       1.26622e-01       1.31040e-01
   34  3.40e-05      1.36602e-01       1.27368e-01       1.33524e-01
   35  3.50e-05      1.36089e-01       1.45100e-01       1.39093e-01
   36  3.60e-05      1.39355e-01       1.30632e-01       1.36447e-01
   37  3.70e-05      1.44892e-01       1.21822e-01       1.37202e-01
   38  3.80e-05      1.48068e-01       1.28564e-01       1.41567e-01
   39  3.90e-05      1.50164e-01       1.52186e-01       1.50838e-01
   40  4.00e-05      1.54894e-01       1.26841e-01       1.45543e-01
   41  4.10e-05      1.52727e-01       1.20874e-01       1.42109e-01
   42  4.20e-05      1.54356e-01       1.40246e-01       1.49653e-01
   43  4.30e-05      1.52380e-01       1.72237e-01       1.58999e-01
   44  4.40e-05      1.56002e-01       1.48476e-01       1.53493e-01
   45  4.50e-05      1.62508e-01       1.48898e-01       1.57971e-01
   46  4.60e-05      1.58318e-01       1.58938e-01       1.58525e-01
   47  4.70e-05      1.58954e-01       1.76837e-01       1.64915e-01
   48  4.80e-05      1.63753e-01       1.26706e-01       1.51404e-01
   49  4.90e-05      1.67031e-01       1.57817e-01       1.63960e-01
   50  5.00e-05      1.75245e-01       1.59259e-01       1.69917e-01
   51  5.10e-05      1.80206e-01       1.53251e-01       1.71221e-01
   52  5.20e-05      1.86956e-01       1.92254e-01       1.88722e-01
   53  5.30e-05      1.93628e-01       1.91482e-01       1.92913e-01
   54  5.40e-05      1.91256e-01       1.89964e-01       1.90825e-01
   55  5.50e-05      1.91156e-01       1.82897e-01       1.88403e-01
   56  5.60e-05      1.93364e-01       1.66185e-01       1.84304e-01
   57  5.70e-05      1.99108e-01       1.88587e-01       1.95601e-01
   58  5.80e-05      2.05571e-01       1.95080e-01       2.02074e-01
   59  5.90e-05      2.11793e-01       1.54936e-01       1.92841e-01
   60  6.00e-05      2.13318e-01       1.93599e-01       2.06745e-01
   61  6.10e-05      2.15548e-01       1.76850e-01       2.02649e-01
   62  6.20e-05      2.25389e-01       2.23423e-01       2.24734e-01
   63  6.30e-05      2.28074e-01       1.89627e-01       2.15258e-01
   64  6.40e-05      2.33528e-01       1.91818e-01       2.19625e-01
   65  6.50e-05      2.34976e-01       2.08097e-01       2.26016e-01
   66  6.60e-05      2.43526e-01       1.77021e-01       2.21358e-01
   67  6.70e-05      2.44656e-01       2.15240e-01       2.34851e-01
   68  6.80e-05      2.49339e-01       1.85019e-01       2.27899e-01
   69  6.90e-05      2.52750e-01       2.25287e-01       2.43596e-01
   70  7.00e-05      2.55402e-01       1.79366e-01       2.30057e-01
   71  7.10e-05      2.59445e-01       2.13287e-01       2.44059e-01
   72  7.20e-05      2.69940e-01       2.07583e-01       2.49154e-01
   73  7.30e-05      2.72459e-01       2.07503e-01       2.50807e-01
   74  7.40e-05      2.74768e-01       2.36472e-01       2.62002e-01
   75  7.50e-05      2.84306e-01       1.89345e-01       2.52652e-01
   76  7.60e-05      2.94779e-01       2.48997e-01       2.79518e-01
   77  7.70e-05      2.95292e-01       2.10816e-01       2.67133e-01
   78  7.80e-05      3.01039e-01       2.12122e-01       2.71400e-01
   79  7.90e-05      3.01725e-01       2.21599e-01       2.75016e-01
   80  8.00e-05      3.05231e-01       2.33922e-01       2.81461e-01
   81  8.10e-05      3.04781e-01       2.36722e-01       2.82095e-01
   82  8.20e-05      3.11157e-01       2.08583e-01       2.76966e-01
   83  8.30e-05      3.11982e-01       2.23485e-01       2.82483e-01
   84  8.40e-05      3.15544e-01       2.40669e-01       2.90586e-01
   85  8.50e-05      3.13513e-01       2.43825e-01       2.90284e-01
   86  8.60e-05      3.21807e-01       2.40577e-01       2.94730e-01
   87  8.70e-05      3.20619e-01       2.86589e-01       3.09275e-01
   88  8.80e-05      3.21188e-01       2.67269e-01       3.03215e-01
   89  8.90e-05      3.14384e-01       2.45193e-01       2.91320e-01
   90  9.00e-05      3.20302e-01       2.58108e-01       2.99571e-01
   91  9.10e-05      3.25684e-01       2.65244e-01       3.05537e-01
   92  9.20e-05      3.27076e-01       2.30457e-01       2.94870e-01
   93  9.30e-05      3.33089e-01       2.35600e-01       3.00592e-01
   94  9.40e-05      3.33649e-01       2.76334e-01       3.14544e-01
   95  9.50e-05      3.26781e-01       2.72889e-01       3.08817e-01
   96  9.60e-05      3.27723e-01       2.43532e-01       2.99659e-01
   97  9.70e-05      3.28736e-01       2.89931e-01       3.15801e-01
   98  9.80e-05      3.28199e-01       2.59216e-01       3.05205e-01
   99  9.90e-05      3.37292e-01       2.51653e-01       3.08746e-01
  100  1.00e-04      3.39510e-01       2.57684e-01       3.12234e-01
  101  1.01e-04      3.38366e-01       2.95133e-01       3.23955e-01
  102  1.02e-04      3.41759e-01       2.30528e-01       3.04682e-01
  103  1.03e-04      3.46504e-01       2.82340e-01       3.25116e-01
  104  1.04e-04      3.49245e-01       3.01391e-01       3.33293e-01
  105  1.05e-04      3.48779e-01       2.17596e-01       3.05052e-01
  106  1.06e-04      3.52224e-01       2.37485e-01       3.13978e-01
  107  1.07e-04      3.60141e-01       2.75637e-01       3.31973e-01
  108  1.08e-04      3.49761e-01       2.21187e-01       3.06903e-01
  109  1.09e-04      3.51790e-01       2.95876e-01       3.33152e-01
  110  1.10e-04      3.62414e-01       3.11282e-01       3.45370e-01
  111  1.11e-04      3.69978e-01       2.67865e-01       3.35940e-01
  112  1.12e-04      3.75865e-01       3.28159e-01       3.59963e-01
  113  1.13e-04      3.81018e-01       2.94546e-01       3.52194e-01
  114  1.14e-04      3.87591e-01       2.61266e-01       3.45483e-01
  115  1.15e-04      3.79347e-01       3.01094e-01       3.53263e-01
  116  1.16e-04      3.90936e-01       2.62420e-01       3.48097e-01
  117  1.17e-04      3.93931e-01       2.69118e-01       3.52327e-01
  118  1.18e-04      3.89468e-01       3.09850e-01       3.62929e-01
  119  1.19e-04      3.94442e-01       2.96049e-01       3.61644e-01
  120  1.20e-04      3.95632e-01       2.74300e-01       3.55188e-01
  121  1.21e-04      3.96605e-01       3.38134e-01       3.77115e-01
  122  1.22e-04      4.01173e-01       3.05767e-01       3.69371e-01
  123  1.23e-04      4.11706e-01       2.53233e-01       3.58882e-01
  124  1.24e-04      4.19704e-01       3.13954e-01       3.84454e-01
  125  1.25e-04      4.27724e-01       3.15268e-01       3.90238e-01
  126  1.26e-04      4.35366e-01       2.70773e-01       3.80502e-01
  127  1.27e-04      4.33944e-01       3.05384e-01       3.91091e-01
  128  1.28e-04      4.32458e-01       2.89646e-01       3.84854e-01
  129  1.29e-04      4.33256e-01       2.64759e-01       3.77091e-01
  130  1.30e-04      4.34052e-01       3.29654e-01       3.99253e-01
  131  1.31e-04      4.37819e-01       2.38351e-01       3.71330e-01
  132  1.32e-04      4.36513e-01       2.82754e-01       3.85260e-01
  133  1.33e-04      4.42279e-01       3.50588e-01       4.11715e-01
  134  1.34e-04      4.43579e-01       2.68065e-01       3.85074e-01
  135  1.35e-04      4.42980e-01       2.89280e-01       3.91747e-01
  136  1.36e-04      4.44460e-01       3.23117e-01       4.04012e-01
  137  1.37e-04      4.49278e-01       2.93924e-01       3.97493e-01
  138  1.38e-04      4.52689e-01       2.63051e-01       3.89476e-01
  139  1.39e-04      4.51973e-01       3.36936e-01       4.13627e-01
  140  1.40e-04      4.59324e-01       3.00053e-01       4.06233e-01
  141  1.41e-04      4.69063e-01       3.02530e-01       4.13552e-01
  142  1.42e-04      4.74616e-01       3.35913e-01       4.28381e-01
  143  1.43e-04      4.80898e-01       3.63988e-01       4.41928e-01
  144  1.44e-04      4.95322e-01       3.10084e-01       4.33576e-01
  145  1.45e-04      4.94083e-01       3.24067e-01       4.37411e-01
  146  1.46e-04      4.88420e-01       3.08546e-01       4.28462e-01
  147  1.47e-04      4.91570e-01       2.84491e-01       4.22543e-01
  148  1.48e-04      4.94293e-01       3.04069e-01       4.30885e-01
  149  1.49e-04      5.03692e-01       3.40152e-01       4.49179e-01
  150  1.50e-04      5.00294e-01       2.66034e-01       4.22208e-01
  151  1.51e-04      5.01795e-01       3.15120e-01       4.39570e-01
  152  1.52e-04      5.11194e-01       3.55866e-01       4.59418e-01
  153  1.53e-04      5.12144e-01       3.05871e-01       4.43386e-01
  154  1.54e-04      5.10091e-01       3.49454e-01       4.56545e-01
  155  1.55e-04      5.11064e-01       3.18779e-01       4.46969e-01
  156  1.56e-04      5.12123e-01       2.97416e-01       4.40554e-01
  157  1.57e-04      5.12610e-01       2.67308e-01       4.30843e-01
  158  1.58e-04      5.13277e-01       3.29352e-01       4.51968e-01
  159  1.59e-04      5.24740e-01       2.96617e-01       4.48699e-01
  160  1.60e-04      5.23908e-01       2.91208e-01       4.46342e-01
  161  1.61e-04      5.19060e-01       3.26836e-01       4.54986e-01
  162  1.62e-04      5.24380e-01       2.62426e-01       4.37062e-01
  163  1.63e-04      5.22472e-01       3.10236e-01       4.51727e-01
  164  1.64e-04      5.26681e-01       2.77530e-01       4.43630e-01
  165  1.65e-04      5.21238e-01       2.91142e-01       4.44540e-01
  166  1.66e-04      5.35553e-01       2.40894e-01       4.37334e-01
  167  1.67e-04      5.45400e-01       3.46939e-01       4.79246e-01
  168  1.68e-04      5.36358e-01       2.92215e-01       4.54977e-01
  169  1.69e-04      5.38903e-01       2.94824e-01       4.57543e-01
  170  1.70e-04      5.31714e-01       3.39984e-01       4.67804e-01
  171  1.71e-04      5.36090e-01       3.35945e-01       4.69375e-01
  172  1.72e-04      5.39605e-01       2.71094e-01       4.50101e-01
  173  1.73e-04      5.33738e-01       2.86049e-01       4.51175e-01
  174  1.74e-04      5.28959e-01       2.73269e-01       4.43729e-01
  175  1.75e-04      5.37873e-01       2.83521e-01       4.53089e-01
  176  1.76e-04      5.46290e-01       3.16038e-01       4.69539e-01
  177  1.77e-04      5.53114e-01       3.04330e-01       4.70186e-01
  178  1.78e-04      5.52240e-01       3.09753e-01       4.71411e-01
  179  1.79e-04      5.62046e-01       2.90038e-01       4.71377e-01
  180  1.80e-04      5.56369e-01       3.14706e-01       4.75815e-01
  181  1.81e-04      5.56747e-01       2.97486e-01       4.70327e-01
  182  1.82e-04      5.63000e-01       3.02137e-01       4.76045e-01
  183  1.83e-04      5.51354e-01       3.08790e-01       4.70499e-01
  184  1.84e-04      5.68189e-01       2.79107e-01       4.71829e-01
  185  1.85e-04      5.62904e-01       2.82389e-01       4.69399e-01
  186  1.86e-04      5.65349e-01       3.16827e-01       4.82508e-01
  187  1.87e-04      5.79317e-01       2.93206e-01       4.83947e-01
  188  1.88e-04      5.82017e-01       3.37354e-01       5.00463e-01
  189  1.89e-04      5.89006e-01       3.23414e-01       5.00475e-01
  190  1.90e-04      5.88842e-01       2.68100e-01       4.81928e-01
  191  1.91e-04      5.92668e-01       3.16062e-01       5.00466e-01
  192  1.92e-04      6.02542e-01       3.14569e-01       5.06551e-01
  193  1.93e-04      6.04525e-01       3.16320e-01       5.08457e-01
  194  1.94e-04      5.98337e-01       3.07038e-01       5.01237e-01
  195  1.95e-04      5.95216e-01       3.16838e-01       5.02423e-01
  196  1.96e-04      5.97988e-01       2.63194e-01       4.86390e-01
  197  1.97e-04      6.04099e-01       3.06555e-01       5.04918e-01
  198  1.98e-04      5.93563e-01       2.97290e-01       4.94805e-01
  199  1.99e-04      5.91525e-01       3.06848e-01       4.96633e-01
  200  2.00e-04      5.86348e-01       3.08999e-01       4.93898e-01
  201  2.01e-04      5.93401e-01       2.76443e-01       4.87749e-01
  202  2.02e-04      5.97136e-01       2.45955e-01       4.80075e-01
  203  2.03e-04      5.92666e-01       3.31507e-01       5.05613e-01
  204  2.04e-04      5.91634e-01       2.83252e-01       4.88840e-01
  205  2.05e-04      5.98584e-01       2.52049e-01       4.83072e-01
  206  2.06e-04      6.03819e-01       3.38737e-01       5.15458e-01
  207  2.07e-04      6.04240e-01       3.00281e-01       5.02920e-01
  208  2.08e-04      6.02016e-01       2.67177e-01       4.90403e-01
  209  2.09e-04      5.95670e-01       2.90703e-01       4.94014e-01
  210  2.10e-04      5.91924e-01       2.88639e-01       4.90829e-01
  211  2.11e-04      5.90578e-01       2.57229e-01       4.79462e-01
  212  2.12e-04      5.89012e-01       3.05903e-01       4.94642e-01
  213  2.13e-04      6.00819e-01       2.85333e-01       4.95657e-01
  214  2.14e-04      6.02763e-01       2.75514e-01       4.93680e-01
  215  2.15e-04      6.10176e-01       3.41507e-01       5.20620e-01
  216  2.16e-04      6.12291e-01       3.81275e-01       5.35286e-01
  217  2.17e-04      6.23403e-01       3.66275e-01       5.37693e-01
  218  2.18e-04      6.30368e-01       2.86384e-01       5.15707e-01
  219  2.19e-04      6.31204e-01       3.38986e-01       5.33798e-01
  220  2.20e-04      6.31918e-01       2.80648e-01       5.14828e-01
  221  2.21e-04      6.40109e-01       2.92279e-01       5.24166e-01
  222  2.22e-04      6.47326e-01       2.88175e-01       5.27609e-01
  223  2.23e-04      6.50282e-01       2.67404e-01       5.22656e-01
  224  2.24e-04      6.49462e-01       3.15493e-01       5.38139e-01
  225  2.25e-04      6.56536e-01       3.11602e-01       5.41558e-01
  226  2.26e-04      6.59747e-01       3.02797e-01       5.40764e-01
  227  2.27e-04      6.61770e-01       3.30355e-01       5.51298e-01
  228  2.28e-04      6.67207e-01       3.47935e-01       5.60783e-01
  229  2.29e-04      6.60442e-01       3.36399e-01       5.52428e-01
  230  2.30e-04      6.66543e-01       2.90271e-01       5.41119e-01
  231  2.31e-04      6.62963e-01       2.92999e-01       5.39642e-01
  232  2.32e-04      6.61359e-01       3.51550e-01       5.58090e-01
  233  2.33e-04      6.64486e-01       3.14099e-01       5.47690e-01
  234  2.34e-04      6.75370e-01       3.33982e-01       5.61574e-01
  235  2.35e-04      6.86621e-01       3.23103e-01       5.65448e-01
  236  2.36e-04      6.87865e-01       3.43992e-01       5.73241e-01
  237  2.37e-04      6.95955e-01       3.21870e-01       5.71260e-01
  238  2.38e-04      6.97168e-01       3.17170e-01       5.70502e-01
  239  2.39e-04      7.04371e-01       2.84659e-01       5.64467e-01
  240  2.40e-04      7.12593e-01       3.85635e-01       6.03607e-01
  241  2.41e-04      7.16588e-01       3.22958e-01       5.85378e-01
  242  2.42e-04      7.25324e-01       2.93036e-01       5.81228e-01
  243  2.43e-04      7.36090e-01       3.41995e-01       6.04725e-01
  244  2.44e-04      7.38685e-01       3.13370e-01       5.96913e-01
  245  2.45e-04      7.34365e-01       3.68940e-01       6.12557e-01
  246  2.46e-04      7.40349e-01       3.56684e-01       6.12461e-01
  247  2.47e-04      7.37229e-01       2.85565e-01       5.86674e-01
  248  2.48e-04      7.46482e-01       3.61260e-01       6.18075e-01
  249  2.49e-04      7.54809e-01       2.83627e-01       5.97748e-01
  250  2.50e-04      7.63954e-01       3.18313e-01       6.15407e-01
  251  2.51e-04      7.64947e-01       2.91492e-01       6.07129e-01
  252  2.52e-04      7.66052e-01       2.73580e-01       6.01895e-01
  253  2.53e-04      7.71990e-01       2.93201e-01       6.12394e-01
  254  2.54e-04      7.80988e-01       3.18237e-01       6.26738e-01
  255  2.55e-04      7.95782e-01       2.47202e-01       6.12922e-01
  256  2.56e-04      7.98162e-01       3.52296e-01       6.49540e-01
  257  2.57e-04      7.95383e-01       3.38845e-01       6.43204e-01
  258  2.58e-04      7.98413e-01       3.28425e-01       6.41750e-01
  259  2.59e-04      8.04790e-01       3.27755e-01       6.45778e-01
  260  2.60e-04      7.86351e-01       2.79037e-01       6.17246e-01
  261  2.61e-04      7.95794e-01       3.33154e-01       6.41580e-01
  262  2.62e-04      7.94446e-01       2.88889e-01       6.25927e-01
  263  2.63e-04      7.96247e-01       3.14098e-01       6.35531e-01
  264  2.64e-04      7.95310e-01       3.35122e-01       6.41914e-01
  265  2.65e-04      7.94072e-01       2.80045e-01       6.22730e-01
  266  2.66e-04      8.00787e-01       4.00120e-01       6.67231e-01
  267  2.67e-04      8.03479e-01       3.54641e-01       6.53866e-01
  268  2.68e-04      7.98732e-01       2.93339e-01       6.30268e-01
  269  2.69e-04      8.05862e-01       3.00205e-01       6.37310e-01
  270  2.70e-04      7.93565e-01       3.31535e-01       6.39555e-01
  271  2.71e-04      7.99171e-01       2.58056e-01       6.18799e-01
  272  2.72e-04      8.03205e-01       3.42670e-01       6.49693e-01
  273  2.73e-04      8.04002e-01       2.68448e-01       6.25484e-01
  274  2.74e-04      8.00756e-01       3.70237e-01       6.57249e-01
  275  2.75e-04      8.05815e-01       3.28970e-01       6.46866e-01
  276  2.76e-04      8.16458e-01       3.22009e-01       6.51642e-01
  277  2.77e-04      8.20108e-01       3.23101e-01       6.54439e-01
  278  2.78e-04      8.18346e-01       3.04346e-01       6.47013e-01
  279  2.79e-04      8.19052e-01       3.13649e-01       6.50584e-01
  280  2.80e-04      8.15192e-01       2.91066e-01       6.40483e-01
  281  2.81e-04      7.99851e-01       2.59233e-01       6.19645e-01
  282  2.82e-04      8.19836e-01       3.13263e-01       6.50978e-01
  283  2.83e-04      8.21916e-01       2.94220e-01       6.46018e-01
  284  2.84e-04      8.24531e-01       2.77812e-01       6.42292e-01
  285  2.85e-04      8.17498e-01       3.37799e-01       6.57599e-01
  286  2.86e-04      8.18211e-01       2.83281e-01       6.39901e-01
  287  2.87e-04      8.36135e-01       2.98210e-01       6.56827e-01
  288  2.88e-04      8.37963e-01       3.13994e-01       6.63307e-01
  289  2.89e-04      8.45110e-01       2.64570e-01       6.51597e-01
  290  2.90e-04      8.56959e-01       3.22227e-01       6.78715e-01
  291  2.91e-04      8.47175e-01       2.77521e-01       6.57290e-01
  292  2.92e-04      8.53445e-01       3.39091e-01       6.81994e-01
  293  2.93e-04      8.68741e-01       2.93012e-01       6.76831e-01
  294  2.94e-04      8.68612e-01       3.43933e-01       6.93719e-01
  295  2.95e-04      8.75187e-01       2.92510e-01       6.80962e-01
  296  2.96e-04      8.75953e-01       3.11126e-01       6.87677e-01
  297  2.97e-04      8.83202e-01       2.42083e-01       6.69496e-01
  298  2.98e-04      8.93003e-01       2.91068e-01       6.92358e-01
  299  2.99e-04      8.84660e-01       2.62111e-01       6.77143e-01
  300  3.00e-04      8.89449e-01       2.90599e-01       6.89832e-01
  301  3.01e-04      8.88023e-01       2.93839e-01       6.89962e-01
  302  3.02e-04      8.94883e-01       3.20186e-01       7.03318e-01
  303  3.03e-04      9.15167e-01       2.78798e-01       7.03044e-01
  304  3.04e-04      9.23637e-01       3.20269e-01       7.22515e-01
  305  3.05e-04      9.20436e-01       2.80217e-01       7.07030e-01
  306  3.06e-04      9.28451e-01       2.90860e-01       7.15920e-01
  307  3.07e-04      9.36789e-01       3.13642e-01       7.29073e-01
  308  3.08e-04      9.30944e-01       3.58025e-01       7.39971e-01
  309  3.09e-04      9.19608e-01       3.40352e-01       7.26523e-01
  310  3.10e-04      9.20695e-01       3.04235e-01       7.15209e-01
  311  3.11e-04      9.35567e-01       3.09297e-01       7.26810e-01
  312  3.12e-04      9.41634e-01       2.77486e-01       7.20251e-01
  313  3.13e-04      9.45353e-01       2.79480e-01       7.23396e-01
  314  3.14e-04      9.44702e-01       2.91370e-01       7.26925e-01
  315  3.15e-04      9.48000e-01       3.42082e-01       7.46028e-01
  316  3.16e-04      9.41577e-01       3.49131e-01       7.44095e-01
  317  3.17e-04      9.39936e-01       3.45433e-01       7.41768e-01
  318  3.18e-04      9.37822e-01       3.03650e-01       7.26431e-01
  319  3.19e-04      9.43593e-01       3.08118e-01       7.31768e-01
  320  3.20e-04      9.53917e-01       2.77809e-01       7.28548e-01
  321  3.21e-04      9.63844e-01       2.84329e-01       7.37339e-01
  322  3.22e-04      9.62412e-01       3.57921e-01       7.60915e-01
  323  3.23e-04      9.69609e-01       3.21651e-01       7.53623e-01
  324  3.24e-04      9.81157e-01       3.33021e-01       7.65112e-01
  325  3.25e-04      9.77819e-01       2.97618e-01       7.51086e-01
  326  3.26e-04      9.81852e-01       3.11392e-01       7.58366e-01
  327  3.27e-04      9.76783e-01       2.73795e-01       7.42454e-01
  328  3.28e-04      9.89193e-01       2.71879e-01       7.50088e-01
  329  3.29e-04      9.84180e-01       3.24283e-01       7.64215e-01
  330  3.30e-04      9.92584e-01       3.15483e-01       7.66883e-01
  331  3.31e-04      9.82737e-01       2.83583e-01       7.49686e-01
  332  3.32e-04      9.85415e-01       2.69811e-01       7.46880e-01
  333  3.33e-04      9.92227e-01       2.82124e-01       7.55526e-01
  334  3.34e-04      9.91950e-01       2.72632e-01       7.52177e-01
  335  3.35e-04      1.00207e+00       2.96512e-01       7.66885e-01
  336  3.36e-04      1.00180e+00       2.81104e-01       7.61565e-01
  337  3.37e-04      1.00081e+00       3.41929e-01       7.81182e-01
  338  3.38e-04      1.00900e+00       3.11353e-01       7.76452e-01
  339  3.39e-04      9.98039e-01       3.20391e-01       7.72157e-01
  340  3.40e-04      9.89574e-01       2.96290e-01       7.58479e-01
  341  3.41e-04      1.00483e+00       2.77662e-01       7.62441e-01
  342  3.42e-04      1.00937e+00       2.95394e-01       7.71381e-01
  343  3.43e-04      1.00368e+00       2.97106e-01       7.68156e-01
  344  3.44e-04      1.00257e+00       2.96508e-01       7.67213e-01
  345  3.45e-04      1.00304e+00       3.11412e-01       7.72499e-01
  346  3.46e-04      1.01061e+00       2.85817e-01       7.69009e-01
  347  3.47e-04      9.98777e-01       3.30398e-01       7.75984e-01
  348  3.48e-04      1.01208e+00       2.97956e-01       7.74039e-01
  349  3.49e-04      1.02215e+00       3.55259e-01       7.99851e-01
  350  3.50e-04      1.02129e+00       2.96953e-01       7.79848e-01
  351  3.51e-04      1.02859e+00       2.75043e-01       7.77407e-01
  352  3.52e-04      1.03538e+00       2.92003e-01       7.87587e-01
  353  3.53e-04      1.04513e+00       2.83873e-01       7.91375e-01
  354  3.54e-04      1.04581e+00       2.82489e-01       7.91370e-01
  355  3.55e-04      1.05381e+00       3.03311e-01       8.03642e-01
  356  3.56e-04      1.06352e+00       2.83634e-01       8.03555e-01
  357  3.57e-04      1.07485e+00       2.63031e-01       8.04246e-01
  358  3.58e-04      1.08019e+00       2.91715e-01       8.17368e-01
  359  3.59e-04      1.07944e+00       3.02738e-01       8.20542e-01
  360  3.60e-04      1.08516e+00       2.72448e-01       8.14255e-01
  361  3.61e-04      1.08763e+00       2.63980e-01       8.13078e-01
  362  3.62e-04      1.09467e+00       2.54426e-01       8.14590e-01
  363  3.63e-04      1.09406e+00       2.89962e-01       8.26025e-01
  364  3.64e-04      1.08924e+00       2.93832e-01       8.24107e-01
  365  3.65e-04      1.09025e+00       2.64060e-01       8.14855e-01
  366  3.66e-04      1.08505e+00       2.62914e-01       8.11004e-01
  367  3.67e-04      1.06169e+00       2.81037e-01       8.01469e-01
  368  3.68e-04      1.06252e+00       2.34363e-01       7.86469e-01
  369  3.69e-04      1.05887e+00       3.14504e-01       8.10746e-01
  370  3.70e-04      1.05614e+00       2.71306e-01       7.94529e-01
  371  3.71e-04      1.05401e+00       2.88024e-01       7.98680e-01
  372  3.72e-04      1.06132e+00       3.34960e-01       8.19198e-01
  373  3.73e-04      1.06729e+00       2.53703e-01       7.96092e-01
  374  3.74e-04      1.07201e+00       2.65808e-01       8.03279e-01
  375  3.75e-04      1.06558e+00       2.93030e-01       8.08065e-01
  376  3.76e-04      1.06324e+00       3.27846e-01       8.18108e-01
  377  3.77e-04      1.04645e+00       2.98109e-01       7.97004e-01
  378  3.78e-04      1.06027e+00       2.78890e-01       7.99809e-01
  379  3.79e-04      1.06165e+00       3.10311e-01       8.11205e-01
  380  3.80e-04      1.07156e+00       3.23296e-01       8.22138e-01
  381  3.81e-04      1.06553e+00       3.17730e-01       8.16262e-01
  382  3.82e-04      1.07671e+00       2.64613e-01       8.06013e-01
  383  3.83e-04      1.07853e+00       2.76593e-01       8.11217e-01
  384  3.84e-04      1.07563e+00       2.58847e-01       8.03369e-01
  385  3.85e-04      1.06975e+00       3.02404e-01       8.13966e-01
  386  3.86e-04      1.08370e+00       2.43536e-01       8.03643e-01
  387  3.87e-04      1.07250e+00       3.22587e-01       8.22530e-01
  388  3.88e-04      1.07054e+00       2.67643e-01       8.02911e-01
  389  3.89e-04      1.09519e+00       3.08236e-01       8.32871e-01
  390  3.90e-04      1.09216e+00       2.62613e-01       8.15647e-01
  391  3.91e-04      1.10114e+00       3.04770e-01       8.35681e-01
  392  3.92e-04      1.11104e+00       2.70432e-01       8.30835e-01
  393  3.93e-04      1.09325e+00       3.56779e-01       8.47758e-01
  394  3.94e-04      1.10171e+00       3.14060e-01       8.39159e-01
  395  3.95e-04      1.11402e+00       3.25737e-01       8.51257e-01
  396  3.96e-04      1.11618e+00       2.97987e-01       8.43451e-01
  397  3.97e-04      1.12220e+00       3.91740e-01       8.78716e-01
  398  3.98e-04      1.12291e+00       3.05844e-01       8.50554e-01
  399  3.99e-04      1.12621e+00       3.43616e-01       8.65348e-01
  400  4.00e-04      1.13420e+00       2.85929e-01       8.51443e-01
  401  4.01e-04      1.14141e+00       2.72601e-01       8.51809e-01
  402  4.02e-04      1.15859e+00       2.97943e-01       8.71708e-01
  403  4.03e-04      1.15782e+00       3.78683e-01       8.98107e-01
  404  4.04e-04      1.16054e+00       3.24986e-01       8.82022e-01
  405  4.05e-04      1.16244e+00       3.67111e-01       8.97330e-01
  406  4.06e-04      1.16851e+00       3.18237e-01       8.85087e-01
  407  4.07e-04      1.17652e+00       3.03792e-01       8.85610e-01
  408  4.08e-04      1.17784e+00       2.80385e-01       8.78685e-01
  409  4.09e-04      1.17023e+00       3.30183e-01       8.90212e-01
  410  4.10e-04      1.18215e+00       2.62734e-01       8.75680e-01
  411  4.11e-04      1.18801e+00       3.20603e-01       8.98877e-01
  412  4.12e-04      1.18638e+00       2.85706e-01       8.86155e-01
  413  4.13e-04      1.19128e+00       2.97985e-01       8.93516e-01
  414  4.14e-04      1.19440e+00       2.83894e-01       8.90897e-01
  415  4.15e-04      1.21442e+00       3.14813e-01       9.14549e-01
  416  4.16e-04      1.22669e+00       2.85586e-01       9.12989e-01
  417  4.17e-04      1.22963e+00       3.17219e-01       9.25492e-01
  418  4.18e-04      1.23037e+00       2.56370e-01       9.05706e-01
  419  4.19e-04      1.22848e+00       2.86417e-01       9.14459e-01
  420  4.20e-04      1.21594e+00       2.88161e-01       9.06677e-01
  421  4.21e-04      1.21383e+00       2.99795e-01       9.09154e-01
  422  4.22e-04      1.21963e+00       2.24564e-01       8.87942e-01
  423  4.23e-04      1.23102e+00       3.05752e-01       9.22599e-01
  424  4.24e-04      1.24616e+00       3.02725e-01       9.31683e-01
  425  4.25e-04      1.24681e+00       2.97922e-01       9.30515e-01
  426  4.26e-04      1.25512e+00       2.54798e-01       9.21678e-01
  427  4.27e-04      1.24705e+00       2.94538e-01       9.29544e-01
  428  4.28e-04      1.25478e+00       2.73158e-01       9.27574e-01
  429  4.29e-04      1.25721e+00       2.47730e-01       9.20717e-01
  430  4.30e-04      1.25931e+00       2.49534e-01       9.22721e-01
  431  4.31e-04      1.25732e+00       2.94164e-01       9.36265e-01
  432  4.32e-04      1.26252e+00       2.94246e-01       9.39759e-01
  433  4.33e-04      1.26887e+00       3.06014e-01       9.47918e-01
  434  4.34e-04      1.26450e+00       2.41761e-01       9.23584e-01
  435  4.35e-04      1.26762e+00       2.38506e-01       9.24585e-01
  436  4.36e-04      1.26399e+00       2.72661e-01       9.33544e-01
  437  4.37e-04      1.28016e+00       2.88235e-01       9.49520e-01
  438  4.38e-04      1.28719e+00       2.45846e-01       9.40072e-01
  439  4.39e-04      1.27170e+00       2.69210e-01       9.37535e-01
  440  4.40e-04      1.28498e+00       2.63239e-01       9.44399e-01
  441  4.41e-04      1.29026e+00       3.04710e-01       9.61742e-01
  442  4.42e-04      1.30843e+00       2.62075e-01       9.59647e-01
  443  4.43e-04      1.30057e+00       2.51540e-01       9.50896e-01
  444  4.44e-04      1.30975e+00       2.78260e-01       9.65917e-01
  445  4.45e-04      1.32408e+00       3.01943e-01       9.83370e-01
  446  4.46e-04      1.32841e+00       2.71163e-01       9.75991e-01
  447  4.47e-04      1.31783e+00       2.71124e-01       9.68927e-01
  448  4.48e-04      1.31596e+00       3.04955e-01       9.78955e-01
  449  4.49e-04      1.31124e+00       2.52904e-01       9.58464e-01
  450  4.50e-04      1.31875e+00       2.66144e-01       9.67882e-01
  451  4.51e-04      1.30772e+00       2.70768e-01       9.62067e-01
  452  4.52e-04      1.31785e+00       2.80172e-01       9.71957e-01
  453  4.53e-04      1.31266e+00       2.73665e-01       9.66331e-01
  454  4.54e-04      1.30827e+00       3.07036e-01       9.74527e-01
  455  4.55e-04      1.32902e+00       2.46468e-01       9.68169e-01
  456  4.56e-04      1.32530e+00       2.52781e-01       9.67795e-01
  457  4.57e-04      1.32421e+00       2.72613e-01       9.73677e-01
  458  4.58e-04      1.32772e+00       2.80378e-01       9.78609e-01
  459  4.59e-04      1.33391e+00       2.82673e-01       9.83495e-01
  460  4.60e-04      1.34715e+00       2.56547e-01       9.83618e-01
  461  4.61e-04      1.36088e+00       3.07177e-01       1.00965e+00
  462  4.62e-04      1.36751e+00       3.08892e-01       1.01464e+00
  463  4.63e-04      1.38141e+00       2.90897e-01       1.01790e+00
  464  4.64e-04      1.38710e+00       3.22873e-01       1.03236e+00
  465  4.65e-04      1.38703e+00       2.94451e-01       1.02284e+00
  466  4.66e-04      1.38393e+00       2.68376e-01       1.01208e+00
  467  4.67e-04      1.37767e+00       2.77361e-01       1.01090e+00
  468  4.68e-04      1.38418e+00       2.79175e-01       1.01584e+00
  469  4.69e-04      1.37665e+00       2.38933e-01       9.97414e-01
  470  4.70e-04      1.37280e+00       3.65054e-01       1.03688e+00
  471  4.71e-04      1.38248e+00       3.42473e-01       1.03581e+00
  472  4.72e-04      1.36657e+00       3.25736e-01       1.01963e+00
  473  4.73e-04      1.36461e+00       2.91759e-01       1.00699e+00
  474  4.74e-04      1.37359e+00       3.48599e-01       1.03192e+00
  475  4.75e-04      1.38336e+00       3.28282e-01       1.03167e+00
  476  4.76e-04      1.38481e+00       3.03770e-01       1.02446e+00
  477  4.77e-04      1.39203e+00       2.76388e-01       1.02015e+00
  478  4.78e-04      1.38681e+00       3.12026e-01       1.02855e+00
  479  4.79e-04      1.39252e+00       3.54297e-01       1.04644e+00
  480  4.80e-04      1.38754e+00       3.06384e-01       1.02715e+00
  481  4.81e-04      1.38804e+00       3.18553e-01       1.03154e+00
  482  4.82e-04      1.40287e+00       2.82229e-01       1.02932e+00
  483  4.83e-04      1.39904e+00       3.32375e-01       1.04349e+00
  484  4.84e-04      1.39160e+00       2.89043e-01       1.02408e+00
  485  4.85e-04      1.40553e+00       3.26440e-01       1.04583e+00
  486  4.86e-04      1.41375e+00       3.26746e-01       1.05142e+00
  487  4.87e-04      1.40718e+00       3.29988e-01       1.04812e+00
  488  4.88e-04      1.41104e+00       3.29546e-01       1.05054e+00
  489  4.89e-04      1.39757e+00       2.88676e-01       1.02794e+00
  490  4.90e-04      1.39543e+00       3.03280e-01       1.03138e+00
  491  4.91e-04      1.39554e+00       2.87694e-01       1.02626e+00
  492  4.92e-04      1.40456e+00       3.22588e-01       1.04390e+00
  493  4.93e-04      1.40495e+00       2.84143e-01       1.03135e+00
  494  4.94e-04      1.40801e+00       3.03435e-01       1.03982e+00
  495  4.95e-04      1.41811e+00       2.91090e-01       1.04244e+00
  496  4.96e-04      1.41403e+00       3.08889e-01       1.04565e+00
  497  4.97e-04      1.42361e+00       2.61254e-01       1.03616e+00
  498  4.98e-04      1.42405e+00       2.91929e-01       1.04668e+00
  499  4.99e-04      1.43391e+00       2.84129e-01       1.05065e+00
