Delta = 7.895e-01 gamma
 step      t        T_in_plane/mK   T_out_of_plane/mK   T_tot/mK
    0  0.00e+00      1.88638e-29       0.00000e+00       1.25759e-29
    1  1.00e-05      3.70791e-02       4.65132e-02       4.02238e-02
    2  2.00e-05      7.28224e-02       8.66289e-02       7.74246e-02
    3  3.00e-05      1.13553e-01       1.12039e-01       1.13048e-01
    4  4.00e-05      1.38191e-01       1.39892e-01       1.38758e-01
    5  5.00e-05      1.73316e-01       1.72451e-01       1.73028e-01
    6  6.00e-05      1.94008e-01       1.80107e-01       1.89374e-01
    7  7.00e-05      2.34977e-01       2.34374e-01       2.34776e-01
    8  8.00e-05      2.61170e-01       2.36987e-01       2.53109e-01
    9  9.00e-05      2.89718e-01       2.44108e-01       2.74514e-01
   10  1.00e-04      3.31751e-01       2.77743e-01       3.13748e-01
   11  1.10e-04      3.63106e-01       2.57528e-01       3.27914e-01
   12  1.20e-04      4.07765e-01       2.63289e-01       3.59606e-01
   13  1.30e-04      4.62450e-01       2.79754e-01       4.01551e-01
   14  1.40e-04      4.59927e-01       2.03845e-01       3.74566e-01
   15  1.50e-04      5.20846e-01       2.98864e-01       4.46852e-01
   16  1.60e-04      5.58102e-01       3.10227e-01       4.75477e-01
   17  1.70e-04      5.71811e-01       2.73311e-01       4.72311e-01
   18  1.80e-04      6.25369e-01       2.88424e-01       5.13054e-01
   19  1.90e-04      6.52113e-01       2.66734e-01       5.23653e-01
   20  2.00e-04      6.62626e-01       2.39060e-01       5.21437e-01
   21  2.10e-04      7.05281e-01       2.74128e-01       5.61563e-01
   22  2.20e-04      7.45477e-01       2.12558e-01       5.67837e-01
   23  2.30e-04      7.79624e-01       2.89041e-01       6.16096e-01
   24  2.40e-04      8.05223e-01       2.56239e-01       6.22228e-01
   25  2.50e-04      8.39056e-01       2.95328e-01       6.57813e-01
   26  2.60e-04      8.81965e-01       3.32634e-01       6.98855e-01
   27  2.70e-04      9.33939e-01       2.80018e-01       7.15965e-01
   28  2.80e-04      9.42069e-01       2.74013e-01       7.19384e-01
   29  2.90e-04      9.60751e-01       3.03171e-01       7.41558e-01
   30  3.00e-04      9.98449e-01       2.73623e-01       7.56840e-01
   31  3.10e-04      1.05081e+00       3.03290e-01       8.01636e-01
   32  3.20e-04      1.01565e+00       2.85365e-01       7.72224e-01
   33  3.30e-04      1.05131e+00       2.73208e-01       7.91942e-01
   34  3.40e-04      1.05373e+00       2.74915e-01       7.94123e-01
   35  3.50e-04      1.09414e+00       2.53903e-01       8.14062e-01
   36  3.60e-04      1.10768e+00       3.04672e-01       8.40008e-01
   37  3.70e-04      1.15865e+00       3.20063e-01       8.79119e-01
   38  3.80e-04      1.21363e+00       3.33012e-01       9.20090e-01
   39  3.90e-04      1.21089e+00       2.84545e-01       9.02108e-01
   40  4.00e-04      1.21381e+00       4.07439e-01       9.45018e-01
   41  4.10e-04      1.29584e+00       3.34033e-01       9.75237e-01
   42  4.20e-04      1.32692e+00       3.99385e-01       1.01774e+00
   43  4.30e-04      1.35651e+00       3.13213e-01       1.00874e+00
   44  4.40e-04      1.41967e+00       3.30878e-01       1.05674e+00
   45  4.50e-04      1.44820e+00       2.60186e-01       1.05220e+00
   46  4.60e-04      1.42340e+00       3.37889e-01       1.06156e+00
   47  4.70e-04      1.44005e+00       3.33215e-01       1.07110e+00
   48  4.80e-04      1.49061e+00       3.69864e-01       1.11703e+00
   49  4.90e-04      1.51505e+00       2.79263e-01       1.10312e+00
   50  5.00e-04      1.57462e+00       3.21524e-01       1.15692e+00
   51  5.10e-04      1.58596e+00       3.16011e-01       1.16265e+00
   52  5.20e-04      1.63925e+00       2.82815e-01       1.18710e+00
   53  5.30e-04      1.66387e+00       2.61450e-01       1.19640e+00
   54  5.40e-04      1.69473e+00       2.73280e-01       1.22092e+00
   55  5.50e-04      1.75570e+00       2.65536e-01       1.25898e+00
   56  5.60e-04      1.78087e+00       2.55379e-01       1.27237e+00
   57  5.70e-04      1.82057e+00       3.13283e-01       1.31814e+00
   58  5.80e-04      1.84601e+00       3.62100e-01       1.35137e+00
   59  5.90e-04      1.90151e+00       3.18548e-01       1.37386e+00
   60  6.00e-04      1.93746e+00       2.79172e-01       1.38470e+00
   61  6.10e-04      1.92088e+00       2.83896e-01       1.37522e+00
   62  6.20e-04      2.02969e+00       3.22542e-01       1.46064e+00
   63  6.30e-04      2.03538e+00       3.85824e-01       1.48553e+00
   64  6.40e-04      2.07929e+00       3.86023e-01       1.51487e+00
   65  6.50e-04      2.10279e+00       3.05085e-01       1.50356e+00
   66  6.60e-04      2.13017e+00       3.92183e-01       1.55084e+00
   67  6.70e-04      2.18049e+00       3.20853e-01       1.56061e+00
   68  6.80e-04      2.23936e+00       3.31953e-01       1.60356e+00
   69  6.90e-04      2.28827e+00       2.32669e-01       1.60307e+00
   70  7.00e-04      2.34367e+00       2.43427e-01       1.64359e+00
   71  7.10e-04      2.39088e+00       2.63518e-01       1.68176e+00
   72  7.20e-04      2.44428e+00       2.96147e-01       1.72824e+00
   73  7.30e-04      2.42154e+00       2.74326e-01       1.70581e+00
   74  7.40e-04      2.40007e+00       2.55519e-01       1.68522e+00
   75  7.50e-04      2.45339e+00       2.43474e-01       1.71675e+00
   76  7.60e-04      2.54325e+00       2.54776e-01       1.78042e+00
   77  7.70e-04      2.60948e+00       3.08039e-01       1.84233e+00
   78  7.80e-04      2.63307e+00       2.55305e-01       1.84048e+00
   79  7.90e-04      2.64653e+00       2.60264e-01       1.85111e+00
   80  8.00e-04      2.70755e+00       2.93382e-01       1.90283e+00
   81  8.10e-04      2.69119e+00       2.92212e-01       1.89153e+00
   82  8.20e-04      2.77472e+00       3.07314e-01       1.95225e+00
   83  8.30e-04      2.83591e+00       2.47872e-01       1.97323e+00
   84  8.40e-04      2.84046e+00       2.88523e-01       1.98981e+00
   85  8.50e-04      2.83606e+00       3.44668e-01       2.00560e+00
   86  8.60e-04      2.93072e+00       3.07449e-01       2.05630e+00
   87  8.70e-04      3.00732e+00       2.39286e-01       2.08464e+00
   88  8.80e-04      3.08975e+00       3.02578e-01       2.16069e+00
   89  8.90e-04      3.16722e+00       3.19645e-01       2.21803e+00
   90  9.00e-04      3.19459e+00       2.89470e-01       2.22621e+00
   91  9.10e-04      3.29689e+00       2.82908e-01       2.29223e+00
   92  9.20e-04      3.32842e+00       2.60912e-01       2.30592e+00
   93  9.30e-04      3.34833e+00       2.67772e-01       2.32148e+00
   94  9.40e-04      3.33378e+00       2.60662e-01       2.30941e+00
   95  9.50e-04      3.39110e+00       2.81172e-01       2.35446e+00
   96  9.60e-04      3.41699e+00       2.62648e-01       2.36555e+00
   97  9.70e-04      3.53083e+00       2.17951e-01       2.42654e+00
   98  9.80e-04      3.53581e+00       2.75421e-01       2.44902e+00
   99  9.90e-04      3.61689e+00       3.26529e-01       2.52010e+00
  100  1.00e-03      3.67085e+00       3.10818e-01       2.55084e+00
  101  1.01e-03      3.72024e+00       2.52123e-01       2.56420e+00
  102  1.02e-03      3.71504e+00       2.99402e-01       2.57649e+00
  103  1.03e-03      3.78167e+00       2.98921e-01       2.62075e+00
  104  1.04e-03      3.82334e+00       2.95801e-01       2.64749e+00
  105  1.05e-03      3.90620e+00       3.27404e-01       2.71327e+00
  106  1.06e-03      3.96592e+00       2.90635e-01       2.74082e+00
  107  1.07e-03      3.97613e+00       2.72392e-01       2.74155e+00
  108  1.08e-03      4.10939e+00       2.69939e-01       2.82957e+00
  109  1.09e-03      4.27791e+00       2.49374e-01       2.93506e+00
  110  1.10e-03      4.28739e+00       3.28993e-01       2.96793e+00
  111  1.11e-03      4.38466e+00       3.01747e-01       3.02369e+00
  112  1.12e-03      4.41961e+00       3.11610e-01       3.05028e+00
  113  1.13e-03      4.51173e+00       3.01749e-01       3.10840e+00
  114  1.14e-03      4.52038e+00       2.29289e-01       3.09002e+00
  115  1.15e-03      4.47034e+00       2.87265e-01       3.07598e+00
  116  1.16e-03      4.45051e+00       3.17972e-01       3.07299e+00
  117  1.17e-03      4.48299e+00       2.89243e-01       3.08507e+00
  118  1.18e-03      4.50691e+00       3.70105e-01       3.12798e+00
  119  1.19e-03      4.50720e+00       3.85457e-01       3.13329e+00
  120  1.20e-03      4.51005e+00       3.31510e-01       3.11720e+00
  121  1.21e-03      4.43193e+00       3.49110e-01       3.07099e+00
  122  1.22e-03      4.43581e+00       2.95760e-01       3.05579e+00
  123  1.23e-03      4.37176e+00       3.11849e-01       3.01846e+00
  124  1.24e-03      4.50593e+00       2.72314e-01       3.09473e+00
  125  1.25e-03      4.61868e+00       3.10594e-01       3.18265e+00
  126  1.26e-03      4.77999e+00       2.74180e-01       3.27805e+00
  127  1.27e-03      4.75875e+00       2.92138e-01       3.26988e+00
  128  1.28e-03      4.80461e+00       2.42761e-01       3.28399e+00
  129  1.29e-03      4.89614e+00       2.30129e-01       3.34080e+00
  130  1.30e-03      4.97691e+00       2.47470e-01       3.40043e+00
  131  1.31e-03      5.03484e+00       2.55694e-01       3.44179e+00
  132  1.32e-03      5.05284e+00       2.89693e-01       3.46512e+00
  133  1.33e-03      5.12120e+00       2.48320e-01       3.49690e+00
  134  1.34e-03      5.10493e+00       2.51148e-01       3.48701e+00
  135  1.35e-03      5.23999e+00       2.86877e-01       3.58895e+00
  136  1.36e-03      5.26957e+00       2.94709e-01       3.61128e+00
  137  1.37e-03      5.25874e+00       3.09308e-01       3.60893e+00
  138  1.38e-03      5.31077e+00       3.45967e-01       3.65584e+00
  139  1.39e-03      5.29004e+00       3.06811e-01       3.62896e+00
  140  1.40e-03      5.31102e+00       3.24852e-01       3.64896e+00
  141  1.41e-03      5.32527e+00       3.06227e-01       3.65226e+00
  142  1.42e-03      5.40980e+00       3.48781e-01       3.72279e+00
  143  1.43e-03      5.39160e+00       3.29202e-01       3.70413e+00
  144  1.44e-03      5.49248e+00       3.51990e-01       3.77898e+00
  145  1.45e-03      5.58527e+00       3.22210e-01       3.83092e+00
  146  1.46e-03      5.51833e+00       3.52576e-01       3.79641e+00
  147  1.47e-03      5.59246e+00       3.52868e-01       3.84593e+00
  148  1.48e-03      5.54026e+00       3.50830e-01       3.81045e+00
  149  1.49e-03      5.45986e+00       3.26194e-01       3.74864e+00
  150  1.50e-03      5.48748e+00       3.00881e-01       3.75861e+00
  151  1.51e-03      5.45075e+00       3.23897e-01       3.74180e+00
  152  1.52e-03      5.42476e+00       3.07757e-01       3.71909e+00
  153  1.53e-03      5.61230e+00       3.36139e-01       3.85358e+00
  154  1.54e-03      5.60766e+00       3.36628e-01       3.85065e+00
  155  1.55e-03      5.66040e+00       3.25995e-01       3.88226e+00
  156  1.56e-03      5.66057e+00       3.39228e-01       3.88679e+00
  157  1.57e-03      5.80362e+00       2.63783e-01       3.95701e+00
  158  1.58e-03      5.88612e+00       3.00409e-01       4.02422e+00
  159  1.59e-03      6.04246e+00       2.57811e-01       4.11424e+00
  160  1.60e-03      6.17781e+00       2.01933e-01       4.18585e+00
  161  1.61e-03      6.18517e+00       3.04890e-01       4.22508e+00
  162  1.62e-03      6.26641e+00       2.22863e-01       4.25189e+00
  163  1.63e-03      6.38530e+00       2.64572e-01       4.34506e+00
  164  1.64e-03      6.53530e+00       2.93600e-01       4.45473e+00
  165  1.65e-03      6.50256e+00       2.49228e-01       4.41812e+00
  166  1.66e-03      6.51662e+00       2.59401e-01       4.43088e+00
  167  1.67e-03      6.59341e+00       2.60224e-01       4.48235e+00
  168  1.68e-03      6.62972e+00       2.67951e-01       4.50913e+00
  169  1.69e-03      6.68209e+00       2.69175e-01       4.54445e+00
  170  1.70e-03      6.76222e+00       2.55049e-01       4.59316e+00
  171  1.71e-03      6.83570e+00       3.02362e-01       4.65792e+00
  172  1.72e-03      6.89079e+00       2.53286e-01       4.67829e+00
  173  1.73e-03      6.93525e+00       2.86335e-01       4.71895e+00
  174  1.74e-03      7.03517e+00       2.86943e-01       4.78576e+00
  175  1.75e-03      7.14979e+00       3.47681e-01       4.88242e+00
  176  1.76e-03      7.17890e+00       2.46735e-01       4.86818e+00
  177  1.77e-03      7.27781e+00       3.03243e-01       4.95295e+00
  178  1.78e-03      7.36728e+00       3.35839e-01       5.02347e+00
  179  1.79e-03      7.43027e+00       3.45036e-01       5.06853e+00
  180  1.80e-03      7.47233e+00       3.09497e-01       5.08472e+00
  181  1.81e-03      7.55820e+00       3.21694e-01       5.14603e+00
  182  1.82e-03      7.65515e+00       4.05164e-01       5.23849e+00
  183  1.83e-03      7.56056e+00       3.74444e-01       5.16519e+00
  184  1.84e-03      7.59490e+00       4.08153e-01       5.19932e+00
  185  1.85e-03      7.65611e+00       3.04195e-01       5.20547e+00
  186  1.86e-03      7.67393e+00       3.32501e-01       5.22679e+00
  187  1.87e-03      7.70836e+00       3.53194e-01       5.25664e+00
  188  1.88e-03      7.63489e+00       3.58420e-01       5.20940e+00
  189  1.89e-03      7.71856e+00       3.28252e-01       5.25512e+00
  190  1.90e-03      7.73732e+00       3.70057e-01       5.28157e+00
  191  1.91e-03      7.76642e+00       3.53738e-01       5.29553e+00
  192  1.92e-03      7.83175e+00       2.96064e-01       5.31985e+00
  193  1.93e-03      7.94409e+00       2.86694e-01       5.39162e+00
  194  1.94e-03      7.94948e+00       3.47645e-01       5.41553e+00
  195  1.95e-03      8.05866e+00       3.04080e-01       5.47380e+00
  196  1.96e-03      8.06277e+00       3.07876e-01       5.47781e+00
  197  1.97e-03      8.09461e+00       2.86160e-01       5.49180e+00
  198  1.98e-03      8.08555e+00       2.57283e-01       5.47612e+00
  199  1.99e-03      8.15950e+00       2.67855e-01       5.52895e+00
  200  2.00e-03      8.31147e+00       2.58972e-01       5.62730e+00
  201  2.01e-03      8.43133e+00       2.30222e-01       5.69763e+00
  202  2.02e-03      8.51710e+00       2.40055e-01       5.75808e+00
  203  2.03e-03      8.43564e+00       2.30882e-01       5.70072e+00
  204  2.04e-03      8.49095e+00       2.24143e-01       5.73535e+00
  205  2.05e-03      8.54836e+00       2.85693e-01       5.79414e+00
  206  2.06e-03      8.54250e+00       2.75410e-01       5.78680e+00
  207  2.07e-03      8.46854e+00       2.70127e-01       5.73574e+00
  208  2.08e-03      8.45927e+00       2.93537e-01       5.73736e+00
  209  2.09e-03      8.49473e+00       3.05625e-01       5.76503e+00
  210  2.10e-03      8.64626e+00       2.70756e-01       5.85442e+00
  211  2.11e-03      8.72065e+00       2.72768e-01       5.90469e+00
  212  2.12e-03      8.84339e+00       2.85698e-01       5.99083e+00
  213  2.13e-03      8.97697e+00       2.73893e-01       6.07595e+00
  214  2.14e-03      9.00841e+00       2.60897e-01       6.09257e+00
  215  2.15e-03      9.13515e+00       2.91032e-01       6.18711e+00
  216  2.16e-03      9.04910e+00       2.96125e-01       6.13144e+00
  217  2.17e-03      9.01427e+00       2.81955e-01       6.10350e+00
  218  2.18e-03      9.00166e+00       3.04532e-01       6.10262e+00
  219  2.19e-03      9.00297e+00       2.93694e-01       6.09988e+00
  220  2.20e-03      9.06715e+00       2.71863e-01       6.13539e+00
  221  2.21e-03      8.88948e+00       2.24541e-01       6.00117e+00
  222  2.22e-03      8.94162e+00       3.22868e-01       6.06870e+00
  223  2.23e-03      8.97547e+00       2.64078e-01       6.07167e+00
  224  2.24e-03      9.07570e+00       2.80706e-01       6.14403e+00
  225  2.25e-03      9.06176e+00       2.43882e-01       6.12247e+00
  226  2.26e-03      9.16808e+00       2.26260e-01       6.18747e+00
  227  2.27e-03      9.32392e+00       2.45699e-01       6.29785e+00
  228  2.28e-03      9.48240e+00       2.72614e-01       6.41247e+00
  229  2.29e-03      9.56589e+00       2.72751e-01       6.46818e+00
  230  2.30e-03      9.54471e+00       2.75095e-01       6.45484e+00
  231  2.31e-03      9.57371e+00       2.70461e-01       6.47263e+00
  232  2.32e-03      9.50106e+00       2.77063e-01       6.42640e+00
  233  2.33e-03      9.63224e+00       2.79903e-01       6.51479e+00
  234  2.34e-03      9.62583e+00       3.10748e-01       6.52080e+00
  235  2.35e-03      9.57628e+00       2.79656e-01       6.47741e+00
  236  2.36e-03      9.58009e+00       2.70652e-01       6.47694e+00
  237  2.37e-03      9.71458e+00       2.68928e-01       6.56603e+00
  238  2.38e-03      9.75788e+00       2.78104e-01       6.59795e+00
  239  2.39e-03      9.71502e+00       2.20714e-01       6.55025e+00
  240  2.40e-03      9.71620e+00       2.45413e-01       6.55927e+00
  241  2.41e-03      9.80453e+00       2.60642e-01       6.62323e+00
  242  2.42e-03      9.87817e+00       2.93820e-01       6.68339e+00
  243  2.43e-03      1.00459e+01       3.01153e-01       6.79763e+00
  244  2.44e-03      1.00166e+01       2.81153e-01       6.77147e+00
  245  2.45e-03      9.94717e+00       2.60294e-01       6.71821e+00
  246  2.46e-03      1.00191e+01       2.80607e-01       6.77293e+00
  247  2.47e-03      1.01198e+01       3.21378e-01       6.85368e+00
  248  2.48e-03      1.02601e+01       2.76347e-01       6.93219e+00
  249  2.49e-03      1.02753e+01       2.41537e-01       6.93069e+00
  250  2.50e-03      1.03537e+01       3.01419e-01       7.00292e+00
  251  2.51e-03      1.04175e+01       3.05550e-01       7.04686e+00
  252  2.52e-03      1.05619e+01       3.34068e-01       7.15261e+00
  253  2.53e-03      1.06098e+01       3.45116e-01       7.18825e+00
  254  2.54e-03      1.06297e+01       2.58429e-01       7.17263e+00
  255  2.55e-03      1.07254e+01       3.08754e-01       7.25318e+00
  256  2.56e-03      1.08581e+01       2.37972e-01       7.31805e+00
  257  2.57e-03      1.07956e+01       2.95852e-01       7.29571e+00
  258  2.58e-03      1.10499e+01       2.94010e-01       7.46463e+00
  259  2.59e-03      1.09164e+01       3.18684e-01       7.38385e+00
  260  2.60e-03      1.09703e+01       2.72814e-01       7.40448e+00
  261  2.61e-03      1.09155e+01       2.55233e-01       7.36211e+00
  262  2.62e-03      1.09965e+01       3.21051e-01       7.43804e+00
  263  2.63e-03      1.10451e+01       2.88790e-01       7.45964e+00
  264  2.64e-03      1.10802e+01       2.87340e-01       7.48257e+00
  265  2.65e-03      1.11917e+01       2.92774e-01       7.55871e+00
  266  2.66e-03      1.11146e+01       2.70934e-01       7.50007e+00
  267  2.67e-03      1.13105e+01       2.85596e-01       7.63554e+00
  268  2.68e-03      1.14177e+01       3.50670e-01       7.72871e+00
  269  2.69e-03      1.15534e+01       3.13708e-01       7.80684e+00
  270  2.70e-03      1.15261e+01       3.43971e-01       7.79873e+00
  271  2.71e-03      1.16670e+01       2.93142e-01       7.87574e+00
  272  2.72e-03      1.18207e+01       2.76099e-01       7.97251e+00
  273  2.73e-03      1.18858e+01       2.96630e-01       8.02275e+00
  274  2.74e-03      1.19003e+01       2.57661e-01       8.01941e+00
  275  2.75e-03      1.17509e+01       2.82496e-01       7.92808e+00
  276  2.76e-03      1.19143e+01       3.12722e-01       8.04710e+00
  277  2.77e-03      1.19427e+01       2.79305e-01       8.05490e+00
  278  2.78e-03      1.18800e+01       3.10219e-01       8.02340e+00
  279  2.79e-03      1.18300e+01       2.33232e-01       7.96440e+00
  280  2.80e-03      1.17418e+01       2.98624e-01       7.92739e+00
  281  2.81e-03      1.18653e+01       2.67931e-01       7.99951e+00
  282  2.82e-03      1.18805e+01       3.23288e-01       8.02811e+00
  283  2.83e-03      1.19272e+01       2.58882e-01       8.03777e+00
  284  2.84e-03      1.19197e+01       2.38897e-01       8.02608e+00
  285  2.85e-03      1.19253e+01       2.99935e-01       8.05020e+00
  286  2.86e-03      1.19149e+01       3.16037e-01       8.04863e+00
  287  2.87e-03      1.19775e+01       3.32189e-01       8.09574e+00
  288  2.88e-03      1.20195e+01       2.62673e-01       8.10057e+00
  289  2.89e-03      1.20197e+01       2.45360e-01       8.09495e+00
  290  2.90e-03      1.20740e+01       2.83995e-01       8.14400e+00
  291  2.91e-03      1.21315e+01       2.54265e-01       8.17243e+00
  292  2.92e-03      1.21797e+01       2.53485e-01       8.20432e+00
  293  2.93e-03      1.21860e+01       3.30461e-01       8.23414e+00
  294  2.94e-03      1.21803e+01       2.95607e-01       8.21875e+00
  295  2.95e-03      1.21601e+01       2.71607e-01       8.19725e+00
  296  2.96e-03      1.21902e+01       2.64112e-01       8.21485e+00
  297  2.97e-03      1.23836e+01       2.91722e-01       8.35294e+00
  298  2.98e-03      1.25249e+01       3.15787e-01       8.45521e+00
  299  2.99e-03      1.25443e+01       2.86318e-01       8.45828e+00
  300  3.00e-03      1.26192e+01       2.54395e-01       8.49760e+00
  301  3.01e-03      1.26703e+01       3.09919e-01       8.55015e+00
  302  3.02e-03      1.26361e+01       3.31111e-01       8.53441e+00
  303  3.03e-03      1.28184e+01       3.73528e-01       8.67010e+00
  304  3.04e-03      1.26779e+01       3.60355e-01       8.57206e+00
  305  3.05e-03      1.28735e+01       3.29722e-01       8.69224e+00
  306  3.06e-03      1.27803e+01       3.06816e-01       8.62247e+00
  307  3.07e-03      1.27699e+01       2.68212e-01       8.60267e+00
  308  3.08e-03      1.27493e+01       2.86199e-01       8.59492e+00
  309  3.09e-03      1.27455e+01       3.31232e-01       8.60742e+00
  310  3.10e-03      1.28259e+01       3.01154e-01       8.65100e+00
  311  3.11e-03      1.29904e+01       3.01336e-01       8.76070e+00
  312  3.12e-03      1.32424e+01       3.51893e-01       8.94558e+00
  313  3.13e-03      1.33691e+01       3.13179e-01       9.01713e+00
  314  3.14e-03      1.34566e+01       2.64045e-01       9.05910e+00
  315  3.15e-03      1.34664e+01       3.34095e-01       9.08900e+00
  316  3.16e-03      1.35906e+01       3.20630e-01       9.16728e+00
  317  3.17e-03      1.36775e+01       3.00632e-01       9.21854e+00
  318  3.18e-03      1.36169e+01       2.92778e-01       9.17549e+00
  319  3.19e-03      1.37634e+01       2.60234e-01       9.26238e+00
  320  3.20e-03      1.39114e+01       3.29921e-01       9.38424e+00
  321  3.21e-03      1.38957e+01       2.44796e-01       9.34539e+00
  322  3.22e-03      1.41148e+01       2.77395e-01       9.50236e+00
  323  3.23e-03      1.42646e+01       2.41477e-01       9.59022e+00
  324  3.24e-03      1.45562e+01       2.94696e-01       9.80240e+00
  325  3.25e-03      1.44230e+01       2.33286e-01       9.69307e+00
  326  3.26e-03      1.43156e+01       1.99292e-01       9.61015e+00
  327  3.27e-03      1.43139e+01       2.52286e-01       9.62670e+00
  328  3.28e-03      1.41710e+01       2.44873e-01       9.52898e+00
  329  3.29e-03      1.43619e+01       2.18477e-01       9.64746e+00
  330  3.30e-03      1.43397e+01       2.07435e-01       9.62892e+00
  331  3.31e-03      1.43983e+01       2.21432e-01       9.67269e+00
  332  3.32e-03      1.44440e+01       2.96186e-01       9.72809e+00
  333  3.33e-03      1.44486e+01       2.54744e-01       9.71735e+00
  334  3.34e-03      1.47037e+01       2.82325e-01       9.89657e+00
  335  3.35e-03      1.48258e+01       2.87790e-01       9.97976e+00
  336  3.36e-03      1.50046e+01       2.73775e-01       1.00944e+01
  337  3.37e-03      1.50086e+01       2.79563e-01       1.00989e+01
  338  3.38e-03      1.49999e+01       2.35210e-01       1.00783e+01
  339  3.39e-03      1.49711e+01       2.98881e-01       1.00804e+01
  340  3.40e-03      1.49740e+01       2.27299e-01       1.00584e+01
  341  3.41e-03      1.50129e+01       2.25997e-01       1.00839e+01
  342  3.42e-03      1.50939e+01       2.04690e-01       1.01308e+01
  343  3.43e-03      1.52510e+01       2.51186e-01       1.02511e+01
  344  3.44e-03      1.51687e+01       2.44717e-01       1.01940e+01
  345  3.45e-03      1.52919e+01       2.54402e-01       1.02794e+01
  346  3.46e-03      1.53336e+01       2.86498e-01       1.03179e+01
  347  3.47e-03      1.53392e+01       2.54446e-01       1.03110e+01
  348  3.48e-03      1.52349e+01       2.98933e-01       1.02563e+01
  349  3.49e-03      1.53044e+01       3.06011e-01       1.03049e+01
  350  3.50e-03      1.55665e+01       2.67886e-01       1.04670e+01
  351  3.51e-03      1.56522e+01       3.31771e-01       1.05454e+01
  352  3.52e-03      1.55950e+01       3.34184e-01       1.05081e+01
  353  3.53e-03      1.55781e+01       3.69150e-01       1.05084e+01
  354  3.54e-03      1.56447e+01       2.84423e-01       1.05246e+01
  355  3.55e-03      1.55055e+01       2.88501e-01       1.04331e+01
  356  3.56e-03      1.55285e+01       3.25595e-01       1.04609e+01
  357  3.57e-03      1.55118e+01       2.94967e-01       1.04396e+01
  358  3.58e-03      1.54832e+01       3.36057e-01       1.04341e+01
  359  3.59e-03      1.53697e+01       2.66824e-01       1.03354e+01
  360  3.60e-03      1.52426e+01       2.78074e-01       1.02544e+01
  361  3.61e-03      1.53855e+01       3.10506e-01       1.03605e+01
  362  3.62e-03      1.55036e+01       2.92550e-01       1.04333e+01
  363  3.63e-03      1.56145e+01       3.20531e-01       1.05165e+01
  364  3.64e-03      1.56705e+01       3.28310e-01       1.05565e+01
  365  3.65e-03      1.58355e+01       3.44660e-01       1.06719e+01
  366  3.66e-03      1.56996e+01       2.68385e-01       1.05558e+01
  367  3.67e-03      1.59665e+01       3.32805e-01       1.07553e+01
  368  3.68e-03      1.60058e+01       2.72617e-01       1.07614e+01
  369  3.69e-03      1.60164e+01       3.43913e-01       1.07923e+01
  370  3.70e-03      1.61922e+01       3.47814e-01       1.09107e+01
  371  3.71e-03      1.61132e+01       2.38979e-01       1.08218e+01
  372  3.72e-03      1.61933e+01       3.06392e-01       1.08976e+01
  373  3.73e-03      1.61796e+01       2.74710e-01       1.08780e+01
  374  3.74e-03      1.63051e+01       2.97893e-01       1.09694e+01
  375  3.75e-03      1.63771e+01       2.82886e-01       1.10123e+01
  376  3.76e-03      1.65332e+01       2.51294e-01       1.11059e+01
  377  3.77e-03      1.65201e+01       2.89801e-01       1.11100e+01
  378  3.78e-03      1.64977e+01       2.79345e-01       1.10916e+01
  379  3.79e-03      1.64524e+01       2.64300e-01       1.10564e+01
  380  3.80e-03      1.63804e+01       2.73980e-01       1.10116e+01
  381  3.81e-03      1.64214e+01       2.80615e-01       1.10411e+01
  382  3.82e-03      1.63964e+01       3.17387e-01       1.10367e+01
  383  3.83e-03      1.66088e+01       2.54719e-01       1.11574e+01
  384  3.84e-03      1.64857e+01       2.69998e-01       1.10805e+01
  385  3.85e-03      1.64974e+01       3.13951e-01       1.11029e+01
  386  3.86e-03      1.65285e+01       3.16495e-01       1.11245e+01
  387  3.87e-03      1.65294e+01       3.58208e-01       1.11390e+01
  388  3.88e-03      1.65533e+01       3.49044e-01       1.11519e+01
  389  3.89e-03      1.65715e+01       3.22138e-01       1.11550e+01
  390  3.90e-03      1.66679e+01       3.10392e-01       1.12154e+01
  391  3.91e-03      1.66973e+01       3.02640e-01       1.12324e+01
  392  3.92e-03      1.69283e+01       2.93651e-01       1.13834e+01
  393  3.93e-03      1.69742e+01       2.82201e-01       1.14102e+01
  394  3.94e-03      1.71254e+01       3.45291e-01       1.15320e+01
  395  3.95e-03      1.70706e+01       3.29967e-01       1.14904e+01
  396  3.96e-03      1.71986e+01       3.62592e-01       1.15866e+01
  397  3.97e-03      1.71869e+01       3.56545e-01       1.15768e+01
  398  3.98e-03      1.72791e+01       3.74603e-01       1.16443e+01
  399  3.99e-03      1.75552e+01       2.43681e-01       1.17847e+01
  400  4.00e-03      1.76037e+01       3.68725e-01       1.18587e+01
  401  4.01e-03      1.79189e+01       3.72917e-01       1.20702e+01
  402  4.02e-03      1.78082e+01       3.24933e-01       1.19804e+01
  403  4.03e-03      1.78423e+01       3.22743e-01       1.20025e+01
  404  4.04e-03      1.78602e+01       3.83970e-01       1.20348e+01
  405  4.05e-03      1.80266e+01       3.37952e-01       1.21304e+01
  406  4.06e-03      1.82605e+01       4.20341e-01       1.23138e+01
  407  4.07e-03      1.82424e+01       4.00900e-01       1.22952e+01
  408  4.08e-03      1.84326e+01       3.85605e-01       1.24170e+01
  409  4.09e-03      1.83667e+01       3.67713e-01       1.23670e+01
  410  4.10e-03      1.87254e+01       3.43201e-01       1.25980e+01
  411  4.11e-03      1.87220e+01       3.27277e-01       1.25904e+01
  412  4.12e-03      1.86556e+01       3.51572e-01       1.25543e+01
  413  4.13e-03      1.86327e+01       4.19423e-01       1.25616e+01
  414  4.14e-03      1.86396e+01       3.43157e-01       1.25408e+01
  415  4.15e-03      1.86930e+01       3.46914e-01       1.25776e+01
  416  4.16e-03      1.88130e+01       3.94775e-01       1.26736e+01
  417  4.17e-03      1.88635e+01       3.36029e-01       1.26877e+01
  418  4.18e-03      1.89692e+01       3.37882e-01       1.27588e+01
  419  4.19e-03      1.90330e+01       3.82097e-01       1.28160e+01
  420  4.20e-03      1.90061e+01       3.21752e-01       1.27780e+01
  421  4.21e-03      1.89202e+01       2.30899e-01       1.26904e+01
  422  4.22e-03      1.89258e+01       3.55994e-01       1.27358e+01
  423  4.23e-03      1.89469e+01       3.30542e-01       1.27414e+01
  424  4.24e-03      1.89782e+01       3.18232e-01       1.27582e+01
  425  4.25e-03      1.91045e+01       2.93890e-01       1.28343e+01
  426  4.26e-03      1.90261e+01       2.73120e-01       1.27751e+01
  427  4.27e-03      1.90944e+01       2.81876e-01       1.28235e+01
  428  4.28e-03      1.93669e+01       3.24924e-01       1.30195e+01
  429  4.29e-03      1.94904e+01       2.96771e-01       1.30925e+01
  430  4.30e-03      1.97614e+01       2.60157e-01       1.32610e+01
  431  4.31e-03      1.96961e+01       3.04330e-01       1.32322e+01
  432  4.32e-03      1.96917e+01       2.84196e-01       1.32225e+01
  433  4.33e-03      1.95877e+01       2.97135e-01       1.31575e+01
  434  4.34e-03      1.95432e+01       3.25626e-01       1.31373e+01
  435  4.35e-03      1.94819e+01       3.22885e-01       1.30956e+01
  436  4.36e-03      1.93275e+01       3.07988e-01       1.29877e+01
  437  4.37e-03      1.93675e+01       2.57915e-01       1.29977e+01
  438  4.38e-03      1.93944e+01       2.74715e-01       1.30212e+01
  439  4.39e-03      1.94256e+01       2.63668e-01       1.30383e+01
  440  4.40e-03      1.94597e+01       2.53783e-01       1.30578e+01
  441  4.41e-03      1.96700e+01       2.40161e-01       1.31934e+01
  442  4.42e-03      1.95120e+01       2.11003e-01       1.30783e+01
  443  4.43e-03      1.95809e+01       2.44058e-01       1.31353e+01
  444  4.44e-03      1.96761e+01       2.65683e-01       1.32060e+01
  445  4.45e-03      1.96002e+01       3.10537e-01       1.31703e+01
  446  4.46e-03      1.97577e+01       2.82838e-01       1.32661e+01
  447  4.47e-03      1.97407e+01       2.61831e-01       1.32477e+01
  448  4.48e-03      2.00673e+01       2.09812e-01       1.34481e+01
  449  4.49e-03      1.97890e+01       2.94822e-01       1.32910e+01
  450  4.50e-03      1.97891e+01       2.08079e-01       1.32621e+01
  451  4.51e-03      1.97421e+01       2.66610e-01       1.32503e+01
  452  4.52e-03      1.98809e+01       2.97082e-01       1.33529e+01
  453  4.53e-03      1.98760e+01       3.05347e-01       1.33524e+01
  454  4.54e-03      1.99452e+01       2.69853e-01       1.33867e+01
  455  4.55e-03      2.02496e+01       2.24733e-01       1.35747e+01
  456  4.56e-03      2.02369e+01       3.14186e-01       1.35960e+01
  457  4.57e-03      2.03159e+01       3.28012e-01       1.36533e+01
  458  4.58e-03      2.01633e+01       3.05572e-01       1.35441e+01
  459  4.59e-03      2.02696e+01       2.75513e-01       1.36049e+01
  460  4.60e-03      2.02573e+01       3.10561e-01       1.36084e+01
  461  4.61e-03      2.04340e+01       2.70975e-01       1.37130e+01
  462  4.62e-03      2.03002e+01       3.03426e-01       1.36346e+01
  463  4.63e-03      2.04110e+01       2.84723e-01       1.37023e+01
  464  4.64e-03      2.07455e+01       2.99718e-01       1.39303e+01
  465  4.65e-03      2.06146e+01       2.89855e-01       1.38397e+01
  466  4.66e-03      2.05667e+01       3.40404e-01       1.38246e+01
  467  4.67e-03      2.04296e+01       3.60279e-01       1.37398e+01
  468  4.68e-03      2.06376e+01       3.42303e-01       1.38725e+01
  469  4.69e-03      2.05642e+01       2.97173e-01       1.38085e+01
  470  4.70e-03      2.08475e+01       3.22456e-01       1.40058e+01
  471  4.71e-03      2.07056e+01       3.06150e-01       1.39058e+01
  472  4.72e-03      2.11527e+01       2.53359e-01       1.41863e+01
  473  4.73e-03      2.12346e+01       2.81736e-01       1.42503e+01
  474  4.74e-03      2.10874e+01       2.57545e-01       1.41441e+01
  475  4.75e-03      2.13061e+01       3.01388e-01       1.43045e+01
  476  4.76e-03      2.12726e+01       2.99057e-01       1.42814e+01
  477  4.77e-03      2.12916e+01       2.56493e-01       1.42799e+01
  478  4.78e-03      2.10173e+01       2.73611e-01       1.41027e+01
  479  4.79e-03      2.13240e+01       2.98991e-01       1.43157e+01
  480  4.80e-03      2.13997e+01       2.65592e-01       1.43550e+01
  481  4.81e-03      2.15056e+01       3.78820e-01       1.44633e+01
  482  4.82e-03      2.16928e+01       3.35254e-01       1.45736e+01
  483  4.83e-03      2.17860e+01       3.29932e-01       1.46340e+01
  484  4.84e-03      2.19767e+01       3.72878e-01       1.47754e+01
  485  4.85e-03      2.20685e+01       3.41564e-01       1.48262e+01
  486  4.86e-03      2.22935e+01       3.61753e-01       1.49829e+01
  487  4.87e-03      2.21574e+01       3.68367e-01       1.48944e+01
  488  4.88e-03      2.23714e+01       3.14759e-01       1.50192e+01
  489  4.89e-03      2.22918e+01       2.76268e-01       1.49533e+01
  490  4.90e-03      2.24218e+01       2.84498e-01       1.50427e+01
  491  4.91e-03      2.27927e+01       3.38973e-01       1.53081e+01
  492  4.92e-03      2.28547e+01       2.89317e-01       1.53329e+01
  493  4.93e-03      2.31274e+01       3.21518e-01       1.55254e+01
  494  4.94e-03      2.30337e+01       3.48478e-01       1.54719e+01
  495  4.95e-03      2.32956e+01       3.04374e-01       1.56318e+01
  496  4.96e-03      2.29822e+01       3.13537e-01       1.54260e+01
  497  4.97e-03      2.30419e+01       2.93722e-01       1.54592e+01
  498  4.98e-03      2.29125e+01       2.54619e-01       1.53599e+01
  499  4.99e-03      2.29039e+01       2.19793e-01       1.53425e+01
  500  5.00e-03      2.29308e+01       2.76871e-01       1.53795e+01
  501  5.01e-03      2.28003e+01       2.84927e-01       1.52952e+01
  502  5.02e-03      2.28564e+01       2.92515e-01       1.53351e+01
  503  5.03e-03      2.29127e+01       3.11798e-01       1.53791e+01
  504  5.04e-03      2.29764e+01       2.49453e-01       1.54007e+01
  505  5.05e-03      2.30257e+01       3.44899e-01       1.54654e+01
  506  5.06e-03      2.30936e+01       2.74842e-01       1.54873e+01
  507  5.07e-03      2.28400e+01       3.13279e-01       1.53311e+01
  508  5.08e-03      2.27655e+01       3.13594e-01       1.52815e+01
  509  5.09e-03      2.26034e+01       3.27004e-01       1.51779e+01
  510  5.10e-03      2.26253e+01       3.37515e-01       1.51960e+01
  511  5.11e-03      2.27563e+01       3.16035e-01       1.52762e+01
  512  5.12e-03      2.28608e+01       3.65743e-01       1.53624e+01
  513  5.13e-03      2.30257e+01       3.62775e-01       1.54714e+01
  514  5.14e-03      2.30595e+01       3.19150e-01       1.54794e+01
  515  5.15e-03      2.31101e+01       3.13112e-01       1.55111e+01
  516  5.16e-03      2.29054e+01       2.71372e-01       1.53608e+01
  517  5.17e-03      2.32285e+01       3.06533e-01       1.55879e+01
  518  5.18e-03      2.32714e+01       2.59545e-01       1.56008e+01
  519  5.19e-03      2.34246e+01       2.67911e-01       1.57057e+01
  520  5.20e-03      2.35661e+01       2.56954e-01       1.57964e+01
  521  5.21e-03      2.36616e+01       2.84864e-01       1.58694e+01
  522  5.22e-03      2.39550e+01       2.82622e-01       1.60642e+01
  523  5.23e-03      2.39224e+01       2.84485e-01       1.60431e+01
  524  5.24e-03      2.40390e+01       2.59830e-01       1.61126e+01
  525  5.25e-03      2.39294e+01       2.77415e-01       1.60454e+01
  526  5.26e-03      2.40863e+01       2.69854e-01       1.61475e+01
  527  5.27e-03      2.41864e+01       2.92697e-01       1.62218e+01
  528  5.28e-03      2.43973e+01       2.78793e-01       1.63578e+01
  529  5.29e-03      2.42748e+01       2.66136e-01       1.62719e+01
  530  5.30e-03      2.41287e+01       2.59159e-01       1.61722e+01
  531  5.31e-03      2.43756e+01       3.00116e-01       1.63504e+01
  532  5.32e-03      2.43370e+01       2.42958e-01       1.63056e+01
  533  5.33e-03      2.48123e+01       2.75861e-01       1.66335e+01
  534  5.34e-03      2.47062e+01       2.75010e-01       1.65625e+01
  535  5.35e-03      2.49575e+01       2.55474e-01       1.67235e+01
  536  5.36e-03      2.49844e+01       2.86677e-01       1.67518e+01
  537  5.37e-03      2.50089e+01       3.18326e-01       1.67787e+01
  538  5.38e-03      2.49263e+01       2.35178e-01       1.66959e+01
  539  5.39e-03      2.52924e+01       2.60295e-01       1.69484e+01
  540  5.40e-03      2.51045e+01       2.65783e-01       1.68249e+01
  541  5.41e-03      2.51624e+01       3.07245e-01       1.68773e+01
  542  5.42e-03      2.53980e+01       3.13784e-01       1.70366e+01
  543  5.43e-03      2.52767e+01       2.70866e-01       1.69414e+01
  544  5.44e-03      2.54699e+01       3.11529e-01       1.70838e+01
  545  5.45e-03      2.53000e+01       3.18829e-01       1.69730e+01
  546  5.46e-03      2.55244e+01       3.56667e-01       1.71351e+01
  547  5.47e-03      2.57013e+01       2.98924e-01       1.72339e+01
  548  5.48e-03      2.56491e+01       3.43815e-01       1.72140e+01
  549  5.49e-03      2.57803e+01       4.10309e-01       1.73236e+01
  550  5.50e-03      2.56244e+01       2.83720e-01       1.71775e+01
  551  5.51e-03      2.58799e+01       2.96996e-01       1.73523e+01
  552  5.52e-03      2.56865e+01       3.13939e-01       1.72290e+01
  553  5.53e-03      2.58045e+01       3.41441e-01       1.73168e+01
  554  5.54e-03      2.57807e+01       3.84357e-01       1.73153e+01
  555  5.55e-03      2.58027e+01       3.40968e-01       1.73155e+01
  556  5.56e-03      2.57756e+01       3.35888e-01       1.72957e+01
  557  5.57e-03      2.56270e+01       3.11026e-01       1.71883e+01
  558  5.58e-03      2.58950e+01       3.36993e-01       1.73757e+01
  559  5.59e-03      2.59406e+01       3.30567e-01       1.74039e+01
  560  5.60e-03      2.59445e+01       2.91040e-01       1.73934e+01
  561  5.61e-03      2.59616e+01       3.26039e-01       1.74164e+01
  562  5.62e-03      2.61057e+01       3.91055e-01       1.75342e+01
  563  5.63e-03      2.57599e+01       3.67316e-01       1.72957e+01
  564  5.64e-03      2.58288e+01       3.37021e-01       1.73316e+01
  565  5.65e-03      2.57862e+01       3.62176e-01       1.73115e+01
  566  5.66e-03      2.58949e+01       4.01126e-01       1.73970e+01
  567  5.67e-03      2.62025e+01       3.46100e-01       1.75837e+01
  568  5.68e-03      2.62789e+01       4.34962e-01       1.76643e+01
  569  5.69e-03      2.63344e+01       3.75402e-01       1.76814e+01
  570  5.70e-03      2.62265e+01       3.91430e-01       1.76148e+01
  571  5.71e-03      2.64965e+01       3.88492e-01       1.77938e+01
  572  5.72e-03      2.63611e+01       3.66704e-01       1.76963e+01
  573  5.73e-03      2.63161e+01       3.57178e-01       1.76632e+01
  574  5.74e-03      2.61997e+01       3.47252e-01       1.75822e+01
  575  5.75e-03      2.64348e+01       3.33334e-01       1.77343e+01
  576  5.76e-03      2.65388e+01       3.06903e-01       1.77949e+01
  577  5.77e-03      2.67898e+01       3.53069e-01       1.79776e+01
  578  5.78e-03      2.70484e+01       3.89563e-01       1.81621e+01
  579  5.79e-03      2.70018e+01       3.51061e-01       1.81182e+01
  580  5.80e-03      2.71297e+01       3.30259e-01       1.81966e+01
  581  5.81e-03      2.71417e+01       3.02626e-01       1.81953e+01
  582  5.82e-03      2.73857e+01       3.37565e-01       1.83697e+01
  583  5.83e-03      2.71890e+01       3.54175e-01       1.82440e+01
  584  5.84e-03      2.72400e+01       3.55969e-01       1.82787e+01
  585  5.85e-03      2.72801e+01       3.37525e-01       1.82992e+01
  586  5.86e-03      2.72146e+01       3.25459e-01       1.82516e+01
  587  5.87e-03      2.75059e+01       3.56303e-01       1.84560e+01
  588  5.88e-03      2.73339e+01       2.96047e-01       1.83213e+01
  589  5.89e-03      2.74231e+01       3.84464e-01       1.84102e+01
  590  5.90e-03      2.72822e+01       3.07481e-01       1.82906e+01
  591  5.91e-03      2.73630e+01       2.91339e-01       1.83391e+01
  592  5.92e-03      2.73521e+01       3.71561e-01       1.83586e+01
  593  5.93e-03      2.75246e+01       2.69130e-01       1.84394e+01
  594  5.94e-03      2.76182e+01       2.77829e-01       1.85047e+01
  595  5.95e-03      2.76680e+01       3.21780e-01       1.85526e+01
  596  5.96e-03      2.78679e+01       3.35745e-01       1.86905e+01
  597  5.97e-03      2.77130e+01       3.05673e-01       1.85772e+01
  598  5.98e-03      2.79397e+01       3.35710e-01       1.87384e+01
  599  5.99e-03      2.78539e+01       2.86932e-01       1.86649e+01
  600  6.00e-03      2.80749e+01       3.39641e-01       1.88298e+01
  601  6.01e-03      2.80867e+01       3.21074e-01       1.88315e+01
  602  6.02e-03      2.83210e+01       2.65567e-01       1.89692e+01
  603  6.03e-03      2.84422e+01       2.83728e-01       1.90560e+01
  604  6.04e-03      2.84338e+01       3.03260e-01       1.90570e+01
  605  6.05e-03      2.86220e+01       2.62179e-01       1.91687e+01
  606  6.06e-03      2.85658e+01       2.28960e-01       1.91202e+01
  607  6.07e-03      2.87155e+01       2.70550e-01       1.92338e+01
  608  6.08e-03      2.86303e+01       2.56738e-01       1.91724e+01
  609  6.09e-03      2.88229e+01       2.95909e-01       1.93139e+01
  610  6.10e-03      2.86304e+01       3.59572e-01       1.92068e+01
  611  6.11e-03      2.88409e+01       2.56392e-01       1.93127e+01
  612  6.12e-03      2.89495e+01       2.59182e-01       1.93861e+01
  613  6.13e-03      2.91247e+01       2.62182e-01       1.95039e+01
  614  6.14e-03      2.91182e+01       2.99198e-01       1.95118e+01
  615  6.15e-03      2.91487e+01       3.32942e-01       1.95434e+01
  616  6.16e-03      2.93638e+01       3.02164e-01       1.96766e+01
  617  6.17e-03      2.92491e+01       3.70951e-01       1.96230e+01
  618  6.18e-03      2.96359e+01       3.31301e-01       1.98677e+01
  619  6.19e-03      2.95649e+01       3.44447e-01       1.98248e+01
  620  6.20e-03      3.00649e+01       3.07098e-01       2.01456e+01
  621  6.21e-03      2.99088e+01       2.86862e-01       2.00348e+01
  622  6.22e-03      3.03671e+01       3.08708e-01       2.03477e+01
  623  6.23e-03      3.03415e+01       2.97608e-01       2.03269e+01
  624  6.24e-03      3.06165e+01       3.33846e-01       2.05223e+01
  625  6.25e-03      3.04822e+01       3.27646e-01       2.04307e+01
  626  6.26e-03      3.04208e+01       3.27644e-01       2.03898e+01
  627  6.27e-03      3.05884e+01       2.72234e-01       2.04830e+01
  628  6.28e-03      3.06187e+01       3.07743e-01       2.05150e+01
  629  6.29e-03      3.06170e+01       3.26224e-01       2.05200e+01
  630  6.30e-03      3.05288e+01       2.86915e-01       2.04482e+01
  631  6.31e-03      3.09392e+01       2.91566e-01       2.07233e+01
  632  6.32e-03      3.09310e+01       2.66509e-01       2.07095e+01
  633  6.33e-03      3.10965e+01       2.50269e-01       2.08144e+01
  634  6.34e-03      3.09695e+01       3.16442e-01       2.07518e+01
  635  6.35e-03      3.09877e+01       2.44453e-01       2.07400e+01
  636  6.36e-03      3.11679e+01       2.99205e-01       2.08783e+01
  637  6.37e-03      3.09831e+01       2.85828e-01       2.07507e+01
  638  6.38e-03      3.13931e+01       2.50521e-01       2.10123e+01
  639  6.39e-03      3.13625e+01       3.13353e-01       2.10128e+01
  640  6.40e-03      3.15501e+01       2.55279e-01       2.11185e+01
  641  6.41e-03      3.13461e+01       2.27980e-01       2.09734e+01
  642  6.42e-03      3.14347e+01       2.37265e-01       2.10355e+01
  643  6.43e-03      3.14985e+01       2.66898e-01       2.10880e+01
  644  6.44e-03      3.13995e+01       2.51367e-01       2.10168e+01
  645  6.45e-03      3.15689e+01       2.39915e-01       2.11259e+01
  646  6.46e-03      3.18625e+01       2.79427e-01       2.13348e+01
  647  6.47e-03      3.21422e+01       2.88018e-01       2.15241e+01
  648  6.48e-03      3.18014e+01       2.65261e-01       2.12894e+01
  649  6.49e-03      3.21733e+01       2.86318e-01       2.15443e+01
  650  6.50e-03      3.19839e+01       3.22608e-01       2.14301e+01
  651  6.51e-03      3.21612e+01       3.13602e-01       2.15453e+01
  652  6.52e-03      3.20526e+01       3.15823e-01       2.14737e+01
  653  6.53e-03      3.19284e+01       2.83348e-01       2.13800e+01
  654  6.54e-03      3.19680e+01       2.86216e-01       2.14074e+01
  655  6.55e-03      3.19766e+01       2.31233e-01       2.13948e+01
  656  6.56e-03      3.22612e+01       2.67339e-01       2.15966e+01
  657  6.57e-03      3.20527e+01       2.48143e-01       2.14512e+01
  658  6.58e-03      3.23634e+01       2.42731e-01       2.16565e+01
  659  6.59e-03      3.24143e+01       2.64851e-01       2.16978e+01
  660  6.60e-03      3.24196e+01       3.35998e-01       2.17251e+01
  661  6.61e-03      3.23916e+01       2.82071e-01       2.16884e+01
  662  6.62e-03      3.21794e+01       2.93215e-01       2.15507e+01
  663  6.63e-03      3.24387e+01       3.21883e-01       2.17331e+01
  664  6.64e-03      3.23062e+01       2.76400e-01       2.16296e+01
  665  6.65e-03      3.23998e+01       2.84826e-01       2.16948e+01
  666  6.66e-03      3.22897e+01       3.08784e-01       2.16294e+01
  667  6.67e-03      3.25672e+01       3.08992e-01       2.18145e+01
  668  6.68e-03      3.25403e+01       3.32362e-01       2.18043e+01
  669  6.69e-03      3.27234e+01       2.99306e-01       2.19154e+01
  670  6.70e-03      3.25655e+01       3.07134e-01       2.18127e+01
  671  6.71e-03      3.27632e+01       3.17768e-01       2.19481e+01
  672  6.72e-03      3.29574e+01       3.31833e-01       2.20822e+01
  673  6.73e-03      3.26752e+01       3.21059e-01       2.18905e+01
  674  6.74e-03      3.28626e+01       3.20974e-01       2.20154e+01
  675  6.75e-03      3.26889e+01       3.48436e-01       2.19087e+01
  676  6.76e-03      3.31184e+01       3.08276e-01       2.21817e+01
  677  6.77e-03      3.31476e+01       2.97745e-01       2.21976e+01
  678  6.78e-03      3.33382e+01       3.15222e-01       2.23306e+01
  679  6.79e-03      3.32171e+01       2.64010e-01       2.22327e+01
  680  6.80e-03      3.34222e+01       3.53890e-01       2.23994e+01
  681  6.81e-03      3.34393e+01       3.23797e-01       2.24008e+01
  682  6.82e-03      3.33752e+01       3.21477e-01       2.23573e+01
  683  6.83e-03      3.36793e+01       2.79498e-01       2.25460e+01
  684  6.84e-03      3.35345e+01       2.89791e-01       2.24529e+01
  685  6.85e-03      3.37539e+01       3.47596e-01       2.26184e+01
  686  6.86e-03      3.34379e+01       3.55682e-01       2.24105e+01
  687  6.87e-03      3.36088e+01       2.86279e-01       2.25013e+01
  688  6.88e-03      3.35030e+01       3.24151e-01       2.24434e+01
  689  6.89e-03      3.36405e+01       2.69406e-01       2.25168e+01
  690  6.90e-03      3.38718e+01       3.60455e-01       2.27014e+01
  691  6.91e-03      3.39240e+01       3.15797e-01       2.27213e+01
  692  6.92e-03      3.40042e+01       3.13215e-01       2.27739e+01
  693  6.93e-03      3.40371e+01       3.52172e-01       2.28088e+01
  694  6.94e-03      3.42932e+01       3.39565e-01       2.29753e+01
  695  6.95e-03      3.43214e+01       3.24066e-01       2.29890e+01
  696  6.96e-03      3.45955e+01       3.29638e-01       2.31736e+01
  697  6.97e-03      3.43287e+01       3.02000e-01       2.29864e+01
  698  6.98e-03      3.43529e+01       3.18604e-01       2.30081e+01
  699  6.99e-03      3.42111e+01       3.40516e-01       2.29209e+01
  700  7.00e-03      3.42991e+01       2.76550e-01       2.29582e+01
  701  7.01e-03      3.45477e+01       2.87277e-01       2.31276e+01
  702  7.02e-03      3.45421e+01       3.35653e-01       2.31400e+01
  703  7.03e-03      3.46452e+01       3.55269e-01       2.32152e+01
  704  7.04e-03      3.44352e+01       3.40454e-01       2.30703e+01
  705  7.05e-03      3.48123e+01       3.38636e-01       2.33211e+01
  706  7.06e-03      3.45418e+01       3.30201e-01       2.31379e+01
  707  7.07e-03      3.47025e+01       3.58520e-01       2.32545e+01
  708  7.08e-03      3.48526e+01       3.36078e-01       2.33471e+01
  709  7.09e-03      3.50523e+01       3.44909e-01       2.34832e+01
  710  7.10e-03      3.54592e+01       3.08225e-01       2.37422e+01
  711  7.11e-03      3.53268e+01       3.59293e-01       2.36709e+01
  712  7.12e-03      3.54974e+01       3.33196e-01       2.37760e+01
  713  7.13e-03      3.51521e+01       2.79551e-01       2.35279e+01
  714  7.14e-03      3.58176e+01       3.53420e-01       2.39962e+01
  715  7.15e-03      3.57348e+01       3.57828e-01       2.39425e+01
  716  7.16e-03      3.59245e+01       3.19811e-01       2.40562e+01
  717  7.17e-03      3.59449e+01       3.14185e-01       2.40680e+01
  718  7.18e-03      3.59272e+01       3.32108e-01       2.40622e+01
  719  7.19e-03      3.61246e+01       3.13738e-01       2.41876e+01
  720  7.20e-03      3.61493e+01       2.96442e-01       2.41983e+01
  721  7.21e-03      3.62269e+01       3.00792e-01       2.42516e+01
  722  7.22e-03      3.62060e+01       2.90599e-01       2.42342e+01
  723  7.23e-03      3.64967e+01       3.17517e-01       2.44370e+01
  724  7.24e-03      3.67623e+01       3.17600e-01       2.46141e+01
  725  7.25e-03      3.69643e+01       2.68603e-01       2.47324e+01
  726  7.26e-03      3.69380e+01       2.83371e-01       2.47198e+01
  727  7.27e-03      3.71692e+01       2.25250e-01       2.48545e+01
  728  7.28e-03      3.72060e+01       2.40417e-01       2.48841e+01
  729  7.29e-03      3.72602e+01       2.34709e-01       2.49184e+01
  730  7.30e-03      3.74129e+01       2.24592e-01       2.50168e+01
  731  7.31e-03      3.72921e+01       2.01573e-01       2.49286e+01
  732  7.32e-03      3.74203e+01       2.87576e-01       2.50427e+01
  733  7.33e-03      3.72899e+01       2.84443e-01       2.49548e+01
  734  7.34e-03      3.78032e+01       2.55227e-01       2.52872e+01
  735  7.35e-03      3.77749e+01       2.63193e-01       2.52710e+01
  736  7.36e-03      3.77836e+01       3.15687e-01       2.52943e+01
  737  7.37e-03      3.77594e+01       3.57732e-01       2.52922e+01
  738  7.38e-03      3.79255e+01       3.38087e-01       2.53963e+01
  739  7.39e-03      3.79922e+01       3.44496e-01       2.54430e+01
  740  7.40e-03      3.75513e+01       3.44641e-01       2.51491e+01
  741  7.41e-03      3.77946e+01       3.61041e-01       2.53167e+01
  742  7.42e-03      3.77626e+01       3.49141e-01       2.52914e+01
  743  7.43e-03      3.79991e+01       4.11688e-01       2.54700e+01
  744  7.44e-03      3.79478e+01       3.60427e-01       2.54187e+01
  745  7.45e-03      3.80785e+01       3.31997e-01       2.54963e+01
  746  7.46e-03      3.81679e+01       3.48200e-01       2.55613e+01
  747  7.47e-03      3.78814e+01       3.88150e-01       2.53837e+01
  748  7.48e-03      3.81196e+01       2.58187e-01       2.54991e+01
  749  7.49e-03      3.77989e+01       3.46586e-01       2.53148e+01
  750  7.50e-03      3.78315e+01       3.82090e-01       2.53483e+01
  751  7.51e-03      3.77284e+01       2.72752e-01       2.52432e+01
  752  7.52e-03      3.81709e+01       3.30691e-01       2.55575e+01
  753  7.53e-03      3.77554e+01       3.04742e-01       2.52718e+01
  754  7.54e-03      3.78466e+01       3.11716e-01       2.53350e+01
  755  7.55e-03      3.81886e+01       3.24409e-01       2.55672e+01
  756  7.56e-03      3.79925e+01       3.12509e-01       2.54325e+01
  757  7.57e-03      3.79830e+01       3.21037e-01       2.54290e+01
  758  7.58e-03      3.77833e+01       3.41383e-01       2.53026e+01
  759  7.59e-03      3.80326e+01       3.03119e-01       2.54561e+01
  760  7.60e-03      3.78539e+01       3.05080e-01       2.53377e+01
  761  7.61e-03      3.78454e+01       3.84452e-01       2.53584e+01
  762  7.62e-03      3.77907e+01       4.29922e-01       2.53371e+01
  763  7.63e-03      3.79246e+01       3.32150e-01       2.53938e+01
  764  7.64e-03      3.78461e+01       3.08166e-01       2.53335e+01
  765  7.65e-03      3.78620e+01       3.78668e-01       2.53675e+01
  766  7.66e-03      3.82636e+01       3.66947e-01       2.56314e+01
  767  7.67e-03      3.84492e+01       3.41257e-01       2.57466e+01
  768  7.68e-03      3.85107e+01       3.76744e-01       2.57994e+01
  769  7.69e-03      3.87238e+01       3.93426e-01       2.59470e+01
  770  7.70e-03      3.89013e+01       3.14574e-01       2.60390e+01
  771  7.71e-03      3.85314e+01       3.05393e-01       2.57894e+01
  772  7.72e-03      3.89640e+01       3.06959e-01       2.60783e+01
  773  7.73e-03      3.85292e+01       3.60654e-01       2.58064e+01
  774  7.74e-03      3.87956e+01       3.14321e-01       2.59685e+01
  775  7.75e-03      3.88055e+01       3.51503e-01       2.59875e+01
  776  7.76e-03      3.87973e+01       3.56644e-01       2.59837e+01
  777  7.77e-03      3.90867e+01       3.27888e-01       2.61671e+01
  778  7.78e-03      3.87961e+01       2.98775e-01       2.59636e+01
  779  7.79e-03      3.88967e+01       3.08732e-01       2.60340e+01
  780  7.80e-03      3.86625e+01       3.14119e-01       2.58797e+01
  781  7.81e-03      3.90834e+01       3.50628e-01       2.61725e+01
  782  7.82e-03      3.91548e+01       3.69289e-01       2.62263e+01
  783  7.83e-03      3.92389e+01       3.42545e-01       2.62735e+01
  784  7.84e-03      3.92880e+01       3.74180e-01       2.63167e+01
  785  7.85e-03      3.91129e+01       3.05926e-01       2.61772e+01
  786  7.86e-03      3.97887e+01       3.64230e-01       2.66472e+01
  787  7.87e-03      3.94045e+01       3.56083e-01       2.63883e+01
  788  7.88e-03      3.97442e+01       3.23165e-01       2.66039e+01
  789  7.89e-03      3.95835e+01       3.17242e-01       2.64947e+01
  790  7.90e-03      3.97689e+01       3.22595e-01       2.66201e+01
  791  7.91e-03      3.96901e+01       3.72094e-01       2.65841e+01
  792  7.92e-03      4.01294e+01       2.93309e-01       2.68507e+01
  793  7.93e-03      4.00341e+01       2.99203e-01       2.67891e+01
  794  7.94e-03      3.98947e+01       2.96294e-01       2.66952e+01
  795  7.95e-03      4.03770e+01       3.24553e-01       2.70262e+01
  796  7.96e-03      4.01653e+01       3.78367e-01       2.69030e+01
  797  7.97e-03      4.04286e+01       3.36036e-01       2.70644e+01
  798  7.98e-03      4.02939e+01       3.59404e-01       2.69824e+01
  799  7.99e-03      4.04809e+01       2.65411e-01       2.70757e+01
  800  8.00e-03      4.03654e+01       3.25339e-01       2.70187e+01
  801  8.01e-03      4.04458e+01       2.82758e-01       2.70581e+01
  802  8.02e-03      4.04767e+01       3.08452e-01       2.70873e+01
  803  8.03e-03      4.06815e+01       3.24914e-01       2.72293e+01
  804  8.04e-03      4.11020e+01       2.80836e-01       2.74949e+01
  805  8.05e-03      4.10338e+01       2.80286e-01       2.74493e+01
  806  8.06e-03      4.14022e+01       2.99856e-01       2.77014e+01
  807  8.07e-03      4.11060e+01       2.67124e-01       2.74930e+01
  808  8.08e-03      4.14133e+01       2.75185e-01       2.77006e+01
  809  8.09e-03      4.13412e+01       3.13407e-01       2.76652e+01
  810  8.10e-03      4.16436e+01       2.92909e-01       2.78601e+01
  811  8.11e-03      4.14182e+01       3.09402e-01       2.77153e+01
  812  8.12e-03      4.14645e+01       2.83327e-01       2.77374e+01
  813  8.13e-03      4.18121e+01       3.51033e-01       2.79917e+01
  814  8.14e-03      4.17351e+01       2.90420e-01       2.79202e+01
  815  8.15e-03      4.20855e+01       3.41552e-01       2.81708e+01
  816  8.16e-03      4.19568e+01       3.29142e-01       2.80809e+01
  817  8.17e-03      4.24365e+01       2.97176e-01       2.83901e+01
  818  8.18e-03      4.22872e+01       3.30361e-01       2.83016e+01
  819  8.19e-03      4.25409e+01       2.86858e-01       2.84562e+01
  820  8.20e-03      4.24751e+01       2.75596e-01       2.84086e+01
  821  8.21e-03      4.26492e+01       2.89855e-01       2.85294e+01
  822  8.22e-03      4.28552e+01       2.85179e-01       2.86652e+01
  823  8.23e-03      4.29231e+01       2.94286e-01       2.87135e+01
  824  8.24e-03      4.30536e+01       3.18484e-01       2.88086e+01
  825  8.25e-03      4.30262e+01       3.50194e-01       2.88009e+01
  826  8.26e-03      4.34085e+01       2.83380e-01       2.90334e+01
  827  8.27e-03      4.33093e+01       2.67042e-01       2.89619e+01
  828  8.28e-03      4.36493e+01       2.51612e-01       2.91834e+01
  829  8.29e-03      4.37528e+01       2.62725e-01       2.92561e+01
  830  8.30e-03      4.38897e+01       2.63837e-01       2.93477e+01
  831  8.31e-03      4.39148e+01       2.38453e-01       2.93560e+01
  832  8.32e-03      4.36817e+01       2.10479e-01       2.91913e+01
  833  8.33e-03      4.41502e+01       2.32914e-01       2.95111e+01
  834  8.34e-03      4.40538e+01       2.02559e-01       2.94367e+01
  835  8.35e-03      4.40750e+01       2.26625e-01       2.94589e+01
  836  8.36e-03      4.37832e+01       2.59202e-01       2.92752e+01
  837  8.37e-03      4.41601e+01       2.55191e-01       2.95251e+01
  838  8.38e-03      4.41153e+01       2.64674e-01       2.94984e+01
  839  8.39e-03      4.44612e+01       2.61157e-01       2.97278e+01
  840  8.40e-03      4.45320e+01       1.90152e-01       2.97514e+01
  841  8.41e-03      4.46714e+01       2.42386e-01       2.98618e+01
  842  8.42e-03      4.46398e+01       2.90574e-01       2.98567e+01
  843  8.43e-03      4.43259e+01       2.68424e-01       2.96401e+01
  844  8.44e-03      4.43189e+01       2.76970e-01       2.96382e+01
  845  8.45e-03      4.41236e+01       2.32643e-01       2.94933e+01
  846  8.46e-03      4.42762e+01       2.39302e-01       2.95972e+01
  847  8.47e-03      4.39517e+01       2.15376e-01       2.93729e+01
  848  8.48e-03      4.43924e+01       2.86769e-01       2.96905e+01
  849  8.49e-03      4.45169e+01       2.45181e-01       2.97596e+01
  850  8.50e-03      4.45666e+01       2.57485e-01       2.97969e+01
  851  8.51e-03      4.49215e+01       2.69307e-01       3.00374e+01
  852  8.52e-03      4.53871e+01       2.54790e-01       3.03430e+01
  853  8.53e-03      4.56737e+01       2.58374e-01       3.05353e+01
  854  8.54e-03      4.55186e+01       2.62708e-01       3.04333e+01
  855  8.55e-03      4.62464e+01       2.43737e-01       3.09122e+01
  856  8.56e-03      4.59442e+01       3.03939e-01       3.07308e+01
  857  8.57e-03      4.63263e+01       3.03227e-01       3.09853e+01
  858  8.58e-03      4.61203e+01       3.18600e-01       3.08530e+01
  859  8.59e-03      4.62436e+01       4.05660e-01       3.09643e+01
  860  8.60e-03      4.61408e+01       3.53747e-01       3.08784e+01
  861  8.61e-03      4.61544e+01       3.46589e-01       3.08851e+01
  862  8.62e-03      4.65265e+01       3.32085e-01       3.11284e+01
  863  8.63e-03      4.62230e+01       3.44918e-01       3.09303e+01
  864  8.64e-03      4.64129e+01       3.85497e-01       3.10704e+01
  865  8.65e-03      4.61725e+01       2.99244e-01       3.08814e+01
  866  8.66e-03      4.65450e+01       3.18771e-01       3.11363e+01
  867  8.67e-03      4.64748e+01       2.94357e-01       3.10814e+01
  868  8.68e-03      4.67879e+01       2.92117e-01       3.12893e+01
  869  8.69e-03      4.66351e+01       3.87895e-01       3.12193e+01
  870  8.70e-03      4.66050e+01       3.24181e-01       3.11781e+01
  871  8.71e-03      4.67952e+01       2.93881e-01       3.12947e+01
  872  8.72e-03      4.64073e+01       3.33089e-01       3.10492e+01
  873  8.73e-03      4.69123e+01       3.37292e-01       3.13873e+01
  874  8.74e-03      4.67819e+01       3.09187e-01       3.12910e+01
  875  8.75e-03      4.71413e+01       3.18329e-01       3.15336e+01
  876  8.76e-03      4.68946e+01       3.27624e-01       3.13723e+01
  877  8.77e-03      4.69055e+01       3.49534e-01       3.13868e+01
  878  8.78e-03      4.70039e+01       2.99919e-01       3.14359e+01
  879  8.79e-03      4.72133e+01       3.05668e-01       3.15774e+01
  880  8.80e-03      4.75073e+01       2.93041e-01       3.17692e+01
  881  8.81e-03      4.73954e+01       2.69541e-01       3.16868e+01
  882  8.82e-03      4.75860e+01       2.42919e-01       3.18050e+01
  883  8.83e-03      4.74848e+01       2.68715e-01       3.17461e+01
  884  8.84e-03      4.75351e+01       2.69001e-01       3.17797e+01
  885  8.85e-03      4.75381e+01       2.72471e-01       3.17829e+01
  886  8.86e-03      4.78666e+01       2.54504e-01       3.19959e+01
  887  8.87e-03      4.78892e+01       3.28696e-01       3.20357e+01
  888  8.88e-03      4.76281e+01       3.60215e-01       3.18721e+01
  889  8.89e-03      4.76889e+01       3.65708e-01       3.19145e+01
  890  8.90e-03      4.76550e+01       2.95904e-01       3.18686e+01
  891  8.91e-03      4.77793e+01       2.78032e-01       3.19455e+01
  892  8.92e-03      4.73925e+01       2.14014e-01       3.16664e+01
  893  8.93e-03      4.75346e+01       2.80324e-01       3.17832e+01
  894  8.94e-03      4.72724e+01       2.48713e-01       3.15979e+01
  895  8.95e-03      4.73394e+01       2.76566e-01       3.16518e+01
  896  8.96e-03      4.76098e+01       3.00788e-01       3.18401e+01
  897  8.97e-03      4.75723e+01       3.20974e-01       3.18219e+01
  898  8.98e-03      4.79378e+01       3.06833e-01       3.20608e+01
  899  8.99e-03      4.75415e+01       3.46352e-01       3.18098e+01
  900  9.00e-03      4.75781e+01       2.55650e-01       3.18040e+01
  901  9.01e-03      4.76300e+01       2.96904e-01       3.18523e+01
  902  9.02e-03      4.79361e+01       3.18508e-01       3.20636e+01
  903  9.03e-03      4.78706e+01       2.88641e-01       3.20099e+01
  904  9.04e-03      4.81584e+01       3.03967e-01       3.22069e+01
  905  9.05e-03      4.82283e+01       2.40217e-01       3.22323e+01
  906  9.06e-03      4.84260e+01       2.60178e-01       3.23707e+01
  907  9.07e-03      4.86817e+01       2.70057e-01       3.25445e+01
  908  9.08e-03      4.84104e+01       2.79955e-01       3.23669e+01
  909  9.09e-03      4.88425e+01       3.15997e-01       3.26670e+01
  910  9.10e-03      4.88763e+01       2.89484e-01       3.26807e+01
  911  9.11e-03      4.92885e+01       2.80795e-01       3.29526e+01
  912  9.12e-03      4.91452e+01       2.60705e-01       3.28504e+01
  913  9.13e-03      4.93116e+01       2.96041e-01       3.29731e+01
  914  9.14e-03      4.91585e+01       2.60782e-01       3.28593e+01
  915  9.15e-03      4.92538e+01       2.50401e-01       3.29193e+01
  916  9.16e-03      4.92759e+01       3.51205e-01       3.29677e+01
  917  9.17e-03      4.89996e+01       3.21712e-01       3.27736e+01
  918  9.18e-03      4.93370e+01       2.76504e-01       3.29835e+01
  919  9.19e-03      4.92795e+01       2.97948e-01       3.29523e+01
  920  9.20e-03      4.93366e+01       2.57417e-01       3.29769e+01
  921  9.21e-03      4.90019e+01       3.48354e-01       3.27840e+01
  922  9.22e-03      4.94621e+01       3.59108e-01       3.30945e+01
  923  9.23e-03      4.96309e+01       2.84954e-01       3.31823e+01
  924  9.24e-03      4.97496e+01       3.76336e-01       3.32918e+01
  925  9.25e-03      4.98246e+01       3.83110e-01       3.33441e+01
  926  9.26e-03      4.96339e+01       2.89332e-01       3.31857e+01
  927  9.27e-03      4.99743e+01       2.45713e-01       3.33981e+01
  928  9.28e-03      5.00544e+01       3.55161e-01       3.34880e+01
  929  9.29e-03      5.02442e+01       3.22043e-01       3.36035e+01
  930  9.30e-03      5.02542e+01       3.02267e-01       3.36035e+01
  931  9.31e-03      5.09827e+01       2.92505e-01       3.40860e+01
  932  9.32e-03      5.09350e+01       2.55072e-01       3.40417e+01
  933  9.33e-03      5.13431e+01       2.95754e-01       3.43273e+01
  934  9.34e-03      5.14972e+01       3.32230e-01       3.44422e+01
  935  9.35e-03      5.14722e+01       2.69726e-01       3.44047e+01
  936  9.36e-03      5.16859e+01       2.75486e-01       3.45491e+01
  937  9.37e-03      5.15853e+01       2.58292e-01       3.44763e+01
  938  9.38e-03      5.19343e+01       2.74843e-01       3.47145e+01
  939  9.39e-03      5.14547e+01       2.95522e-01       3.44016e+01
  940  9.40e-03      5.16779e+01       3.27114e-01       3.45610e+01
  941  9.41e-03      5.13735e+01       3.05036e-01       3.43507e+01
  942  9.42e-03      5.19251e+01       3.11946e-01       3.47207e+01
  943  9.43e-03      5.20076e+01       2.80413e-01       3.47652e+01
  944  9.44e-03      5.19800e+01       3.39099e-01       3.47664e+01
  945  9.45e-03      5.21057e+01       3.14672e-01       3.48420e+01
  946  9.46e-03      5.17781e+01       2.50982e-01       3.46024e+01
  947  9.47e-03      5.22572e+01       2.72826e-01       3.49291e+01
  948  9.48e-03      5.22940e+01       2.67137e-01       3.49517e+01
  949  9.49e-03      5.22010e+01       3.00302e-01       3.49007e+01
  950  9.50e-03      5.22983e+01       3.14343e-01       3.49703e+01
  951  9.51e-03      5.23809e+01       3.75711e-01       3.50459e+01
  952  9.52e-03      5.22798e+01       3.26501e-01       3.49620e+01
  953  9.53e-03      5.25439e+01       3.23714e-01       3.51372e+01
  954  9.54e-03      5.26156e+01       3.27925e-01       3.51864e+01
  955  9.55e-03      5.25053e+01       3.09034e-01       3.51066e+01
  956  9.56e-03      5.25906e+01       2.78204e-01       3.51531e+01
  957  9.57e-03      5.24929e+01       2.89584e-01       3.50918e+01
  958  9.58e-03      5.28363e+01       3.27336e-01       3.53333e+01
  959  9.59e-03      5.23676e+01       2.58193e-01       3.49978e+01
  960  9.60e-03      5.27592e+01       2.63267e-01       3.52606e+01
  961  9.61e-03      5.27441e+01       2.70532e-01       3.52529e+01
  962  9.62e-03      5.27655e+01       2.62086e-01       3.52644e+01
  963  9.63e-03      5.27450e+01       2.69182e-01       3.52530e+01
  964  9.64e-03      5.25949e+01       2.49474e-01       3.51464e+01
  965  9.65e-03      5.31311e+01       2.27029e-01       3.54964e+01
  966  9.66e-03      5.22825e+01       2.01978e-01       3.49223e+01
  967  9.67e-03      5.23601e+01       2.58753e-01       3.49930e+01
  968  9.68e-03      5.22493e+01       2.83799e-01       3.49274e+01
  969  9.69e-03      5.22320e+01       2.75447e-01       3.49132e+01
  970  9.70e-03      5.20075e+01       2.84212e-01       3.47664e+01
  971  9.71e-03      5.21558e+01       2.66162e-01       3.48593e+01
  972  9.72e-03      5.20013e+01       2.29303e-01       3.47440e+01
  973  9.73e-03      5.22593e+01       2.66926e-01       3.49285e+01
  974  9.74e-03      5.25525e+01       2.80875e-01       3.51286e+01
  975  9.75e-03      5.18271e+01       3.17043e-01       3.46570e+01
  976  9.76e-03      5.22337e+01       2.68858e-01       3.49121e+01
  977  9.77e-03      5.19560e+01       2.90116e-01       3.47341e+01
  978  9.78e-03      5.24000e+01       2.86916e-01       3.50289e+01
  979  9.79e-03      5.18868e+01       3.09797e-01       3.46945e+01
  980  9.80e-03      5.21809e+01       2.62522e-01       3.48748e+01
  981  9.81e-03      5.20683e+01       3.30959e-01       3.48225e+01
  982  9.82e-03      5.20386e+01       2.71357e-01       3.47829e+01
  983  9.83e-03      5.25436e+01       2.14156e-01       3.51004e+01
  984  9.84e-03      5.23082e+01       3.30134e-01       3.49822e+01
  985  9.85e-03      5.24905e+01       2.68907e-01       3.50833e+01
  986  9.86e-03      5.19548e+01       2.80962e-01       3.47302e+01
  987  9.87e-03      5.23497e+01       3.05446e-01       3.50016e+01
  988  9.88e-03      5.18867e+01       3.04859e-01       3.46928e+01
  989  9.89e-03      5.24498e+01       3.34063e-01       3.50779e+01
  990  9.90e-03      5.21960e+01       3.40326e-01       3.49108e+01
  991  9.91e-03      5.23185e+01       3.16111e-01       3.49844e+01
  992  9.92e-03      5.24750e+01       3.79195e-01       3.51098e+01
  993  9.93e-03      5.25109e+01       3.44925e-01       3.51222e+01
  994  9.94e-03      5.28572e+01       3.14904e-01       3.53431e+01
  995  9.95e-03      5.26137e+01       3.12030e-01       3.51798e+01
  996  9.96e-03      5.33076e+01       3.35237e-01       3.56502e+01
  997  9.97e-03      5.28952e+01       3.50716e-01       3.53804e+01
  998  9.98e-03      5.33422e+01       3.14525e-01       3.56663e+01
  999  9.99e-03      5.31711e+01       3.53503e-01       3.55653e+01
