Delta = 2.000e+00 gamma
 step      t        T_in_plane/mK   T_out_of_plane/mK   T_tot/mK
    0  0.00e+00      1.88638e-29       0.00000e+00       1.25759e-29
    1  1.00e-06      4.13544e-03       3.88000e-03       4.05029e-03
    2  2.00e-06      9.86960e-03       7.62335e-03       9.12085e-03
    3  3.00e-06      1.16727e-02       1.60983e-02       1.31479e-02
    4  4.00e-06      1.45227e-02       1.87176e-02       1.59210e-02
    5  5.00e-06      1.73675e-02       2.37301e-02       1.94883e-02
    6  6.00e-06      2.16659e-02       2.62070e-02       2.31796e-02
    7  7.00e-06      2.70475e-02       3.47645e-02       2.96198e-02
    8  8.00e-06      3.18011e-02       3.86166e-02       3.40729e-02
    9  9.00e-06      3.56674e-02       3.75752e-02       3.63033e-02
   10  1.00e-05      4.28128e-02       5.18458e-02       4.58238e-02
   11  1.10e-05      4.83122e-02       5.42954e-02       5.03066e-02
   12  1.20e-05      4.97777e-02       6.54792e-02       5.50115e-02
   13  1.30e-05      5.29559e-02       4.27443e-02       4.95520e-02
   14  1.40e-05      5.56426e-02       6.10370e-02       5.74407e-02
   15  1.50e-05      6.21659e-02       6.66068e-02       6.36462e-02
   16  1.60e-05      6.97626e-02       6.51443e-02       6.82232e-02
   17  1.70e-05      7.61013e-02       5.78895e-02       7.00307e-02
   18  1.80e-05      7.95825e-02       5.94496e-02       7.28716e-02
   19  1.90e-05      8.37833e-02       7.18313e-02       7.97993e-02
   20  2.00e-05      8.44186e-02       8.27794e-02       8.38722e-02
   21  2.10e-05      8.82795e-02       8.98478e-02       8.88022e-02
   22  2.20e-05      9.58078e-02       9.48271e-02       9.54809e-02
   23  2.30e-05      9.97461e-02       9.56219e-02       9.83714e-02
   24  2.40e-05      1.03293e-01       9.93099e-02       1.01966e-01
   25  2.50e-05      1.06628e-01       9.63036e-02       1.03186e-01
   26  2.60e-05      1.07971e-01       1.05600e-01       1.07181e-01
   27  2.70e-05      1.10496e-01       1.07460e-01       1.09484e-01
   28  2.80e-05      1.09659e-01       1.10195e-01       1.09838e-01
   29  2.90e-05      1.10941e-01       1.07394e-01       1.09759e-01
   30  3.00e-05      1.14349e-01       1.05894e-01       1.11530e-01
   31  3.10e-05      1.17179e-01       1.16297e-01       1.16885e-01
   32  3.20e-05      1.19858e-01       1.34059e-01       1.24591e-01
   33  3.30e-05      1.23949e-01       9.54019e-02       1.14433e-01
   34  3.40e-05      1.27714e-01       1.26195e-01       1.27208e-01
   35  3.50e-05      1.32426e-01       1.15596e-01       1.26816e-01
   36  3.60e-05      1.35886e-01       1.25317e-01       1.32363e-01
   37  3.70e-05      1.42845e-01       1.32871e-01       1.39521e-01
   38  3.80e-05      1.40993e-01       1.30395e-01       1.37460e-01
   39  3.90e-05      1.45102e-01       1.39581e-01       1.43262e-01
   40  4.00e-05      1.44855e-01       1.54190e-01       1.47967e-01
   41  4.10e-05      1.46177e-01       1.64913e-01       1.52423e-01
   42  4.20e-05      1.48706e-01       1.08609e-01       1.35340e-01
   43  4.30e-05      1.54153e-01       1.40932e-01       1.49746e-01
   44  4.40e-05      1.61630e-01       1.25827e-01       1.49696e-01
   45  4.50e-05      1.67754e-01       1.72185e-01       1.69231e-01
   46  4.60e-05      1.74869e-01       1.65246e-01       1.71661e-01
   47  4.70e-05      1.83900e-01       1.33661e-01       1.67154e-01
   48  4.80e-05      1.87567e-01       1.70378e-01       1.81838e-01
   49  4.90e-05      1.92363e-01       1.62247e-01       1.82324e-01
   50  5.00e-05      1.95297e-01       1.68508e-01       1.86367e-01
   51  5.10e-05      1.95348e-01       1.49842e-01       1.80180e-01
   52  5.20e-05      2.00312e-01       1.68239e-01       1.89621e-01
   53  5.30e-05      2.04878e-01       1.77298e-01       1.95685e-01
   54  5.40e-05      2.09617e-01       1.45195e-01       1.88143e-01
   55  5.50e-05      2.11165e-01       1.55837e-01       1.92722e-01
   56  5.60e-05      2.16783e-01       1.47356e-01       1.93641e-01
   57  5.70e-05      2.15053e-01       1.63156e-01       1.97754e-01
   58  5.80e-05      2.15975e-01       1.62943e-01       1.98297e-01
   59  5.90e-05      2.15545e-01       1.68948e-01       2.00013e-01
   60  6.00e-05      2.23910e-01       1.78747e-01       2.08856e-01
   61  6.10e-05      2.26001e-01       1.37759e-01       1.96587e-01
   62  6.20e-05      2.31297e-01       1.62324e-01       2.08306e-01
   63  6.30e-05      2.42333e-01       1.59879e-01       2.14849e-01
   64  6.40e-05      2.49683e-01       1.82358e-01       2.27242e-01
   65  6.50e-05      2.54391e-01       1.56070e-01       2.21617e-01
   66  6.60e-05      2.64633e-01       1.64822e-01       2.31363e-01
   67  6.70e-05      2.64544e-01       1.63372e-01       2.30820e-01
   68  6.80e-05      2.64621e-01       1.41014e-01       2.23419e-01
   69  6.90e-05      2.71078e-01       1.79607e-01       2.40588e-01
   70  7.00e-05      2.69688e-01       1.61822e-01       2.33732e-01
   71  7.10e-05      2.71343e-01       1.66665e-01       2.36450e-01
   72  7.20e-05      2.76440e-01       1.78036e-01       2.43639e-01
   73  7.30e-05      2.78555e-01       1.83260e-01       2.46790e-01
   74  7.40e-05      2.79379e-01       1.72685e-01       2.43814e-01
   75  7.50e-05      2.81400e-01       1.54245e-01       2.39015e-01
   76  7.60e-05      2.81302e-01       1.50577e-01       2.37727e-01
   77  7.70e-05      2.77132e-01       1.98276e-01       2.50847e-01
   78  7.80e-05      2.81080e-01       1.90822e-01       2.50994e-01
   79  7.90e-05      2.79907e-01       1.65266e-01       2.41693e-01
   80  8.00e-05      2.89218e-01       1.96401e-01       2.58279e-01
   81  8.10e-05      2.85960e-01       1.60343e-01       2.44088e-01
   82  8.20e-05      2.84477e-01       2.00295e-01       2.56416e-01
   83  8.30e-05      2.91004e-01       1.82862e-01       2.54956e-01
   84  8.40e-05      2.97136e-01       1.85797e-01       2.60023e-01
   85  8.50e-05      2.92302e-01       1.83082e-01       2.55895e-01
   86  8.60e-05      2.98422e-01       1.98749e-01       2.65198e-01
   87  8.70e-05      2.96608e-01       1.49897e-01       2.47704e-01
   88  8.80e-05      3.04120e-01       1.92531e-01       2.66924e-01
   89  8.90e-05      3.04804e-01       1.80601e-01       2.63403e-01
   90  9.00e-05      3.05240e-01       2.01802e-01       2.70761e-01
   91  9.10e-05      3.07725e-01       1.76985e-01       2.64145e-01
   92  9.20e-05      3.05440e-01       1.81506e-01       2.64128e-01
   93  9.30e-05      3.03774e-01       2.11587e-01       2.73045e-01
   94  9.40e-05      3.08323e-01       1.71574e-01       2.62740e-01
   95  9.50e-05      3.05603e-01       1.57872e-01       2.56359e-01
   96  9.60e-05      3.10060e-01       1.92849e-01       2.70990e-01
   97  9.70e-05      3.12489e-01       1.86313e-01       2.70430e-01
   98  9.80e-05      3.13165e-01       2.18010e-01       2.81447e-01
   99  9.90e-05      3.13538e-01       2.04511e-01       2.77196e-01
  100  1.00e-04      3.17641e-01       2.05387e-01       2.80223e-01
  101  1.01e-04      3.21789e-01       2.16371e-01       2.86650e-01
  102  1.02e-04      3.23594e-01       2.39674e-01       2.95621e-01
  103  1.03e-04      3.27973e-01       2.01089e-01       2.85678e-01
  104  1.04e-04      3.30392e-01       2.47784e-01       3.02856e-01
  105  1.05e-04      3.40289e-01       2.28771e-01       3.03116e-01
  106  1.06e-04      3.39139e-01       1.94782e-01       2.91020e-01
  107  1.07e-04      3.46681e-01       2.27100e-01       3.06821e-01
  108  1.08e-04      3.43030e-01       2.26477e-01       3.04179e-01
  109  1.09e-04      3.45992e-01       2.34783e-01       3.08922e-01
  110  1.10e-04      3.47371e-01       2.04962e-01       2.99901e-01
  111  1.11e-04      3.51374e-01       2.33676e-01       3.12141e-01
  112  1.12e-04      3.63186e-01       2.28649e-01       3.18340e-01
  113  1.13e-04      3.69418e-01       1.81340e-01       3.06725e-01
  114  1.14e-04      3.86732e-01       2.09781e-01       3.27749e-01
  115  1.15e-04      3.90788e-01       2.27081e-01       3.36219e-01
  116  1.16e-04      3.95789e-01       2.06152e-01       3.32577e-01
  117  1.17e-04      4.03486e-01       2.31044e-01       3.46005e-01
  118  1.18e-04      4.02079e-01       2.38607e-01       3.47589e-01
  119  1.19e-04      4.11338e-01       2.09645e-01       3.44107e-01
  120  1.20e-04      4.20280e-01       2.28542e-01       3.56367e-01
  121  1.21e-04      4.29451e-01       2.41169e-01       3.66690e-01
  122  1.22e-04      4.39355e-01       2.35013e-01       3.71241e-01
  123  1.23e-04      4.46174e-01       2.36921e-01       3.76423e-01
  124  1.24e-04      4.51239e-01       2.29408e-01       3.77295e-01
  125  1.25e-04      4.61043e-01       2.14964e-01       3.79017e-01
  126  1.26e-04      4.62892e-01       2.35906e-01       3.87230e-01
  127  1.27e-04      4.74439e-01       2.33199e-01       3.94026e-01
  128  1.28e-04      4.81345e-01       2.52273e-01       4.04988e-01
  129  1.29e-04      4.79106e-01       2.28969e-01       3.95727e-01
  130  1.30e-04      4.85045e-01       2.21402e-01       3.97164e-01
  131  1.31e-04      4.96009e-01       1.82858e-01       3.91626e-01
  132  1.32e-04      4.98609e-01       1.91564e-01       3.96261e-01
  133  1.33e-04      5.11585e-01       2.32664e-01       4.18612e-01
  134  1.34e-04      5.17083e-01       2.01562e-01       4.11910e-01
  135  1.35e-04      5.22701e-01       2.37597e-01       4.27666e-01
  136  1.36e-04      5.24585e-01       2.38974e-01       4.29382e-01
  137  1.37e-04      5.23273e-01       2.08156e-01       4.18234e-01
  138  1.38e-04      5.18049e-01       2.10906e-01       4.15668e-01
  139  1.39e-04      5.25814e-01       1.92632e-01       4.14753e-01
  140  1.40e-04      5.22089e-01       2.28620e-01       4.24266e-01
  141  1.41e-04      5.22123e-01       1.91131e-01       4.11792e-01
  142  1.42e-04      5.22661e-01       1.98625e-01       4.14649e-01
  143  1.43e-04      5.27454e-01       2.33919e-01       4.29609e-01
  144  1.44e-04      5.37982e-01       2.00012e-01       4.25325e-01
  145  1.45e-04      5.45776e-01       2.25485e-01       4.39012e-01
  146  1.46e-04      5.51072e-01       2.57201e-01       4.53115e-01
  147  1.47e-04      5.58973e-01       2.35269e-01       4.51071e-01
  148  1.48e-04      5.58536e-01       2.35342e-01       4.50804e-01
  149  1.49e-04      5.61687e-01       2.42110e-01       4.55161e-01
  150  1.50e-04      5.56588e-01       2.33484e-01       4.48887e-01
  151  1.51e-04      5.59855e-01       2.85234e-01       4.68315e-01
  152  1.52e-04      5.59354e-01       2.56627e-01       4.58445e-01
  153  1.53e-04      5.54442e-01       2.48583e-01       4.52489e-01
  154  1.54e-04      5.51321e-01       2.71271e-01       4.57971e-01
  155  1.55e-04      5.59915e-01       2.65090e-01       4.61640e-01
  156  1.56e-04      5.73345e-01       2.30796e-01       4.59162e-01
  157  1.57e-04      5.91622e-01       2.28929e-01       4.70724e-01
  158  1.58e-04      6.03477e-01       2.60084e-01       4.89013e-01
  159  1.59e-04      6.04096e-01       2.65492e-01       4.91228e-01
  160  1.60e-04      6.12998e-01       2.80111e-01       5.02036e-01
  161  1.61e-04      6.22023e-01       2.77064e-01       5.07036e-01
  162  1.62e-04      6.39856e-01       2.46894e-01       5.08869e-01
  163  1.63e-04      6.44584e-01       2.47778e-01       5.12315e-01
  164  1.64e-04      6.49175e-01       3.26812e-01       5.41721e-01
  165  1.65e-04      6.57756e-01       2.49407e-01       5.21640e-01
  166  1.66e-04      6.69833e-01       2.91601e-01       5.43756e-01
  167  1.67e-04      6.67167e-01       3.11669e-01       5.48667e-01
  168  1.68e-04      6.64682e-01       2.63067e-01       5.30810e-01
  169  1.69e-04      6.75963e-01       3.08362e-01       5.53430e-01
  170  1.70e-04      6.79264e-01       2.99122e-01       5.52550e-01
  171  1.71e-04      6.88500e-01       2.56944e-01       5.44648e-01
  172  1.72e-04      6.87836e-01       2.80363e-01       5.52012e-01
  173  1.73e-04      6.96985e-01       2.98102e-01       5.64024e-01
  174  1.74e-04      7.04012e-01       2.83101e-01       5.63708e-01
  175  1.75e-04      7.03324e-01       3.11396e-01       5.72681e-01
  176  1.76e-04      7.00568e-01       3.17464e-01       5.72867e-01
  177  1.77e-04      7.06050e-01       3.10823e-01       5.74308e-01
  178  1.78e-04      7.03146e-01       3.44541e-01       5.83611e-01
  179  1.79e-04      7.09605e-01       3.48764e-01       5.89325e-01
  180  1.80e-04      7.01706e-01       2.99961e-01       5.67791e-01
  181  1.81e-04      7.02699e-01       2.80936e-01       5.62112e-01
  182  1.82e-04      7.03596e-01       3.20521e-01       5.75904e-01
  183  1.83e-04      7.10754e-01       3.09893e-01       5.77134e-01
  184  1.84e-04      7.08448e-01       3.41476e-01       5.86124e-01
  185  1.85e-04      7.11931e-01       3.27204e-01       5.83689e-01
  186  1.86e-04      7.12545e-01       3.05250e-01       5.76780e-01
  187  1.87e-04      7.10664e-01       3.13845e-01       5.78391e-01
  188  1.88e-04      7.10964e-01       3.75649e-01       5.99192e-01
  189  1.89e-04      7.18497e-01       3.27010e-01       5.88001e-01
  190  1.90e-04      7.23947e-01       3.29603e-01       5.92499e-01
  191  1.91e-04      7.23774e-01       3.17654e-01       5.88401e-01
  192  1.92e-04      7.21197e-01       2.84649e-01       5.75681e-01
  193  1.93e-04      7.20871e-01       3.38916e-01       5.93553e-01
  194  1.94e-04      7.21168e-01       3.17795e-01       5.86710e-01
  195  1.95e-04      7.33854e-01       3.26580e-01       5.98096e-01
  196  1.96e-04      7.36941e-01       3.62286e-01       6.12056e-01
  197  1.97e-04      7.35429e-01       3.29495e-01       6.00117e-01
  198  1.98e-04      7.42351e-01       2.90086e-01       5.91596e-01
  199  1.99e-04      7.39687e-01       3.09360e-01       5.96245e-01
  200  2.00e-04      7.40588e-01       3.24244e-01       6.01807e-01
  201  2.01e-04      7.40708e-01       3.62286e-01       6.14567e-01
  202  2.02e-04      7.37965e-01       3.50868e-01       6.08932e-01
  203  2.03e-04      7.36210e-01       3.53776e-01       6.08732e-01
  204  2.04e-04      7.48187e-01       2.91472e-01       5.95949e-01
  205  2.05e-04      7.54728e-01       3.26163e-01       6.11873e-01
  206  2.06e-04      7.60255e-01       2.74980e-01       5.98497e-01
  207  2.07e-04      7.63718e-01       3.43142e-01       6.23526e-01
  208  2.08e-04      7.64523e-01       3.67216e-01       6.32087e-01
  209  2.09e-04      7.62484e-01       3.34213e-01       6.19727e-01
  210  2.10e-04      7.65896e-01       3.17193e-01       6.16328e-01
  211  2.11e-04      7.72434e-01       3.27486e-01       6.24118e-01
  212  2.12e-04      7.85300e-01       3.67710e-01       6.46103e-01
  213  2.13e-04      7.93344e-01       3.31372e-01       6.39353e-01
  214  2.14e-04      7.94481e-01       3.14416e-01       6.34459e-01
  215  2.15e-04      8.02144e-01       2.70003e-01       6.24763e-01
  216  2.16e-04      7.97400e-01       3.36679e-01       6.43826e-01
  217  2.17e-04      7.93105e-01       3.22973e-01       6.36395e-01
  218  2.18e-04      8.02682e-01       2.95962e-01       6.33775e-01
  219  2.19e-04      8.08869e-01       2.90283e-01       6.36007e-01
  220  2.20e-04      8.18030e-01       3.09199e-01       6.48420e-01
  221  2.21e-04      8.20951e-01       2.95311e-01       6.45738e-01
  222  2.22e-04      8.26437e-01       3.09831e-01       6.54235e-01
  223  2.23e-04      8.28174e-01       3.41013e-01       6.65787e-01
  224  2.24e-04      8.35707e-01       2.74378e-01       6.48597e-01
  225  2.25e-04      8.49252e-01       2.79713e-01       6.59406e-01
  226  2.26e-04      8.52411e-01       2.86012e-01       6.63611e-01
  227  2.27e-04      8.55381e-01       3.17770e-01       6.76177e-01
  228  2.28e-04      8.59205e-01       2.79464e-01       6.65958e-01
  229  2.29e-04      8.57690e-01       3.11373e-01       6.75585e-01
  230  2.30e-04      8.48053e-01       3.18126e-01       6.71411e-01
  231  2.31e-04      8.47960e-01       3.02966e-01       6.66295e-01
  232  2.32e-04      8.43125e-01       2.91463e-01       6.59238e-01
  233  2.33e-04      8.49633e-01       2.59905e-01       6.53057e-01
  234  2.34e-04      8.61835e-01       3.29551e-01       6.84407e-01
  235  2.35e-04      8.73652e-01       2.78396e-01       6.75233e-01
  236  2.36e-04      8.75551e-01       3.07373e-01       6.86158e-01
  237  2.37e-04      8.65567e-01       3.36878e-01       6.89337e-01
  238  2.38e-04      8.70895e-01       3.31572e-01       6.91120e-01
  239  2.39e-04      8.74038e-01       2.80896e-01       6.76324e-01
  240  2.40e-04      8.76466e-01       2.97651e-01       6.83528e-01
  241  2.41e-04      8.95982e-01       2.91340e-01       6.94435e-01
  242  2.42e-04      9.02120e-01       2.88199e-01       6.97480e-01
  243  2.43e-04      9.17761e-01       3.17672e-01       7.17731e-01
  244  2.44e-04      9.10477e-01       2.96431e-01       7.05795e-01
  245  2.45e-04      9.15273e-01       3.43841e-01       7.24796e-01
  246  2.46e-04      9.32734e-01       2.98186e-01       7.21218e-01
  247  2.47e-04      9.40634e-01       2.99702e-01       7.26990e-01
  248  2.48e-04      9.54470e-01       2.76190e-01       7.28376e-01
  249  2.49e-04      9.61094e-01       3.17340e-01       7.46510e-01
  250  2.50e-04      9.63068e-01       3.14000e-01       7.46712e-01
  251  2.51e-04      9.49033e-01       3.71249e-01       7.56438e-01
  252  2.52e-04      9.44113e-01       3.38034e-01       7.42087e-01
  253  2.53e-04      9.50046e-01       3.51164e-01       7.50419e-01
  254  2.54e-04      9.52625e-01       3.44816e-01       7.50022e-01
  255  2.55e-04      9.64724e-01       3.11537e-01       7.46995e-01
  256  2.56e-04      9.60911e-01       2.87954e-01       7.36592e-01
  257  2.57e-04      9.66084e-01       3.13045e-01       7.48404e-01
  258  2.58e-04      9.68788e-01       3.54476e-01       7.64017e-01
  259  2.59e-04      9.77249e-01       3.18200e-01       7.57566e-01
  260  2.60e-04      9.85917e-01       3.51774e-01       7.74536e-01
  261  2.61e-04      9.92699e-01       3.18890e-01       7.68096e-01
  262  2.62e-04      1.00363e+00       3.58210e-01       7.88490e-01
  263  2.63e-04      1.00733e+00       3.07101e-01       7.73923e-01
  264  2.64e-04      1.01390e+00       3.78321e-01       8.02043e-01
  265  2.65e-04      1.03146e+00       3.27727e-01       7.96882e-01
  266  2.66e-04      1.03692e+00       3.82526e-01       8.18790e-01
  267  2.67e-04      1.04573e+00       3.29889e-01       8.07119e-01
  268  2.68e-04      1.06283e+00       3.16983e-01       8.14217e-01
  269  2.69e-04      1.05923e+00       3.23833e-01       8.14098e-01
  270  2.70e-04      1.07853e+00       2.90007e-01       8.15689e-01
  271  2.71e-04      1.07952e+00       3.50627e-01       8.36559e-01
  272  2.72e-04      1.08087e+00       2.75511e-01       8.12418e-01
  273  2.73e-04      1.07697e+00       3.30047e-01       8.27996e-01
  274  2.74e-04      1.08229e+00       2.86190e-01       8.16923e-01
  275  2.75e-04      1.09250e+00       3.58362e-01       8.47787e-01
  276  2.76e-04      1.09614e+00       3.12405e-01       8.34897e-01
  277  2.77e-04      1.08969e+00       3.00893e-01       8.26756e-01
  278  2.78e-04      1.08732e+00       2.99960e-01       8.24869e-01
  279  2.79e-04      1.08327e+00       3.26069e-01       8.30869e-01
  280  2.80e-04      1.08272e+00       2.56248e-01       8.07226e-01
  281  2.81e-04      1.09811e+00       3.35022e-01       8.43750e-01
  282  2.82e-04      1.10583e+00       2.97507e-01       8.36386e-01
  283  2.83e-04      1.10491e+00       3.32562e-01       8.47460e-01
  284  2.84e-04      1.10959e+00       3.22442e-01       8.47208e-01
  285  2.85e-04      1.10787e+00       2.98186e-01       8.37979e-01
  286  2.86e-04      1.10515e+00       3.19525e-01       8.43274e-01
  287  2.87e-04      1.10488e+00       3.24361e-01       8.44704e-01
  288  2.88e-04      1.09977e+00       3.20083e-01       8.39876e-01
  289  2.89e-04      1.10108e+00       2.73016e-01       8.25060e-01
  290  2.90e-04      1.10887e+00       2.86968e-01       8.34905e-01
  291  2.91e-04      1.12095e+00       3.05593e-01       8.49166e-01
  292  2.92e-04      1.12070e+00       3.01959e-01       8.47783e-01
  293  2.93e-04      1.13490e+00       3.02509e-01       8.57434e-01
  294  2.94e-04      1.15565e+00       3.46645e-01       8.85979e-01
  295  2.95e-04      1.15986e+00       3.03070e-01       8.74265e-01
  296  2.96e-04      1.16865e+00       3.32179e-01       8.89826e-01
  297  2.97e-04      1.17454e+00       2.89195e-01       8.79422e-01
  298  2.98e-04      1.16376e+00       2.86115e-01       8.71209e-01
  299  2.99e-04      1.17174e+00       2.86492e-01       8.76659e-01
  300  3.00e-04      1.17435e+00       3.06261e-01       8.84985e-01
  301  3.01e-04      1.17590e+00       2.74242e-01       8.75348e-01
  302  3.02e-04      1.17975e+00       3.43274e-01       9.00924e-01
  303  3.03e-04      1.17606e+00       2.89004e-01       8.80375e-01
  304  3.04e-04      1.18424e+00       2.62288e-01       8.76921e-01
  305  3.05e-04      1.17912e+00       3.22143e-01       8.93458e-01
  306  3.06e-04      1.18894e+00       3.33439e-01       9.03775e-01
  307  3.07e-04      1.18845e+00       3.09863e-01       8.95586e-01
  308  3.08e-04      1.18656e+00       2.57025e-01       8.76712e-01
  309  3.09e-04      1.18776e+00       2.98670e-01       8.91399e-01
  310  3.10e-04      1.18998e+00       2.54690e-01       8.78214e-01
  311  3.11e-04      1.19722e+00       2.58264e-01       8.84237e-01
  312  3.12e-04      1.19281e+00       2.88097e-01       8.91241e-01
  313  3.13e-04      1.19869e+00       2.78220e-01       8.91865e-01
  314  3.14e-04      1.19772e+00       3.13527e-01       9.02989e-01
  315  3.15e-04      1.18682e+00       3.10379e-01       8.94675e-01
  316  3.16e-04      1.18132e+00       3.24734e-01       8.95795e-01
  317  3.17e-04      1.17340e+00       2.93175e-01       8.79992e-01
  318  3.18e-04      1.19581e+00       3.17245e-01       9.02954e-01
  319  3.19e-04      1.21656e+00       2.84604e-01       9.05905e-01
  320  3.20e-04      1.21306e+00       2.86457e-01       9.04196e-01
  321  3.21e-04      1.22624e+00       2.79002e-01       9.10491e-01
  322  3.22e-04      1.22221e+00       2.53040e-01       8.99153e-01
  323  3.23e-04      1.24310e+00       2.89562e-01       9.25256e-01
  324  3.24e-04      1.25193e+00       2.90195e-01       9.31350e-01
  325  3.25e-04      1.26013e+00       3.63939e-01       9.61402e-01
  326  3.26e-04      1.26951e+00       2.70330e-01       9.36453e-01
  327  3.27e-04      1.26922e+00       3.04037e-01       9.47492e-01
  328  3.28e-04      1.26768e+00       3.00308e-01       9.45220e-01
  329  3.29e-04      1.26857e+00       2.90633e-01       9.42594e-01
  330  3.30e-04      1.27560e+00       3.05231e-01       9.52145e-01
  331  3.31e-04      1.27323e+00       3.10081e-01       9.52179e-01
  332  3.32e-04      1.28162e+00       2.53086e-01       9.38774e-01
  333  3.33e-04      1.28918e+00       2.95022e-01       9.57792e-01
  334  3.34e-04      1.29469e+00       2.13438e-01       9.34274e-01
  335  3.35e-04      1.31273e+00       2.95886e-01       9.73783e-01
  336  3.36e-04      1.30068e+00       2.79437e-01       9.60266e-01
  337  3.37e-04      1.28646e+00       2.72411e-01       9.48445e-01
  338  3.38e-04      1.28727e+00       3.39051e-01       9.71200e-01
  339  3.39e-04      1.28772e+00       2.42704e-01       9.39379e-01
  340  3.40e-04      1.29060e+00       3.29788e-01       9.70332e-01
  341  3.41e-04      1.30052e+00       2.73285e-01       9.58106e-01
  342  3.42e-04      1.30907e+00       2.92936e-01       9.70361e-01
  343  3.43e-04      1.30497e+00       2.82774e-01       9.64239e-01
  344  3.44e-04      1.30018e+00       2.47717e-01       9.49356e-01
  345  3.45e-04      1.31504e+00       2.79760e-01       9.69946e-01
  346  3.46e-04      1.31750e+00       2.54002e-01       9.63001e-01
  347  3.47e-04      1.31581e+00       3.44576e-01       9.92064e-01
  348  3.48e-04      1.32928e+00       2.99314e-01       9.85955e-01
  349  3.49e-04      1.33983e+00       3.47261e-01       1.00897e+00
  350  3.50e-04      1.34926e+00       2.91127e-01       9.96550e-01
  351  3.51e-04      1.34977e+00       3.30733e-01       1.01009e+00
  352  3.52e-04      1.33771e+00       2.81536e-01       9.85653e-01
  353  3.53e-04      1.34207e+00       2.92110e-01       9.92081e-01
  354  3.54e-04      1.35217e+00       2.50495e-01       9.84946e-01
  355  3.55e-04      1.35332e+00       2.83972e-01       9.96871e-01
  356  3.56e-04      1.35468e+00       3.06416e-01       1.00526e+00
  357  3.57e-04      1.37384e+00       2.51683e-01       9.99787e-01
  358  3.58e-04      1.39100e+00       3.49103e-01       1.04370e+00
  359  3.59e-04      1.39976e+00       2.69729e-01       1.02308e+00
  360  3.60e-04      1.40016e+00       2.80930e-01       1.02709e+00
  361  3.61e-04      1.42133e+00       2.55374e-01       1.03268e+00
  362  3.62e-04      1.42690e+00       3.00829e-01       1.05154e+00
  363  3.63e-04      1.42513e+00       2.50609e-01       1.03362e+00
  364  3.64e-04      1.42344e+00       2.88455e-01       1.04511e+00
  365  3.65e-04      1.43543e+00       2.51549e-01       1.04080e+00
  366  3.66e-04      1.43829e+00       3.16739e-01       1.06444e+00
  367  3.67e-04      1.45896e+00       2.81234e-01       1.06638e+00
  368  3.68e-04      1.47290e+00       2.93913e-01       1.07990e+00
  369  3.69e-04      1.47887e+00       3.00309e-01       1.08602e+00
  370  3.70e-04      1.48344e+00       2.43878e-01       1.07025e+00
  371  3.71e-04      1.48431e+00       2.72436e-01       1.08035e+00
  372  3.72e-04      1.47817e+00       2.96071e-01       1.08414e+00
  373  3.73e-04      1.48462e+00       2.39399e-01       1.06955e+00
  374  3.74e-04      1.49048e+00       2.46619e-01       1.07586e+00
  375  3.75e-04      1.48723e+00       3.22104e-01       1.09886e+00
  376  3.76e-04      1.49237e+00       2.58365e-01       1.08103e+00
  377  3.77e-04      1.49526e+00       2.68881e-01       1.08647e+00
  378  3.78e-04      1.49315e+00       2.70846e-01       1.08572e+00
  379  3.79e-04      1.50471e+00       2.58007e-01       1.08914e+00
  380  3.80e-04      1.50237e+00       2.65431e-01       1.09006e+00
  381  3.81e-04      1.52868e+00       2.70283e-01       1.10922e+00
  382  3.82e-04      1.51453e+00       2.70306e-01       1.09979e+00
  383  3.83e-04      1.51281e+00       2.61232e-01       1.09562e+00
  384  3.84e-04      1.51570e+00       2.31164e-01       1.08752e+00
  385  3.85e-04      1.52021e+00       2.68348e-01       1.10292e+00
  386  3.86e-04      1.54459e+00       2.96103e-01       1.12843e+00
  387  3.87e-04      1.55455e+00       2.30780e-01       1.11329e+00
  388  3.88e-04      1.57254e+00       3.13639e-01       1.15291e+00
  389  3.89e-04      1.57607e+00       2.76978e-01       1.14304e+00
  390  3.90e-04      1.58182e+00       2.61029e-01       1.14156e+00
  391  3.91e-04      1.60241e+00       2.68147e-01       1.15765e+00
  392  3.92e-04      1.61561e+00       2.62144e-01       1.16446e+00
  393  3.93e-04      1.62175e+00       2.55583e-01       1.16636e+00
  394  3.94e-04      1.62562e+00       2.89829e-01       1.18036e+00
  395  3.95e-04      1.65039e+00       2.57814e-01       1.18620e+00
  396  3.96e-04      1.64940e+00       3.04033e-01       1.20094e+00
  397  3.97e-04      1.63976e+00       2.53909e-01       1.17781e+00
  398  3.98e-04      1.64361e+00       2.17603e-01       1.16827e+00
  399  3.99e-04      1.64264e+00       3.06442e-01       1.19724e+00
  400  4.00e-04      1.64394e+00       2.74171e-01       1.18735e+00
  401  4.01e-04      1.64015e+00       2.63855e-01       1.18138e+00
  402  4.02e-04      1.63226e+00       2.57504e-01       1.17401e+00
  403  4.03e-04      1.63494e+00       3.34066e-01       1.20132e+00
  404  4.04e-04      1.62196e+00       2.71172e-01       1.17170e+00
  405  4.05e-04      1.62675e+00       2.77365e-01       1.17695e+00
  406  4.06e-04      1.64603e+00       2.39433e-01       1.17716e+00
  407  4.07e-04      1.64506e+00       2.71844e-01       1.18732e+00
  408  4.08e-04      1.64134e+00       2.40648e-01       1.17444e+00
  409  4.09e-04      1.65908e+00       2.77540e-01       1.19856e+00
  410  4.10e-04      1.65679e+00       3.29611e-01       1.21439e+00
  411  4.11e-04      1.67489e+00       2.90510e-01       1.21343e+00
  412  4.12e-04      1.69270e+00       2.95358e-01       1.22692e+00
  413  4.13e-04      1.69380e+00       2.72110e-01       1.21990e+00
  414  4.14e-04      1.71136e+00       2.82602e-01       1.23510e+00
  415  4.15e-04      1.70430e+00       2.62573e-01       1.22373e+00
  416  4.16e-04      1.70130e+00       2.39726e-01       1.21411e+00
  417  4.17e-04      1.70357e+00       2.87182e-01       1.23144e+00
  418  4.18e-04      1.70986e+00       2.59813e-01       1.22651e+00
  419  4.19e-04      1.70269e+00       2.88150e-01       1.23118e+00
  420  4.20e-04      1.71230e+00       3.13720e-01       1.24610e+00
  421  4.21e-04      1.69780e+00       3.15393e-01       1.23699e+00
  422  4.22e-04      1.70894e+00       2.89713e-01       1.23586e+00
  423  4.23e-04      1.70931e+00       2.88805e-01       1.23581e+00
  424  4.24e-04      1.70824e+00       3.10207e-01       1.24223e+00
  425  4.25e-04      1.72437e+00       2.67567e-01       1.23877e+00
  426  4.26e-04      1.71839e+00       2.51732e-01       1.22951e+00
  427  4.27e-04      1.73590e+00       2.47032e-01       1.23961e+00
  428  4.28e-04      1.74596e+00       2.71777e-01       1.25456e+00
  429  4.29e-04      1.73207e+00       2.80067e-01       1.24807e+00
  430  4.30e-04      1.73937e+00       3.34076e-01       1.27094e+00
  431  4.31e-04      1.73071e+00       2.94289e-01       1.25190e+00
  432  4.32e-04      1.73412e+00       2.74222e-01       1.24749e+00
  433  4.33e-04      1.73796e+00       2.71545e-01       1.24915e+00
  434  4.34e-04      1.75046e+00       2.84563e-01       1.26183e+00
  435  4.35e-04      1.76249e+00       2.88378e-01       1.27112e+00
  436  4.36e-04      1.73627e+00       2.54797e-01       1.24244e+00
  437  4.37e-04      1.74323e+00       3.00536e-01       1.26233e+00
  438  4.38e-04      1.75178e+00       2.89241e-01       1.26426e+00
  439  4.39e-04      1.76891e+00       2.88208e-01       1.27534e+00
  440  4.40e-04      1.78525e+00       2.54044e-01       1.27484e+00
  441  4.41e-04      1.79044e+00       2.91928e-01       1.29094e+00
  442  4.42e-04      1.79805e+00       3.20084e-01       1.30539e+00
  443  4.43e-04      1.78702e+00       2.94451e-01       1.28950e+00
  444  4.44e-04      1.81104e+00       3.06879e-01       1.30966e+00
  445  4.45e-04      1.81913e+00       2.90234e-01       1.30950e+00
  446  4.46e-04      1.84526e+00       2.89585e-01       1.32670e+00
  447  4.47e-04      1.85111e+00       2.72865e-01       1.32503e+00
  448  4.48e-04      1.85272e+00       2.78741e-01       1.32806e+00
  449  4.49e-04      1.89080e+00       2.65040e-01       1.34888e+00
  450  4.50e-04      1.89315e+00       2.96962e-01       1.36109e+00
  451  4.51e-04      1.89976e+00       2.90396e-01       1.36330e+00
  452  4.52e-04      1.91130e+00       3.02882e-01       1.37516e+00
  453  4.53e-04      1.92576e+00       2.68789e-01       1.37344e+00
  454  4.54e-04      1.92604e+00       3.22822e-01       1.39163e+00
  455  4.55e-04      1.93673e+00       3.09787e-01       1.39441e+00
  456  4.56e-04      1.93963e+00       2.92215e-01       1.39049e+00
  457  4.57e-04      1.94812e+00       2.76019e-01       1.39075e+00
  458  4.58e-04      1.97568e+00       2.65116e-01       1.40549e+00
  459  4.59e-04      1.98394e+00       3.31266e-01       1.43305e+00
  460  4.60e-04      1.99061e+00       2.49093e-01       1.41011e+00
  461  4.61e-04      1.99637e+00       2.24153e-01       1.40563e+00
  462  4.62e-04      2.00708e+00       2.92455e-01       1.43554e+00
  463  4.63e-04      2.03542e+00       3.15796e-01       1.46222e+00
  464  4.64e-04      2.03545e+00       2.83857e-01       1.45159e+00
  465  4.65e-04      2.03409e+00       3.35375e-01       1.46785e+00
  466  4.66e-04      2.03858e+00       3.14358e-01       1.46384e+00
  467  4.67e-04      2.04141e+00       3.03016e-01       1.46195e+00
  468  4.68e-04      2.03920e+00       2.68422e-01       1.44894e+00
  469  4.69e-04      2.04000e+00       2.86850e-01       1.45562e+00
  470  4.70e-04      2.05146e+00       2.81276e-01       1.46140e+00
  471  4.71e-04      2.06399e+00       2.72715e-01       1.46690e+00
  472  4.72e-04      2.05659e+00       3.05157e-01       1.47278e+00
  473  4.73e-04      2.04819e+00       3.18428e-01       1.47161e+00
  474  4.74e-04      2.06816e+00       2.48373e-01       1.46156e+00
  475  4.75e-04      2.07670e+00       2.53143e-01       1.46884e+00
  476  4.76e-04      2.08332e+00       3.08296e-01       1.49164e+00
  477  4.77e-04      2.11572e+00       3.02844e-01       1.51143e+00
  478  4.78e-04      2.11880e+00       3.07534e-01       1.51505e+00
  479  4.79e-04      2.13140e+00       2.86013e-01       1.51627e+00
  480  4.80e-04      2.12437e+00       2.99880e-01       1.51621e+00
  481  4.81e-04      2.12106e+00       3.23944e-01       1.52202e+00
  482  4.82e-04      2.13426e+00       2.85828e-01       1.51812e+00
  483  4.83e-04      2.13672e+00       2.93189e-01       1.52221e+00
  484  4.84e-04      2.11295e+00       2.76600e-01       1.50083e+00
  485  4.85e-04      2.10567e+00       2.58015e-01       1.48979e+00
  486  4.86e-04      2.11338e+00       2.59938e-01       1.49556e+00
  487  4.87e-04      2.10909e+00       2.85514e-01       1.50123e+00
  488  4.88e-04      2.10491e+00       2.78945e-01       1.49625e+00
  489  4.89e-04      2.11226e+00       3.11983e-01       1.51216e+00
  490  4.90e-04      2.10370e+00       3.16751e-01       1.50805e+00
  491  4.91e-04      2.13304e+00       2.53002e-01       1.50636e+00
  492  4.92e-04      2.14889e+00       2.92141e-01       1.52997e+00
  493  4.93e-04      2.14249e+00       2.86069e-01       1.52368e+00
  494  4.94e-04      2.14613e+00       2.84720e-01       1.52566e+00
  495  4.95e-04      2.16310e+00       2.35127e-01       1.52044e+00
  496  4.96e-04      2.17877e+00       2.85770e-01       1.54777e+00
  497  4.97e-04      2.16868e+00       3.09951e-01       1.54911e+00
  498  4.98e-04      2.18751e+00       2.31250e-01       1.53543e+00
  499  4.99e-04      2.18981e+00       2.45437e-01       1.54169e+00
