Delta = -8.947e-01 gamma
 step      t        T_in_plane/mK   T_out_of_plane/mK   T_tot/mK
    0  0.00e+00      1.88638e-29       0.00000e+00       1.25759e-29
    1  1.00e-05      3.11716e-02       4.72530e-02       3.65321e-02
    2  2.00e-05      6.54761e-02       8.48741e-02       7.19421e-02
    3  3.00e-05      1.03076e-01       1.29915e-01       1.12022e-01
    4  4.00e-05      1.37233e-01       1.71545e-01       1.48671e-01
    5  5.00e-05      1.77361e-01       2.31962e-01       1.95561e-01
    6  6.00e-05      2.04999e-01       2.00699e-01       2.03565e-01
    7  7.00e-05      2.26526e-01       2.13738e-01       2.22263e-01
    8  8.00e-05      2.70618e-01       2.14459e-01       2.51899e-01
    9  9.00e-05      3.08778e-01       2.29829e-01       2.82462e-01
   10  1.00e-04      3.56608e-01       2.32067e-01       3.15095e-01
   11  1.10e-04      4.06708e-01       2.39905e-01       3.51107e-01
   12  1.20e-04      4.47428e-01       2.58995e-01       3.84617e-01
   13  1.30e-04      4.48096e-01       2.50559e-01       3.82250e-01
   14  1.40e-04      4.90089e-01       3.05682e-01       4.28620e-01
   15  1.50e-04      5.34003e-01       2.59052e-01       4.42352e-01
   16  1.60e-04      5.70563e-01       2.87633e-01       4.76253e-01
   17  1.70e-04      6.35186e-01       2.82080e-01       5.17484e-01
   18  1.80e-04      6.48252e-01       2.81295e-01       5.25933e-01
   19  1.90e-04      7.03742e-01       3.10712e-01       5.72732e-01
   20  2.00e-04      7.40086e-01       2.73014e-01       5.84396e-01
   21  2.10e-04      7.88380e-01       3.00380e-01       6.25713e-01
   22  2.20e-04      8.06772e-01       3.29982e-01       6.47842e-01
   23  2.30e-04      8.20099e-01       2.71969e-01       6.37389e-01
   24  2.40e-04      8.36584e-01       3.57747e-01       6.76972e-01
   25  2.50e-04      8.53570e-01       2.92330e-01       6.66490e-01
   26  2.60e-04      8.81671e-01       2.99130e-01       6.87491e-01
   27  2.70e-04      9.21910e-01       3.13654e-01       7.19158e-01
   28  2.80e-04      9.70087e-01       2.93877e-01       7.44683e-01
   29  2.90e-04      9.90949e-01       2.84212e-01       7.55370e-01
   30  3.00e-04      1.01026e+00       2.61480e-01       7.60669e-01
   31  3.10e-04      1.04240e+00       2.75073e-01       7.86622e-01
   32  3.20e-04      1.06167e+00       2.86058e-01       8.03134e-01
   33  3.30e-04      1.10069e+00       2.71615e-01       8.24330e-01
   34  3.40e-04      1.12592e+00       3.55565e-01       8.69136e-01
   35  3.50e-04      1.15540e+00       2.88252e-01       8.66348e-01
   36  3.60e-04      1.15535e+00       3.90760e-01       9.00489e-01
   37  3.70e-04      1.19105e+00       3.57176e-01       9.13094e-01
   38  3.80e-04      1.21884e+00       2.70340e-01       9.02676e-01
   39  3.90e-04      1.24337e+00       2.89308e-01       9.25352e-01
   40  4.00e-04      1.29104e+00       2.52799e-01       9.44962e-01
   41  4.10e-04      1.34051e+00       2.72865e-01       9.84628e-01
   42  4.20e-04      1.35147e+00       2.86529e-01       9.96488e-01
   43  4.30e-04      1.39039e+00       2.76732e-01       1.01917e+00
   44  4.40e-04      1.41219e+00       2.97715e-01       1.04070e+00
   45  4.50e-04      1.44497e+00       3.03289e-01       1.06441e+00
   46  4.60e-04      1.49078e+00       3.20989e-01       1.10085e+00
   47  4.70e-04      1.55047e+00       3.45041e-01       1.14866e+00
   48  4.80e-04      1.57667e+00       2.96161e-01       1.14983e+00
   49  4.90e-04      1.59841e+00       3.09611e-01       1.16881e+00
   50  5.00e-04      1.65071e+00       2.67306e-01       1.18958e+00
   51  5.10e-04      1.66784e+00       2.62193e-01       1.19929e+00
   52  5.20e-04      1.70551e+00       2.96077e-01       1.23570e+00
   53  5.30e-04      1.67763e+00       3.42364e-01       1.23254e+00
   54  5.40e-04      1.75785e+00       3.04271e-01       1.27332e+00
   55  5.50e-04      1.76533e+00       2.47243e-01       1.25930e+00
   56  5.60e-04      1.87124e+00       2.88007e-01       1.34349e+00
   57  5.70e-04      1.94487e+00       2.40814e-01       1.37685e+00
   58  5.80e-04      2.04479e+00       2.38150e-01       1.44257e+00
   59  5.90e-04      2.08991e+00       2.40558e-01       1.47346e+00
   60  6.00e-04      2.13302e+00       2.70302e-01       1.51211e+00
   61  6.10e-04      2.19185e+00       2.55140e-01       1.54628e+00
   62  6.20e-04      2.24009e+00       2.80526e-01       1.58690e+00
   63  6.30e-04      2.25037e+00       2.63661e-01       1.58814e+00
   64  6.40e-04      2.33362e+00       3.26687e-01       1.66464e+00
   65  6.50e-04      2.44529e+00       2.85795e-01       1.72546e+00
   66  6.60e-04      2.44555e+00       3.40896e-01       1.74400e+00
   67  6.70e-04      2.45588e+00       2.97676e-01       1.73648e+00
   68  6.80e-04      2.48007e+00       3.32794e-01       1.76431e+00
   69  6.90e-04      2.57125e+00       3.13505e-01       1.81867e+00
   70  7.00e-04      2.65779e+00       3.26235e-01       1.88061e+00
   71  7.10e-04      2.69624e+00       3.06975e-01       1.89982e+00
   72  7.20e-04      2.70732e+00       2.91727e-01       1.90212e+00
   73  7.30e-04      2.71127e+00       2.61061e-01       1.89453e+00
   74  7.40e-04      2.71272e+00       2.67223e-01       1.89755e+00
   75  7.50e-04      2.67813e+00       3.22440e-01       1.89290e+00
   76  7.60e-04      2.68130e+00       2.57758e-01       1.87345e+00
   77  7.70e-04      2.79124e+00       3.47362e-01       1.97661e+00
   78  7.80e-04      2.78764e+00       3.37007e-01       1.97076e+00
   79  7.90e-04      2.80042e+00       3.75180e-01       1.99200e+00
   80  8.00e-04      2.88229e+00       3.92490e-01       2.05235e+00
   81  8.10e-04      2.90458e+00       3.45291e-01       2.05148e+00
   82  8.20e-04      2.90496e+00       3.31846e-01       2.04726e+00
   83  8.30e-04      2.91724e+00       3.37143e-01       2.05721e+00
   84  8.40e-04      2.89269e+00       3.81807e-01       2.05573e+00
   85  8.50e-04      2.83749e+00       3.46702e-01       2.00723e+00
   86  8.60e-04      2.91567e+00       3.08193e-01       2.04651e+00
   87  8.70e-04      2.88455e+00       3.02492e-01       2.02386e+00
   88  8.80e-04      2.97924e+00       2.91615e-01       2.08337e+00
   89  8.90e-04      2.96378e+00       2.75414e-01       2.06766e+00
   90  9.00e-04      2.98051e+00       3.29932e-01       2.09699e+00
   91  9.10e-04      2.97312e+00       3.31630e-01       2.09262e+00
   92  9.20e-04      2.90785e+00       3.10519e-01       2.04207e+00
   93  9.30e-04      2.96072e+00       3.08400e-01       2.07661e+00
   94  9.40e-04      3.00592e+00       3.09744e-01       2.10719e+00
   95  9.50e-04      3.05629e+00       2.62282e-01       2.12496e+00
   96  9.60e-04      3.09767e+00       3.41932e-01       2.17909e+00
   97  9.70e-04      3.10903e+00       3.14582e-01       2.17754e+00
   98  9.80e-04      3.12305e+00       3.19135e-01       2.18841e+00
   99  9.90e-04      3.16333e+00       3.30143e-01       2.21893e+00
  100  1.00e-03      3.10742e+00       3.61149e-01       2.19200e+00
  101  1.01e-03      3.16448e+00       2.57691e-01       2.19555e+00
  102  1.02e-03      3.23425e+00       2.92596e-01       2.25370e+00
  103  1.03e-03      3.30189e+00       3.04914e-01       2.30290e+00
  104  1.04e-03      3.36122e+00       2.82639e-01       2.33503e+00
  105  1.05e-03      3.36852e+00       2.86813e-01       2.34128e+00
  106  1.06e-03      3.30261e+00       2.38615e-01       2.28128e+00
  107  1.07e-03      3.35663e+00       2.87963e-01       2.33374e+00
  108  1.08e-03      3.37488e+00       2.12802e-01       2.32085e+00
  109  1.09e-03      3.38505e+00       2.56394e-01       2.34216e+00
  110  1.10e-03      3.45659e+00       2.50697e-01       2.38796e+00
  111  1.11e-03      3.43355e+00       2.65390e-01       2.37749e+00
  112  1.12e-03      3.53456e+00       2.53064e-01       2.44073e+00
  113  1.13e-03      3.53228e+00       3.08479e-01       2.45768e+00
  114  1.14e-03      3.57857e+00       2.85103e-01       2.48075e+00
  115  1.15e-03      3.69086e+00       2.81149e-01       2.55429e+00
  116  1.16e-03      3.73014e+00       2.74088e-01       2.57813e+00
  117  1.17e-03      3.74408e+00       3.15881e-01       2.60135e+00
  118  1.18e-03      3.69891e+00       2.96606e-01       2.56481e+00
  119  1.19e-03      3.74287e+00       2.52885e-01       2.57954e+00
  120  1.20e-03      3.67353e+00       2.87572e-01       2.54488e+00
  121  1.21e-03      3.69617e+00       3.01483e-01       2.56461e+00
  122  1.22e-03      3.77365e+00       2.80948e-01       2.60942e+00
  123  1.23e-03      3.85074e+00       3.33231e-01       2.67824e+00
  124  1.24e-03      3.82862e+00       3.26326e-01       2.66119e+00
  125  1.25e-03      3.91401e+00       2.92352e-01       2.70679e+00
  126  1.26e-03      3.96546e+00       3.04537e-01       2.74515e+00
  127  1.27e-03      4.05874e+00       2.85710e-01       2.80107e+00
  128  1.28e-03      4.12674e+00       2.75129e-01       2.84287e+00
  129  1.29e-03      4.16057e+00       3.29824e-01       2.88365e+00
  130  1.30e-03      4.19025e+00       3.02371e-01       2.89429e+00
  131  1.31e-03      4.22260e+00       3.34302e-01       2.92650e+00
  132  1.32e-03      4.22737e+00       3.38231e-01       2.93099e+00
  133  1.33e-03      4.23826e+00       3.30223e-01       2.93558e+00
  134  1.34e-03      4.22864e+00       2.99359e-01       2.91888e+00
  135  1.35e-03      4.29304e+00       3.04197e-01       2.96342e+00
  136  1.36e-03      4.26462e+00       2.86680e-01       2.93864e+00
  137  1.37e-03      4.28692e+00       3.32697e-01       2.96885e+00
  138  1.38e-03      4.32506e+00       3.09040e-01       2.98639e+00
  139  1.39e-03      4.29511e+00       3.04798e-01       2.96500e+00
  140  1.40e-03      4.36876e+00       3.20078e-01       3.01920e+00
  141  1.41e-03      4.41357e+00       3.29571e-01       3.05224e+00
  142  1.42e-03      4.41843e+00       3.26562e-01       3.05448e+00
  143  1.43e-03      4.41495e+00       3.23024e-01       3.05097e+00
  144  1.44e-03      4.45773e+00       2.82617e-01       3.06603e+00
  145  1.45e-03      4.45805e+00       2.85922e-01       3.06734e+00
  146  1.46e-03      4.51648e+00       2.90479e-01       3.10781e+00
  147  1.47e-03      4.56525e+00       3.63657e-01       3.16472e+00
  148  1.48e-03      4.55473e+00       3.51955e-01       3.15381e+00
  149  1.49e-03      4.63909e+00       3.03337e-01       3.19384e+00
  150  1.50e-03      4.68249e+00       2.84121e-01       3.21637e+00
  151  1.51e-03      4.64787e+00       2.74944e-01       3.19023e+00
  152  1.52e-03      4.70186e+00       2.32795e-01       3.21217e+00
  153  1.53e-03      4.73227e+00       3.37553e-01       3.26736e+00
  154  1.54e-03      4.73704e+00       3.10338e-01       3.26147e+00
  155  1.55e-03      4.72353e+00       3.21088e-01       3.25605e+00
  156  1.56e-03      4.78473e+00       2.82214e-01       3.28389e+00
  157  1.57e-03      4.81718e+00       2.98316e-01       3.31089e+00
  158  1.58e-03      4.90273e+00       2.95477e-01       3.36698e+00
  159  1.59e-03      4.92385e+00       3.75255e-01       3.40765e+00
  160  1.60e-03      4.98058e+00       3.11852e-01       3.42434e+00
  161  1.61e-03      5.00169e+00       2.91688e-01       3.43169e+00
  162  1.62e-03      4.96858e+00       2.52526e-01       3.39656e+00
  163  1.63e-03      5.04763e+00       3.48842e-01       3.48137e+00
  164  1.64e-03      5.18534e+00       3.38981e-01       3.56988e+00
  165  1.65e-03      5.18660e+00       3.14239e-01       3.56248e+00
  166  1.66e-03      5.26729e+00       3.13565e-01       3.61605e+00
  167  1.67e-03      5.28962e+00       3.05893e-01       3.62838e+00
  168  1.68e-03      5.32987e+00       3.54263e-01       3.67133e+00
  169  1.69e-03      5.30004e+00       3.22655e-01       3.64091e+00
  170  1.70e-03      5.34124e+00       3.39561e-01       3.67401e+00
  171  1.71e-03      5.42748e+00       2.74933e-01       3.70996e+00
  172  1.72e-03      5.53889e+00       2.87078e-01       3.78828e+00
  173  1.73e-03      5.70279e+00       2.95043e-01       3.90021e+00
  174  1.74e-03      5.62798e+00       3.68772e-01       3.87491e+00
  175  1.75e-03      5.61891e+00       2.91488e-01       3.84310e+00
  176  1.76e-03      5.63156e+00       3.12139e-01       3.85842e+00
  177  1.77e-03      5.72706e+00       3.11306e-01       3.92181e+00
  178  1.78e-03      5.66917e+00       3.34217e-01       3.89085e+00
  179  1.79e-03      5.76802e+00       2.97236e-01       3.94443e+00
  180  1.80e-03      5.94152e+00       2.59500e-01       4.04751e+00
  181  1.81e-03      5.97700e+00       2.90698e-01       4.08157e+00
  182  1.82e-03      5.95231e+00       2.82385e-01       4.06234e+00
  183  1.83e-03      5.93706e+00       2.93796e-01       4.05597e+00
  184  1.84e-03      5.96176e+00       2.50810e-01       4.05811e+00
  185  1.85e-03      5.91762e+00       2.91343e-01       4.04219e+00
  186  1.86e-03      5.91281e+00       2.86295e-01       4.03730e+00
  187  1.87e-03      5.93439e+00       3.01317e-01       4.05670e+00
  188  1.88e-03      5.91580e+00       3.45984e-01       4.05919e+00
  189  1.89e-03      5.90933e+00       2.99805e-01       4.03949e+00
  190  1.90e-03      5.93970e+00       2.53361e-01       4.04425e+00
  191  1.91e-03      5.92972e+00       2.69977e-01       4.04314e+00
  192  1.92e-03      6.01553e+00       3.23749e-01       4.11827e+00
  193  1.93e-03      5.99289e+00       2.90869e-01       4.09222e+00
  194  1.94e-03      5.98344e+00       2.87571e-01       4.08481e+00
  195  1.95e-03      6.03320e+00       2.87330e-01       4.11791e+00
  196  1.96e-03      6.06057e+00       3.27424e-01       4.14952e+00
  197  1.97e-03      6.13858e+00       2.85980e-01       4.18771e+00
  198  1.98e-03      6.20089e+00       2.96727e-01       4.23284e+00
  199  1.99e-03      6.15372e+00       3.67561e-01       4.22500e+00
  200  2.00e-03      6.32623e+00       3.21904e-01       4.32479e+00
  201  2.01e-03      6.30379e+00       2.64583e-01       4.29072e+00
  202  2.02e-03      6.33619e+00       2.75987e-01       4.31612e+00
  203  2.03e-03      6.35500e+00       3.24025e-01       4.34468e+00
  204  2.04e-03      6.41255e+00       2.51255e-01       4.35879e+00
  205  2.05e-03      6.47498e+00       2.43217e-01       4.39773e+00
  206  2.06e-03      6.46598e+00       2.35754e-01       4.38924e+00
  207  2.07e-03      6.48781e+00       2.50586e-01       4.40874e+00
  208  2.08e-03      6.45917e+00       2.85601e-01       4.40131e+00
  209  2.09e-03      6.51331e+00       3.19841e-01       4.44882e+00
  210  2.10e-03      6.57839e+00       3.14312e-01       4.49037e+00
  211  2.11e-03      6.50736e+00       3.01257e-01       4.43866e+00
  212  2.12e-03      6.50545e+00       2.93503e-01       4.43480e+00
  213  2.13e-03      6.53712e+00       2.99629e-01       4.45796e+00
  214  2.14e-03      6.60859e+00       2.67036e-01       4.49474e+00
  215  2.15e-03      6.64297e+00       2.93616e-01       4.52652e+00
  216  2.16e-03      6.60131e+00       3.16251e-01       4.50629e+00
  217  2.17e-03      6.62132e+00       2.77031e-01       4.50656e+00
  218  2.18e-03      6.70009e+00       2.78486e-01       4.55956e+00
  219  2.19e-03      6.83767e+00       3.30213e-01       4.66852e+00
  220  2.20e-03      6.82853e+00       2.78211e-01       4.64509e+00
  221  2.21e-03      6.74945e+00       3.00600e-01       4.59983e+00
  222  2.22e-03      6.82299e+00       2.88836e-01       4.64494e+00
  223  2.23e-03      6.83166e+00       2.89926e-01       4.65108e+00
  224  2.24e-03      6.90502e+00       3.17453e-01       4.70917e+00
  225  2.25e-03      6.96764e+00       3.71061e-01       4.76878e+00
  226  2.26e-03      6.94104e+00       3.61496e-01       4.74786e+00
  227  2.27e-03      6.99936e+00       3.68266e-01       4.78900e+00
  228  2.28e-03      7.04446e+00       3.30919e-01       4.80661e+00
  229  2.29e-03      7.15986e+00       2.76392e-01       4.86537e+00
  230  2.30e-03      7.24811e+00       2.82235e-01       4.92615e+00
  231  2.31e-03      7.33118e+00       2.97569e-01       4.98664e+00
  232  2.32e-03      7.23670e+00       2.84239e-01       4.91921e+00
  233  2.33e-03      7.29382e+00       2.66306e-01       4.95132e+00
  234  2.34e-03      7.38638e+00       2.45975e-01       5.00625e+00
  235  2.35e-03      7.39539e+00       3.18886e-01       5.03655e+00
  236  2.36e-03      7.50275e+00       2.53034e-01       5.08617e+00
  237  2.37e-03      7.52446e+00       2.86451e-01       5.11179e+00
  238  2.38e-03      7.53730e+00       2.52296e-01       5.10897e+00
  239  2.39e-03      7.51890e+00       2.55156e-01       5.09765e+00
  240  2.40e-03      7.66868e+00       2.60797e-01       5.19938e+00
  241  2.41e-03      7.68337e+00       2.93343e-01       5.22003e+00
  242  2.42e-03      7.85494e+00       3.14885e-01       5.34159e+00
  243  2.43e-03      7.78676e+00       3.05506e-01       5.29301e+00
  244  2.44e-03      7.87803e+00       3.20517e-01       5.35886e+00
  245  2.45e-03      7.94631e+00       2.99144e-01       5.39725e+00
  246  2.46e-03      7.97604e+00       3.08514e-01       5.42020e+00
  247  2.47e-03      7.92385e+00       3.32538e-01       5.39342e+00
  248  2.48e-03      7.92000e+00       3.00910e-01       5.38030e+00
  249  2.49e-03      7.91777e+00       3.01900e-01       5.37915e+00
  250  2.50e-03      7.84633e+00       3.13371e-01       5.33534e+00
  251  2.51e-03      7.88145e+00       3.12145e-01       5.35835e+00
  252  2.52e-03      7.90941e+00       2.77627e-01       5.36548e+00
  253  2.53e-03      7.91321e+00       2.52739e-01       5.35972e+00
  254  2.54e-03      7.87540e+00       2.76528e-01       5.34244e+00
  255  2.55e-03      7.81235e+00       3.00442e-01       5.30838e+00
  256  2.56e-03      7.90916e+00       2.50991e-01       5.35643e+00
  257  2.57e-03      7.92109e+00       2.90780e-01       5.37766e+00
  258  2.58e-03      8.02151e+00       2.89583e-01       5.44420e+00
  259  2.59e-03      8.09255e+00       2.94259e-01       5.49312e+00
  260  2.60e-03      8.00736e+00       2.94155e-01       5.43629e+00
  261  2.61e-03      8.03953e+00       3.24357e-01       5.46781e+00
  262  2.62e-03      7.97493e+00       2.66896e-01       5.40559e+00
  263  2.63e-03      7.94515e+00       2.77992e-01       5.38943e+00
  264  2.64e-03      8.08602e+00       2.64413e-01       5.47882e+00
  265  2.65e-03      8.23467e+00       2.60252e-01       5.57653e+00
  266  2.66e-03      8.23168e+00       2.87977e-01       5.58378e+00
  267  2.67e-03      8.17717e+00       3.68720e-01       5.57435e+00
  268  2.68e-03      8.29708e+00       2.62700e-01       5.61895e+00
  269  2.69e-03      8.31717e+00       2.57026e-01       5.63046e+00
  270  2.70e-03      8.21213e+00       2.66753e-01       5.56367e+00
  271  2.71e-03      8.32890e+00       2.46083e-01       5.63462e+00
  272  2.72e-03      8.32368e+00       3.04036e-01       5.65046e+00
  273  2.73e-03      8.41162e+00       2.40944e-01       5.68806e+00
  274  2.74e-03      8.33811e+00       2.96418e-01       5.65755e+00
  275  2.75e-03      8.39356e+00       3.17150e-01       5.70142e+00
  276  2.76e-03      8.39650e+00       3.12698e-01       5.70190e+00
  277  2.77e-03      8.46485e+00       2.86476e-01       5.73873e+00
  278  2.78e-03      8.50608e+00       2.96444e-01       5.76953e+00
  279  2.79e-03      8.51068e+00       3.79695e-01       5.80035e+00
  280  2.80e-03      8.50784e+00       3.21347e-01       5.77901e+00
  281  2.81e-03      8.56447e+00       3.25853e-01       5.81826e+00
  282  2.82e-03      8.64679e+00       3.14698e-01       5.86943e+00
  283  2.83e-03      8.63028e+00       3.41094e-01       5.86722e+00
  284  2.84e-03      8.76760e+00       2.52608e-01       5.92927e+00
  285  2.85e-03      8.98292e+00       2.79888e-01       6.08191e+00
  286  2.86e-03      8.93924e+00       2.94670e-01       6.05772e+00
  287  2.87e-03      8.97400e+00       3.33795e-01       6.09393e+00
  288  2.88e-03      9.03053e+00       3.00465e-01       6.12051e+00
  289  2.89e-03      9.18296e+00       2.87175e-01       6.21770e+00
  290  2.90e-03      9.16153e+00       2.75114e-01       6.19939e+00
  291  2.91e-03      9.29960e+00       2.20355e-01       6.27319e+00
  292  2.92e-03      9.27552e+00       3.18386e-01       6.28981e+00
  293  2.93e-03      9.27091e+00       2.99804e-01       6.28054e+00
  294  2.94e-03      9.23029e+00       2.46205e-01       6.23560e+00
  295  2.95e-03      9.22874e+00       2.65558e-01       6.24101e+00
  296  2.96e-03      9.23858e+00       3.06594e-01       6.26125e+00
  297  2.97e-03      9.29466e+00       2.48103e-01       6.27914e+00
  298  2.98e-03      9.35780e+00       3.14248e-01       6.34328e+00
  299  2.99e-03      9.23759e+00       2.86702e-01       6.25396e+00
  300  3.00e-03      9.34968e+00       2.95416e-01       6.33159e+00
  301  3.01e-03      9.53852e+00       2.22942e-01       6.43332e+00
  302  3.02e-03      9.56688e+00       2.90942e-01       6.47490e+00
  303  3.03e-03      9.58938e+00       2.56659e-01       6.47847e+00
  304  3.04e-03      9.72055e+00       2.53598e-01       6.56490e+00
  305  3.05e-03      9.70785e+00       3.19965e-01       6.57855e+00
  306  3.06e-03      9.59659e+00       2.51051e-01       6.48141e+00
  307  3.07e-03      9.72800e+00       2.77548e-01       6.57785e+00
  308  3.08e-03      9.74662e+00       2.98493e-01       6.59724e+00
  309  3.09e-03      9.79144e+00       2.97199e-01       6.62670e+00
  310  3.10e-03      9.86586e+00       3.34373e-01       6.68870e+00
  311  3.11e-03      9.81830e+00       3.24128e-01       6.65357e+00
  312  3.12e-03      9.84354e+00       3.53302e-01       6.68013e+00
  313  3.13e-03      9.98153e+00       2.60194e-01       6.74108e+00
  314  3.14e-03      1.00316e+01       3.49481e-01       6.80421e+00
  315  3.15e-03      1.00234e+01       3.47253e-01       6.79799e+00
  316  3.16e-03      1.00039e+01       3.07354e-01       6.77172e+00
  317  3.17e-03      9.92385e+00       3.85790e-01       6.74449e+00
  318  3.18e-03      9.81354e+00       3.64214e-01       6.66376e+00
  319  3.19e-03      9.70391e+00       2.89835e-01       6.56589e+00
  320  3.20e-03      9.78738e+00       3.56797e-01       6.64385e+00
  321  3.21e-03      9.78173e+00       3.35171e-01       6.63288e+00
  322  3.22e-03      9.87709e+00       3.46748e-01       6.70031e+00
  323  3.23e-03      9.86670e+00       3.44931e-01       6.69278e+00
  324  3.24e-03      1.00002e+01       3.23535e-01       6.77464e+00
  325  3.25e-03      1.00039e+01       3.27681e-01       6.77852e+00
  326  3.26e-03      1.00815e+01       3.59613e-01       6.84086e+00
  327  3.27e-03      1.01726e+01       3.57398e-01       6.90085e+00
  328  3.28e-03      1.00180e+01       3.00952e-01       6.77901e+00
  329  3.29e-03      1.00935e+01       3.16751e-01       6.83459e+00
  330  3.30e-03      1.00816e+01       3.14239e-01       6.82583e+00
  331  3.31e-03      1.02931e+01       2.61561e-01       6.94923e+00
  332  3.32e-03      1.02559e+01       3.51181e-01       6.95432e+00
  333  3.33e-03      1.02173e+01       3.02223e-01       6.91226e+00
  334  3.34e-03      1.02627e+01       3.16486e-01       6.94731e+00
  335  3.35e-03      1.02697e+01       2.76346e-01       6.93857e+00
  336  3.36e-03      1.03896e+01       2.83748e-01       7.02101e+00
  337  3.37e-03      1.04419e+01       3.15034e-01       7.06630e+00
  338  3.38e-03      1.04457e+01       2.63440e-01       7.05164e+00
  339  3.39e-03      1.04274e+01       3.23613e-01       7.05946e+00
  340  3.40e-03      1.05871e+01       3.30230e-01       7.16814e+00
  341  3.41e-03      1.07520e+01       3.06045e-01       7.27002e+00
  342  3.42e-03      1.07184e+01       3.45393e-01       7.26071e+00
  343  3.43e-03      1.07202e+01       2.59088e-01       7.23319e+00
  344  3.44e-03      1.06543e+01       2.18494e-01       7.17571e+00
  345  3.45e-03      1.07035e+01       2.42685e-01       7.21653e+00
  346  3.46e-03      1.07873e+01       2.80977e-01       7.28521e+00
  347  3.47e-03      1.08894e+01       2.24853e-01       7.33455e+00
  348  3.48e-03      1.08066e+01       2.43150e-01       7.28544e+00
  349  3.49e-03      1.10090e+01       2.41025e-01       7.41966e+00
  350  3.50e-03      1.09771e+01       2.31902e-01       7.39539e+00
  351  3.51e-03      1.10407e+01       2.57423e-01       7.44625e+00
  352  3.52e-03      1.12474e+01       2.86446e-01       7.59375e+00
  353  3.53e-03      1.13569e+01       2.30440e-01       7.64808e+00
  354  3.54e-03      1.16487e+01       2.72672e-01       7.85672e+00
  355  3.55e-03      1.15985e+01       2.63355e-01       7.82009e+00
  356  3.56e-03      1.16332e+01       2.71621e-01       7.84604e+00
  357  3.57e-03      1.16794e+01       2.55240e-01       7.87135e+00
  358  3.58e-03      1.17472e+01       2.54125e-01       7.91618e+00
  359  3.59e-03      1.16982e+01       2.61352e-01       7.88594e+00
  360  3.60e-03      1.16835e+01       2.33539e-01       7.86683e+00
  361  3.61e-03      1.16975e+01       2.42673e-01       7.87924e+00
  362  3.62e-03      1.17257e+01       2.91471e-01       7.91431e+00
  363  3.63e-03      1.16541e+01       2.42590e-01       7.85024e+00
  364  3.64e-03      1.16244e+01       2.82705e-01       7.84386e+00
  365  3.65e-03      1.15659e+01       3.32690e-01       7.82153e+00
  366  3.66e-03      1.15227e+01       2.23749e-01       7.75638e+00
  367  3.67e-03      1.15644e+01       2.93069e-01       7.80728e+00
  368  3.68e-03      1.15941e+01       3.13380e-01       7.83385e+00
  369  3.69e-03      1.16411e+01       3.04724e-01       7.86232e+00
  370  3.70e-03      1.16043e+01       2.57054e-01       7.82190e+00
  371  3.71e-03      1.16444e+01       3.17210e-01       7.86864e+00
  372  3.72e-03      1.15899e+01       3.42468e-01       7.84077e+00
  373  3.73e-03      1.15574e+01       3.52516e-01       7.82245e+00
  374  3.74e-03      1.16074e+01       3.21342e-01       7.84535e+00
  375  3.75e-03      1.16442e+01       3.09539e-01       7.86597e+00
  376  3.76e-03      1.16858e+01       3.23518e-01       7.89835e+00
  377  3.77e-03      1.15729e+01       3.89469e-01       7.84506e+00
  378  3.78e-03      1.16270e+01       2.95674e-01       7.84989e+00
  379  3.79e-03      1.16501e+01       3.37840e-01       7.87934e+00
  380  3.80e-03      1.15473e+01       3.95244e-01       7.82994e+00
  381  3.81e-03      1.16799e+01       3.20778e-01       7.89352e+00
  382  3.82e-03      1.17183e+01       2.86203e-01       7.90758e+00
  383  3.83e-03      1.19492e+01       4.08109e-01       8.10215e+00
  384  3.84e-03      1.19710e+01       3.68630e-01       8.10358e+00
  385  3.85e-03      1.20523e+01       3.46558e-01       8.15040e+00
  386  3.86e-03      1.20338e+01       3.35405e-01       8.13431e+00
  387  3.87e-03      1.22119e+01       3.27804e-01       8.25052e+00
  388  3.88e-03      1.19748e+01       2.88108e-01       8.07921e+00
  389  3.89e-03      1.18187e+01       2.59446e-01       7.96562e+00
  390  3.90e-03      1.18043e+01       3.12792e-01       7.97381e+00
  391  3.91e-03      1.17940e+01       3.05565e-01       7.96453e+00
  392  3.92e-03      1.18596e+01       3.24721e-01       8.01463e+00
  393  3.93e-03      1.19110e+01       2.74100e-01       8.03205e+00
  394  3.94e-03      1.19951e+01       2.34364e-01       8.07484e+00
  395  3.95e-03      1.18601e+01       2.65737e-01       7.99530e+00
  396  3.96e-03      1.19645e+01       3.04067e-01       8.07766e+00
  397  3.97e-03      1.18060e+01       3.42173e-01       7.98472e+00
  398  3.98e-03      1.18591e+01       2.19505e-01       7.97924e+00
  399  3.99e-03      1.18951e+01       2.37768e-01       8.00935e+00
  400  4.00e-03      1.18900e+01       2.72802e-01       8.01763e+00
  401  4.01e-03      1.19761e+01       2.71784e-01       8.07465e+00
  402  4.02e-03      1.18470e+01       2.54096e-01       7.98270e+00
  403  4.03e-03      1.19893e+01       2.74080e-01       8.08423e+00
  404  4.04e-03      1.18491e+01       2.67278e-01       7.98851e+00
  405  4.05e-03      1.19714e+01       2.60911e-01       8.06789e+00
  406  4.06e-03      1.19819e+01       3.24883e-01       8.09624e+00
  407  4.07e-03      1.20326e+01       3.44512e-01       8.13656e+00
  408  4.08e-03      1.20720e+01       2.55647e-01       8.13324e+00
  409  4.09e-03      1.22203e+01       2.56776e-01       8.23243e+00
  410  4.10e-03      1.22873e+01       2.64955e-01       8.27987e+00
  411  4.11e-03      1.23233e+01       2.49579e-01       8.29872e+00
  412  4.12e-03      1.23425e+01       2.74966e-01       8.31997e+00
  413  4.13e-03      1.22345e+01       2.71899e-01       8.24694e+00
  414  4.14e-03      1.23139e+01       2.80408e-01       8.30271e+00
  415  4.15e-03      1.22121e+01       2.95263e-01       8.23985e+00
  416  4.16e-03      1.23104e+01       2.78507e-01       8.29975e+00
  417  4.17e-03      1.22444e+01       2.77134e-01       8.25528e+00
  418  4.18e-03      1.23646e+01       3.20805e-01       8.35000e+00
  419  4.19e-03      1.23156e+01       3.24392e-01       8.31852e+00
  420  4.20e-03      1.23727e+01       3.85572e-01       8.37702e+00
  421  4.21e-03      1.24711e+01       3.86555e-01       8.44294e+00
  422  4.22e-03      1.23740e+01       3.32562e-01       8.36020e+00
  423  4.23e-03      1.24396e+01       3.71524e-01       8.41689e+00
  424  4.24e-03      1.22315e+01       3.61291e-01       8.27480e+00
  425  4.25e-03      1.21946e+01       3.93885e-01       8.26105e+00
  426  4.26e-03      1.20907e+01       4.40112e-01       8.20715e+00
  427  4.27e-03      1.21836e+01       3.24414e-01       8.23055e+00
  428  4.28e-03      1.22114e+01       3.29377e-01       8.25075e+00
  429  4.29e-03      1.22183e+01       3.91600e-01       8.27607e+00
  430  4.30e-03      1.24153e+01       3.43131e-01       8.39123e+00
  431  4.31e-03      1.22957e+01       3.39208e-01       8.31020e+00
  432  4.32e-03      1.24112e+01       3.43197e-01       8.38854e+00
  433  4.33e-03      1.25184e+01       3.11282e-01       8.44937e+00
  434  4.34e-03      1.24209e+01       2.78897e-01       8.37353e+00
  435  4.35e-03      1.23246e+01       2.58185e-01       8.30245e+00
  436  4.36e-03      1.24556e+01       2.68111e-01       8.39311e+00
  437  4.37e-03      1.23635e+01       2.54956e-01       8.32734e+00
  438  4.38e-03      1.23849e+01       2.85114e-01       8.35162e+00
  439  4.39e-03      1.23992e+01       2.57107e-01       8.35183e+00
  440  4.40e-03      1.24083e+01       2.32626e-01       8.34974e+00
  441  4.41e-03      1.25823e+01       3.15736e-01       8.49346e+00
  442  4.42e-03      1.23834e+01       2.74345e-01       8.34708e+00
  443  4.43e-03      1.25798e+01       3.01724e-01       8.48711e+00
  444  4.44e-03      1.24494e+01       2.39991e-01       8.37959e+00
  445  4.45e-03      1.23262e+01       2.90588e-01       8.31433e+00
  446  4.46e-03      1.22984e+01       3.30150e-01       8.30895e+00
  447  4.47e-03      1.22984e+01       3.04259e-01       8.30038e+00
  448  4.48e-03      1.24507e+01       3.14773e-01       8.40542e+00
  449  4.49e-03      1.23125e+01       2.48748e-01       8.29126e+00
  450  4.50e-03      1.23271e+01       2.49898e-01       8.30136e+00
  451  4.51e-03      1.23561e+01       2.24813e-01       8.31234e+00
  452  4.52e-03      1.24413e+01       2.15120e-01       8.36589e+00
  453  4.53e-03      1.26215e+01       2.73639e-01       8.50555e+00
  454  4.54e-03      1.26631e+01       2.75724e-01       8.53399e+00
  455  4.55e-03      1.28651e+01       2.23087e-01       8.65107e+00
  456  4.56e-03      1.28956e+01       2.39758e-01       8.67698e+00
  457  4.57e-03      1.29832e+01       2.54421e-01       8.74029e+00
  458  4.58e-03      1.28924e+01       2.77023e-01       8.68730e+00
  459  4.59e-03      1.29419e+01       2.95640e-01       8.72651e+00
  460  4.60e-03      1.29560e+01       3.04950e-01       8.73896e+00
  461  4.61e-03      1.31036e+01       3.10205e-01       8.83916e+00
  462  4.62e-03      1.29886e+01       3.42498e-01       8.77325e+00
  463  4.63e-03      1.30202e+01       2.74698e-01       8.77171e+00
  464  4.64e-03      1.30695e+01       2.72358e-01       8.80379e+00
  465  4.65e-03      1.30684e+01       3.47025e-01       8.82794e+00
  466  4.66e-03      1.31277e+01       3.11381e-01       8.85560e+00
  467  4.67e-03      1.30330e+01       2.91457e-01       8.78579e+00
  468  4.68e-03      1.29615e+01       3.20220e-01       8.74776e+00
  469  4.69e-03      1.29822e+01       2.95254e-01       8.75321e+00
  470  4.70e-03      1.29776e+01       2.69948e-01       8.74171e+00
  471  4.71e-03      1.28648e+01       3.64541e-01       8.69805e+00
  472  4.72e-03      1.29565e+01       2.86419e-01       8.73317e+00
  473  4.73e-03      1.29031e+01       3.13180e-01       8.70645e+00
  474  4.74e-03      1.27716e+01       3.74825e-01       8.63931e+00
  475  4.75e-03      1.27523e+01       3.11576e-01       8.60536e+00
  476  4.76e-03      1.26031e+01       2.97740e-01       8.50131e+00
  477  4.77e-03      1.28240e+01       3.63476e-01       8.67051e+00
  478  4.78e-03      1.28234e+01       3.17762e-01       8.65485e+00
  479  4.79e-03      1.28857e+01       3.71504e-01       8.71427e+00
  480  4.80e-03      1.28485e+01       2.93255e-01       8.66345e+00
  481  4.81e-03      1.30246e+01       2.99205e-01       8.78278e+00
  482  4.82e-03      1.30988e+01       3.18508e-01       8.83873e+00
  483  4.83e-03      1.30795e+01       2.63505e-01       8.80750e+00
  484  4.84e-03      1.31539e+01       2.68580e-01       8.85880e+00
  485  4.85e-03      1.29462e+01       2.62029e-01       8.71817e+00
  486  4.86e-03      1.29476e+01       2.42082e-01       8.71240e+00
  487  4.87e-03      1.27984e+01       3.18714e-01       8.63851e+00
  488  4.88e-03      1.29683e+01       3.00355e-01       8.74562e+00
  489  4.89e-03      1.30031e+01       2.59019e-01       8.75507e+00
  490  4.90e-03      1.31932e+01       2.46987e-01       8.87779e+00
  491  4.91e-03      1.30361e+01       3.76201e-01       8.81613e+00
  492  4.92e-03      1.30564e+01       3.36966e-01       8.81661e+00
  493  4.93e-03      1.32185e+01       2.64720e-01       8.90059e+00
  494  4.94e-03      1.31601e+01       2.99506e-01       8.87323e+00
  495  4.95e-03      1.32361e+01       2.90604e-01       8.92096e+00
  496  4.96e-03      1.31147e+01       3.15461e-01       8.84830e+00
  497  4.97e-03      1.31145e+01       3.16337e-01       8.84841e+00
  498  4.98e-03      1.30569e+01       2.39140e-01       8.78433e+00
  499  4.99e-03      1.30119e+01       2.86252e-01       8.77004e+00
  500  5.00e-03      1.28993e+01       2.97893e-01       8.69881e+00
  501  5.01e-03      1.29945e+01       2.81795e-01       8.75691e+00
  502  5.02e-03      1.29240e+01       2.88938e-01       8.71229e+00
  503  5.03e-03      1.29176e+01       2.63459e-01       8.69958e+00
  504  5.04e-03      1.30875e+01       3.37708e-01       8.83754e+00
  505  5.05e-03      1.29249e+01       2.89302e-01       8.71305e+00
  506  5.06e-03      1.29642e+01       3.38028e-01       8.75547e+00
  507  5.07e-03      1.30134e+01       2.91764e-01       8.77288e+00
  508  5.08e-03      1.31879e+01       3.55443e-01       8.91043e+00
  509  5.09e-03      1.30115e+01       3.69168e-01       8.79737e+00
  510  5.10e-03      1.30334e+01       3.04440e-01       8.79044e+00
  511  5.11e-03      1.31320e+01       3.01970e-01       8.85531e+00
  512  5.12e-03      1.30732e+01       3.45138e-01       8.83050e+00
  513  5.13e-03      1.28972e+01       3.86164e-01       8.72685e+00
  514  5.14e-03      1.29228e+01       3.12782e-01       8.71943e+00
  515  5.15e-03      1.30337e+01       3.31713e-01       8.79974e+00
  516  5.16e-03      1.28986e+01       3.87913e-01       8.72839e+00
  517  5.17e-03      1.29423e+01       3.33358e-01       8.73931e+00
  518  5.18e-03      1.29509e+01       3.61573e-01       8.75446e+00
  519  5.19e-03      1.29317e+01       4.03222e-01       8.75552e+00
  520  5.20e-03      1.29225e+01       3.24220e-01       8.72310e+00
  521  5.21e-03      1.28918e+01       3.23361e-01       8.70229e+00
  522  5.22e-03      1.29432e+01       3.37949e-01       8.74146e+00
  523  5.23e-03      1.27677e+01       3.43809e-01       8.62641e+00
  524  5.24e-03      1.29239e+01       2.96394e-01       8.71473e+00
  525  5.25e-03      1.25816e+01       3.33644e-01       8.49892e+00
  526  5.26e-03      1.27792e+01       3.17428e-01       8.62527e+00
  527  5.27e-03      1.25157e+01       2.75853e-01       8.43574e+00
  528  5.28e-03      1.26585e+01       3.54081e-01       8.55705e+00
  529  5.29e-03      1.25879e+01       3.81237e-01       8.51899e+00
  530  5.30e-03      1.25972e+01       3.57552e-01       8.51731e+00
  531  5.31e-03      1.25894e+01       3.51358e-01       8.51008e+00
  532  5.32e-03      1.24645e+01       3.86427e-01       8.43851e+00
  533  5.33e-03      1.26644e+01       3.26167e-01       8.55168e+00
  534  5.34e-03      1.25140e+01       3.88604e-01       8.47222e+00
  535  5.35e-03      1.26097e+01       3.41981e-01       8.52047e+00
  536  5.36e-03      1.25296e+01       3.12956e-01       8.45741e+00
  537  5.37e-03      1.23582e+01       3.43776e-01       8.35339e+00
  538  5.38e-03      1.23358e+01       2.96958e-01       8.32288e+00
  539  5.39e-03      1.23832e+01       2.34991e-01       8.33381e+00
  540  5.40e-03      1.23067e+01       3.42462e-01       8.31863e+00
  541  5.41e-03      1.21779e+01       2.89686e-01       8.21514e+00
  542  5.42e-03      1.23234e+01       2.76863e-01       8.30786e+00
  543  5.43e-03      1.22433e+01       2.08493e-01       8.23172e+00
  544  5.44e-03      1.22914e+01       2.59012e-01       8.28061e+00
  545  5.45e-03      1.23391e+01       2.72321e-01       8.31681e+00
  546  5.46e-03      1.24336e+01       2.48203e-01       8.37180e+00
  547  5.47e-03      1.24399e+01       3.01271e-01       8.39367e+00
  548  5.48e-03      1.26247e+01       2.53059e-01       8.50080e+00
  549  5.49e-03      1.27159e+01       2.49212e-01       8.56034e+00
  550  5.50e-03      1.26213e+01       2.61325e-01       8.50128e+00
  551  5.51e-03      1.26257e+01       2.69358e-01       8.50694e+00
  552  5.52e-03      1.25658e+01       2.90218e-01       8.47396e+00
  553  5.53e-03      1.25804e+01       2.27178e-01       8.46266e+00
  554  5.54e-03      1.25037e+01       2.56460e-01       8.42129e+00
  555  5.55e-03      1.26208e+01       2.50250e-01       8.49725e+00
  556  5.56e-03      1.26542e+01       3.00797e-01       8.53642e+00
  557  5.57e-03      1.27613e+01       2.87215e-01       8.60327e+00
  558  5.58e-03      1.26421e+01       2.78661e-01       8.52098e+00
  559  5.59e-03      1.29434e+01       3.24057e-01       8.73697e+00
  560  5.60e-03      1.30343e+01       2.75804e-01       8.78148e+00
  561  5.61e-03      1.29987e+01       2.79702e-01       8.75904e+00
  562  5.62e-03      1.31520e+01       3.19055e-01       8.87434e+00
  563  5.63e-03      1.31409e+01       2.41971e-01       8.84128e+00
  564  5.64e-03      1.32063e+01       3.40034e-01       8.91753e+00
  565  5.65e-03      1.30814e+01       2.89853e-01       8.81753e+00
  566  5.66e-03      1.30973e+01       3.17889e-01       8.83749e+00
  567  5.67e-03      1.29749e+01       2.60081e-01       8.73661e+00
  568  5.68e-03      1.30830e+01       2.78987e-01       8.81503e+00
  569  5.69e-03      1.31538e+01       3.06744e-01       8.87147e+00
  570  5.70e-03      1.32511e+01       2.99114e-01       8.93380e+00
  571  5.71e-03      1.33081e+01       3.03217e-01       8.97313e+00
  572  5.72e-03      1.33954e+01       3.36391e-01       9.04243e+00
  573  5.73e-03      1.35808e+01       2.23110e-01       9.12826e+00
  574  5.74e-03      1.35187e+01       2.96283e-01       9.11125e+00
  575  5.75e-03      1.35998e+01       3.03948e-01       9.16788e+00
  576  5.76e-03      1.35321e+01       2.81119e-01       9.11512e+00
  577  5.77e-03      1.36566e+01       2.67976e-01       9.19373e+00
  578  5.78e-03      1.36632e+01       3.19806e-01       9.21543e+00
  579  5.79e-03      1.37500e+01       2.80501e-01       9.26014e+00
  580  5.80e-03      1.40376e+01       2.70526e-01       9.44860e+00
  581  5.81e-03      1.37993e+01       2.83302e-01       9.29397e+00
  582  5.82e-03      1.41613e+01       2.65274e-01       9.52931e+00
  583  5.83e-03      1.40468e+01       2.73704e-01       9.45574e+00
  584  5.84e-03      1.41996e+01       2.94540e-01       9.56461e+00
  585  5.85e-03      1.39853e+01       2.87500e-01       9.41936e+00
  586  5.86e-03      1.41024e+01       3.18674e-01       9.50785e+00
  587  5.87e-03      1.39879e+01       2.86922e-01       9.42089e+00
  588  5.88e-03      1.41350e+01       2.74627e-01       9.51490e+00
  589  5.89e-03      1.42305e+01       2.64515e-01       9.57514e+00
  590  5.90e-03      1.43239e+01       2.79110e-01       9.64227e+00
  591  5.91e-03      1.44794e+01       3.11500e-01       9.75678e+00
  592  5.92e-03      1.43520e+01       3.22030e-01       9.67532e+00
  593  5.93e-03      1.44153e+01       2.58074e-01       9.69625e+00
  594  5.94e-03      1.41560e+01       3.08821e-01       9.54027e+00
  595  5.95e-03      1.40677e+01       2.84122e-01       9.47317e+00
  596  5.96e-03      1.40297e+01       2.83517e-01       9.44767e+00
  597  5.97e-03      1.41192e+01       3.39131e-01       9.52584e+00
  598  5.98e-03      1.40182e+01       3.09549e-01       9.44867e+00
  599  5.99e-03      1.40550e+01       3.78564e-01       9.49617e+00
  600  6.00e-03      1.41678e+01       3.19008e-01       9.55157e+00
  601  6.01e-03      1.38768e+01       3.33707e-01       9.36241e+00
  602  6.02e-03      1.39055e+01       2.88182e-01       9.36641e+00
  603  6.03e-03      1.37709e+01       3.00128e-01       9.28067e+00
  604  6.04e-03      1.38029e+01       2.82213e-01       9.29603e+00
  605  6.05e-03      1.37766e+01       2.59896e-01       9.27102e+00
  606  6.06e-03      1.38913e+01       2.82477e-01       9.35500e+00
  607  6.07e-03      1.39333e+01       2.80231e-01       9.38230e+00
  608  6.08e-03      1.41229e+01       2.60031e-01       9.50196e+00
  609  6.09e-03      1.42458e+01       2.97528e-01       9.59638e+00
  610  6.10e-03      1.40704e+01       2.40274e-01       9.46038e+00
  611  6.11e-03      1.43931e+01       2.58362e-01       9.68153e+00
  612  6.12e-03      1.40614e+01       2.96005e-01       9.47297e+00
  613  6.13e-03      1.41244e+01       3.03250e-01       9.51733e+00
  614  6.14e-03      1.40311e+01       3.46693e-01       9.46960e+00
  615  6.15e-03      1.40894e+01       3.37562e-01       9.50546e+00
  616  6.16e-03      1.42208e+01       3.21956e-01       9.58788e+00
  617  6.17e-03      1.42808e+01       3.49032e-01       9.63686e+00
  618  6.18e-03      1.44907e+01       3.81371e-01       9.78757e+00
  619  6.19e-03      1.44337e+01       3.20534e-01       9.72930e+00
  620  6.20e-03      1.45877e+01       3.06568e-01       9.82729e+00
  621  6.21e-03      1.45825e+01       3.27931e-01       9.83098e+00
  622  6.22e-03      1.46139e+01       3.69775e-01       9.86589e+00
  623  6.23e-03      1.47793e+01       3.62517e-01       9.97367e+00
  624  6.24e-03      1.45804e+01       2.62591e-01       9.80782e+00
  625  6.25e-03      1.45780e+01       3.41083e-01       9.83237e+00
  626  6.26e-03      1.46503e+01       3.70272e-01       9.89028e+00
  627  6.27e-03      1.48205e+01       3.11865e-01       9.98428e+00
  628  6.28e-03      1.48140e+01       2.36290e-01       9.95475e+00
  629  6.29e-03      1.49203e+01       2.04977e-01       1.00152e+01
  630  6.30e-03      1.48652e+01       2.35934e-01       9.98875e+00
  631  6.31e-03      1.50300e+01       2.54698e-01       1.01049e+01
  632  6.32e-03      1.50248e+01       2.79713e-01       1.01097e+01
  633  6.33e-03      1.48806e+01       2.27060e-01       9.99605e+00
  634  6.34e-03      1.48130e+01       3.15109e-01       9.98039e+00
  635  6.35e-03      1.47039e+01       3.45660e-01       9.91780e+00
  636  6.36e-03      1.47788e+01       3.73287e-01       9.97698e+00
  637  6.37e-03      1.46539e+01       3.74132e-01       9.89395e+00
  638  6.38e-03      1.48203e+01       2.53507e-01       9.96469e+00
  639  6.39e-03      1.48021e+01       3.28260e-01       9.97751e+00
  640  6.40e-03      1.48688e+01       3.00085e-01       1.00126e+01
  641  6.41e-03      1.49103e+01       2.71883e-01       1.00308e+01
  642  6.42e-03      1.48769e+01       2.43671e-01       9.99915e+00
  643  6.43e-03      1.49010e+01       3.75899e-01       1.00593e+01
  644  6.44e-03      1.50558e+01       2.90132e-01       1.01339e+01
  645  6.45e-03      1.50730e+01       3.07165e-01       1.01510e+01
  646  6.46e-03      1.51442e+01       2.73851e-01       1.01874e+01
  647  6.47e-03      1.53639e+01       2.73992e-01       1.03339e+01
  648  6.48e-03      1.51485e+01       3.16033e-01       1.02044e+01
  649  6.49e-03      1.51788e+01       2.31786e-01       1.01965e+01
  650  6.50e-03      1.51350e+01       2.65266e-01       1.01784e+01
  651  6.51e-03      1.50954e+01       2.46569e-01       1.01458e+01
  652  6.52e-03      1.51015e+01       2.78978e-01       1.01607e+01
  653  6.53e-03      1.52260e+01       2.74264e-01       1.02421e+01
  654  6.54e-03      1.51535e+01       2.32866e-01       1.01799e+01
  655  6.55e-03      1.52599e+01       2.50744e-01       1.02569e+01
  656  6.56e-03      1.53066e+01       2.01042e-01       1.02714e+01
  657  6.57e-03      1.54140e+01       2.29770e-01       1.03526e+01
  658  6.58e-03      1.53368e+01       2.28554e-01       1.03007e+01
  659  6.59e-03      1.53840e+01       2.17773e-01       1.03286e+01
  660  6.60e-03      1.54794e+01       2.60231e-01       1.04063e+01
  661  6.61e-03      1.53760e+01       2.18540e-01       1.03235e+01
  662  6.62e-03      1.53566e+01       2.88683e-01       1.03340e+01
  663  6.63e-03      1.54284e+01       2.92716e-01       1.03831e+01
  664  6.64e-03      1.52806e+01       2.91995e-01       1.02844e+01
  665  6.65e-03      1.53131e+01       2.34890e-01       1.02870e+01
  666  6.66e-03      1.51295e+01       2.42386e-01       1.01671e+01
  667  6.67e-03      1.54799e+01       2.50380e-01       1.04034e+01
  668  6.68e-03      1.53045e+01       2.46458e-01       1.02852e+01
  669  6.69e-03      1.54092e+01       2.62241e-01       1.03602e+01
  670  6.70e-03      1.53608e+01       3.04741e-01       1.03421e+01
  671  6.71e-03      1.55081e+01       2.37256e-01       1.04178e+01
  672  6.72e-03      1.55226e+01       2.61503e-01       1.04356e+01
  673  6.73e-03      1.56211e+01       3.16045e-01       1.05194e+01
  674  6.74e-03      1.56836e+01       2.44340e-01       1.05372e+01
  675  6.75e-03      1.56042e+01       2.56693e-01       1.04883e+01
  676  6.76e-03      1.57364e+01       3.02896e-01       1.05919e+01
  677  6.77e-03      1.56800e+01       2.85163e-01       1.05484e+01
  678  6.78e-03      1.57485e+01       2.85049e-01       1.05940e+01
  679  6.79e-03      1.56325e+01       2.59924e-01       1.05083e+01
  680  6.80e-03      1.58709e+01       2.59586e-01       1.06671e+01
  681  6.81e-03      1.58114e+01       2.42050e-01       1.06216e+01
  682  6.82e-03      1.58637e+01       2.63234e-01       1.06635e+01
  683  6.83e-03      1.60278e+01       3.13375e-01       1.07896e+01
  684  6.84e-03      1.61858e+01       2.65681e-01       1.08791e+01
  685  6.85e-03      1.61129e+01       2.77848e-01       1.08346e+01
  686  6.86e-03      1.61481e+01       2.82759e-01       1.08597e+01
  687  6.87e-03      1.63142e+01       2.45566e-01       1.09580e+01
  688  6.88e-03      1.62360e+01       3.04486e-01       1.09255e+01
  689  6.89e-03      1.64245e+01       3.26254e-01       1.10584e+01
  690  6.90e-03      1.63987e+01       2.33436e-01       1.10103e+01
  691  6.91e-03      1.64922e+01       3.10736e-01       1.10983e+01
  692  6.92e-03      1.64166e+01       3.39626e-01       1.10576e+01
  693  6.93e-03      1.65722e+01       3.66331e-01       1.11703e+01
  694  6.94e-03      1.65564e+01       3.56390e-01       1.11564e+01
  695  6.95e-03      1.67303e+01       3.01269e-01       1.12539e+01
  696  6.96e-03      1.67787e+01       2.79892e-01       1.12791e+01
  697  6.97e-03      1.64551e+01       3.14374e-01       1.10749e+01
  698  6.98e-03      1.63919e+01       3.33383e-01       1.10391e+01
  699  6.99e-03      1.63968e+01       2.73215e-01       1.10223e+01
  700  7.00e-03      1.64011e+01       2.67009e-01       1.10231e+01
  701  7.01e-03      1.66465e+01       3.02155e-01       1.11984e+01
  702  7.02e-03      1.66067e+01       2.91350e-01       1.11682e+01
  703  7.03e-03      1.68067e+01       3.40859e-01       1.13181e+01
  704  7.04e-03      1.67420e+01       4.22790e-01       1.13022e+01
  705  7.05e-03      1.69756e+01       3.08288e-01       1.14198e+01
  706  7.06e-03      1.70331e+01       3.24998e-01       1.14637e+01
  707  7.07e-03      1.70576e+01       3.21884e-01       1.14790e+01
  708  7.08e-03      1.71441e+01       2.79988e-01       1.15227e+01
  709  7.09e-03      1.71133e+01       2.98469e-01       1.15083e+01
  710  7.10e-03      1.68650e+01       2.91813e-01       1.13406e+01
  711  7.11e-03      1.72470e+01       3.10372e-01       1.16014e+01
  712  7.12e-03      1.72576e+01       2.97418e-01       1.16042e+01
  713  7.13e-03      1.71530e+01       2.60790e-01       1.15223e+01
  714  7.14e-03      1.70908e+01       2.76252e-01       1.14859e+01
  715  7.15e-03      1.69690e+01       3.44166e-01       1.14274e+01
  716  7.16e-03      1.70955e+01       3.33035e-01       1.15080e+01
  717  7.17e-03      1.70445e+01       2.60556e-01       1.14499e+01
  718  7.18e-03      1.70236e+01       2.90558e-01       1.14459e+01
  719  7.19e-03      1.69382e+01       2.60692e-01       1.13790e+01
  720  7.20e-03      1.68675e+01       2.99514e-01       1.13448e+01
  721  7.21e-03      1.68203e+01       2.60820e-01       1.13005e+01
  722  7.22e-03      1.67260e+01       3.42363e-01       1.12648e+01
  723  7.23e-03      1.68496e+01       3.18303e-01       1.13392e+01
  724  7.24e-03      1.67944e+01       3.28039e-01       1.13056e+01
  725  7.25e-03      1.68938e+01       3.62670e-01       1.13834e+01
  726  7.26e-03      1.66524e+01       3.47066e-01       1.12173e+01
  727  7.27e-03      1.67285e+01       3.40251e-01       1.12658e+01
  728  7.28e-03      1.64401e+01       3.20872e-01       1.10670e+01
  729  7.29e-03      1.64175e+01       3.28843e-01       1.10546e+01
  730  7.30e-03      1.65007e+01       3.73461e-01       1.11249e+01
  731  7.31e-03      1.63987e+01       2.81377e-01       1.10262e+01
  732  7.32e-03      1.65979e+01       3.46753e-01       1.11809e+01
  733  7.33e-03      1.64113e+01       3.67255e-01       1.10633e+01
  734  7.34e-03      1.67184e+01       3.20774e-01       1.12525e+01
  735  7.35e-03      1.64798e+01       2.71897e-01       1.10771e+01
  736  7.36e-03      1.67580e+01       2.72922e-01       1.12630e+01
  737  7.37e-03      1.66296e+01       3.17472e-01       1.11922e+01
  738  7.38e-03      1.65986e+01       3.15487e-01       1.11709e+01
  739  7.39e-03      1.64336e+01       2.65843e-01       1.10443e+01
  740  7.40e-03      1.64832e+01       3.75988e-01       1.11141e+01
  741  7.41e-03      1.67677e+01       3.03660e-01       1.12797e+01
  742  7.42e-03      1.62884e+01       2.97206e-01       1.09580e+01
  743  7.43e-03      1.65161e+01       3.66448e-01       1.11329e+01
  744  7.44e-03      1.65592e+01       3.53732e-01       1.11574e+01
  745  7.45e-03      1.64921e+01       2.83776e-01       1.10894e+01
  746  7.46e-03      1.64076e+01       2.83949e-01       1.10330e+01
  747  7.47e-03      1.65405e+01       2.55273e-01       1.11121e+01
  748  7.48e-03      1.64864e+01       3.14395e-01       1.10957e+01
  749  7.49e-03      1.62944e+01       2.89047e-01       1.09593e+01
  750  7.50e-03      1.64769e+01       3.04664e-01       1.10862e+01
  751  7.51e-03      1.63313e+01       2.67026e-01       1.09766e+01
  752  7.52e-03      1.64818e+01       3.25313e-01       1.10963e+01
  753  7.53e-03      1.63722e+01       3.28679e-01       1.10244e+01
  754  7.54e-03      1.64568e+01       3.23478e-01       1.10790e+01
  755  7.55e-03      1.65976e+01       3.36028e-01       1.11770e+01
  756  7.56e-03      1.65872e+01       2.96036e-01       1.11568e+01
  757  7.57e-03      1.66459e+01       3.48537e-01       1.12134e+01
  758  7.58e-03      1.66376e+01       2.47751e-01       1.11743e+01
  759  7.59e-03      1.66178e+01       3.19560e-01       1.11850e+01
  760  7.60e-03      1.64895e+01       2.83997e-01       1.10876e+01
  761  7.61e-03      1.65836e+01       2.78093e-01       1.11484e+01
  762  7.62e-03      1.63596e+01       2.88559e-01       1.10026e+01
  763  7.63e-03      1.64672e+01       2.63592e-01       1.10660e+01
  764  7.64e-03      1.62656e+01       2.61518e-01       1.09309e+01
  765  7.65e-03      1.63506e+01       2.79973e-01       1.09938e+01
  766  7.66e-03      1.62877e+01       3.00081e-01       1.09585e+01
  767  7.67e-03      1.63892e+01       2.33960e-01       1.10041e+01
  768  7.68e-03      1.64445e+01       3.08623e-01       1.10659e+01
  769  7.69e-03      1.65237e+01       2.85749e-01       1.11110e+01
  770  7.70e-03      1.66037e+01       3.17510e-01       1.11750e+01
  771  7.71e-03      1.65537e+01       2.87913e-01       1.11318e+01
  772  7.72e-03      1.65803e+01       3.45032e-01       1.11686e+01
  773  7.73e-03      1.65491e+01       3.14505e-01       1.11376e+01
  774  7.74e-03      1.67277e+01       3.72190e-01       1.12758e+01
  775  7.75e-03      1.66983e+01       3.36212e-01       1.12443e+01
  776  7.76e-03      1.67006e+01       3.07977e-01       1.12364e+01
  777  7.77e-03      1.67187e+01       3.25016e-01       1.12541e+01
  778  7.78e-03      1.68504e+01       3.18931e-01       1.13399e+01
  779  7.79e-03      1.69756e+01       2.65105e-01       1.14054e+01
  780  7.80e-03      1.67392e+01       3.16600e-01       1.12650e+01
  781  7.81e-03      1.70066e+01       2.99487e-01       1.14376e+01
  782  7.82e-03      1.68563e+01       2.87157e-01       1.13332e+01
  783  7.83e-03      1.68857e+01       3.02030e-01       1.13578e+01
  784  7.84e-03      1.69121e+01       3.13969e-01       1.13794e+01
  785  7.85e-03      1.67845e+01       2.89787e-01       1.12862e+01
  786  7.86e-03      1.68615e+01       3.17844e-01       1.13469e+01
  787  7.87e-03      1.68313e+01       2.91841e-01       1.13182e+01
  788  7.88e-03      1.69580e+01       3.02886e-01       1.14063e+01
  789  7.89e-03      1.69428e+01       3.25755e-01       1.14038e+01
  790  7.90e-03      1.71181e+01       3.35904e-01       1.15240e+01
  791  7.91e-03      1.67181e+01       2.83992e-01       1.12400e+01
  792  7.92e-03      1.69671e+01       3.01508e-01       1.14119e+01
  793  7.93e-03      1.68054e+01       2.83795e-01       1.12982e+01
  794  7.94e-03      1.67895e+01       2.95558e-01       1.12915e+01
  795  7.95e-03      1.69080e+01       3.28712e-01       1.13816e+01
  796  7.96e-03      1.68888e+01       3.05468e-01       1.13610e+01
  797  7.97e-03      1.70824e+01       2.93301e-01       1.14860e+01
  798  7.98e-03      1.69947e+01       3.49027e-01       1.14461e+01
  799  7.99e-03      1.73159e+01       3.20014e-01       1.16506e+01
  800  8.00e-03      1.71616e+01       3.41743e-01       1.15549e+01
  801  8.01e-03      1.75109e+01       3.14770e-01       1.17788e+01
  802  8.02e-03      1.74012e+01       2.56673e-01       1.16864e+01
  803  8.03e-03      1.73093e+01       2.90419e-01       1.16363e+01
  804  8.04e-03      1.73948e+01       2.73189e-01       1.16876e+01
  805  8.05e-03      1.74171e+01       3.02586e-01       1.17123e+01
  806  8.06e-03      1.76721e+01       2.76376e-01       1.18736e+01
  807  8.07e-03      1.74735e+01       2.89155e-01       1.17454e+01
  808  8.08e-03      1.75706e+01       3.05784e-01       1.18156e+01
  809  8.09e-03      1.75815e+01       3.51592e-01       1.18382e+01
  810  8.10e-03      1.78860e+01       2.85743e-01       1.20193e+01
  811  8.11e-03      1.78118e+01       2.84863e-01       1.19695e+01
  812  8.12e-03      1.79611e+01       3.19493e-01       1.20806e+01
  813  8.13e-03      1.79519e+01       2.76331e-01       1.20600e+01
  814  8.14e-03      1.79582e+01       2.43814e-01       1.20534e+01
  815  8.15e-03      1.78646e+01       3.50820e-01       1.20267e+01
  816  8.16e-03      1.76549e+01       2.90667e-01       1.18669e+01
  817  8.17e-03      1.77607e+01       3.01314e-01       1.19409e+01
  818  8.18e-03      1.76114e+01       3.38516e-01       1.18538e+01
  819  8.19e-03      1.77311e+01       2.84055e-01       1.19154e+01
  820  8.20e-03      1.74958e+01       2.93930e-01       1.17618e+01
  821  8.21e-03      1.75280e+01       2.75192e-01       1.17771e+01
  822  8.22e-03      1.75536e+01       2.50104e-01       1.17858e+01
  823  8.23e-03      1.76078e+01       2.58352e-01       1.18246e+01
  824  8.24e-03      1.77624e+01       3.04561e-01       1.19431e+01
  825  8.25e-03      1.76182e+01       2.49216e-01       1.18285e+01
  826  8.26e-03      1.79040e+01       3.00842e-01       1.20363e+01
  827  8.27e-03      1.76910e+01       2.96500e-01       1.18928e+01
  828  8.28e-03      1.79893e+01       2.67314e-01       1.20820e+01
  829  8.29e-03      1.78269e+01       2.77691e-01       1.19771e+01
  830  8.30e-03      1.77771e+01       2.81829e-01       1.19453e+01
  831  8.31e-03      1.78182e+01       2.30748e-01       1.19557e+01
  832  8.32e-03      1.78419e+01       2.91414e-01       1.19917e+01
  833  8.33e-03      1.78683e+01       3.55149e-01       1.20306e+01
  834  8.34e-03      1.77238e+01       3.12337e-01       1.19200e+01
  835  8.35e-03      1.78929e+01       3.23536e-01       1.20365e+01
  836  8.36e-03      1.78428e+01       3.51613e-01       1.20124e+01
  837  8.37e-03      1.80082e+01       2.91915e-01       1.21028e+01
  838  8.38e-03      1.76469e+01       3.47074e-01       1.18803e+01
  839  8.39e-03      1.78234e+01       4.10845e-01       1.20192e+01
  840  8.40e-03      1.77408e+01       3.11431e-01       1.19310e+01
  841  8.41e-03      1.75797e+01       3.47176e-01       1.18355e+01
  842  8.42e-03      1.77164e+01       2.89334e-01       1.19074e+01
  843  8.43e-03      1.76143e+01       3.66322e-01       1.18649e+01
  844  8.44e-03      1.77318e+01       3.18741e-01       1.19274e+01
  845  8.45e-03      1.75119e+01       3.00580e-01       1.17748e+01
  846  8.46e-03      1.78578e+01       2.61508e-01       1.19924e+01
  847  8.47e-03      1.78895e+01       3.12560e-01       1.20305e+01
  848  8.48e-03      1.81915e+01       2.87832e-01       1.22236e+01
  849  8.49e-03      1.81272e+01       2.35950e-01       1.21635e+01
  850  8.50e-03      1.81445e+01       2.43941e-01       1.21777e+01
  851  8.51e-03      1.83765e+01       2.03272e-01       1.23188e+01
  852  8.52e-03      1.83163e+01       2.56107e-01       1.22962e+01
  853  8.53e-03      1.85893e+01       2.56347e-01       1.24783e+01
  854  8.54e-03      1.83597e+01       2.28117e-01       1.23158e+01
  855  8.55e-03      1.85772e+01       3.29443e-01       1.24946e+01
  856  8.56e-03      1.86215e+01       2.66157e-01       1.25030e+01
  857  8.57e-03      1.86740e+01       2.88404e-01       1.25455e+01
  858  8.58e-03      1.86891e+01       2.78745e-01       1.25523e+01
  859  8.59e-03      1.87279e+01       2.87558e-01       1.25811e+01
  860  8.60e-03      1.88270e+01       2.56212e-01       1.26367e+01
  861  8.61e-03      1.89638e+01       2.78947e-01       1.27355e+01
  862  8.62e-03      1.90489e+01       3.29746e-01       1.28092e+01
  863  8.63e-03      1.90474e+01       3.12214e-01       1.28023e+01
  864  8.64e-03      1.92455e+01       3.16872e-01       1.29360e+01
  865  8.65e-03      1.91879e+01       2.89051e-01       1.28883e+01
  866  8.66e-03      1.91374e+01       2.82819e-01       1.28525e+01
  867  8.67e-03      1.90550e+01       3.07014e-01       1.28057e+01
  868  8.68e-03      1.92190e+01       2.98285e-01       1.29121e+01
  869  8.69e-03      1.91570e+01       3.00047e-01       1.28713e+01
  870  8.70e-03      1.93176e+01       3.26154e-01       1.29871e+01
  871  8.71e-03      1.94183e+01       3.80527e-01       1.30724e+01
  872  8.72e-03      1.92347e+01       3.47996e-01       1.29392e+01
  873  8.73e-03      1.93942e+01       3.30553e-01       1.30397e+01
  874  8.74e-03      1.91592e+01       4.04725e-01       1.29077e+01
  875  8.75e-03      1.93197e+01       3.36927e-01       1.29921e+01
  876  8.76e-03      1.93259e+01       3.34342e-01       1.29954e+01
  877  8.77e-03      1.94144e+01       3.36252e-01       1.30550e+01
  878  8.78e-03      1.93609e+01       2.48511e-01       1.29901e+01
  879  8.79e-03      1.92088e+01       3.06775e-01       1.29081e+01
  880  8.80e-03      1.91559e+01       3.30070e-01       1.28806e+01
  881  8.81e-03      1.90572e+01       3.22388e-01       1.28123e+01
  882  8.82e-03      1.90171e+01       3.52362e-01       1.27955e+01
  883  8.83e-03      1.89955e+01       3.19106e-01       1.27701e+01
  884  8.84e-03      1.91947e+01       2.73372e-01       1.28876e+01
  885  8.85e-03      1.90989e+01       2.48900e-01       1.28156e+01
  886  8.86e-03      1.90169e+01       2.68032e-01       1.27673e+01
  887  8.87e-03      1.90796e+01       2.86126e-01       1.28151e+01
  888  8.88e-03      1.92850e+01       2.31644e-01       1.29339e+01
  889  8.89e-03      1.92888e+01       2.29966e-01       1.29359e+01
  890  8.90e-03      1.91439e+01       2.24037e-01       1.28373e+01
  891  8.91e-03      1.93339e+01       3.13764e-01       1.29939e+01
  892  8.92e-03      1.90544e+01       2.29718e-01       1.27795e+01
  893  8.93e-03      1.90894e+01       2.30544e-01       1.28031e+01
  894  8.94e-03      1.89829e+01       2.39700e-01       1.27352e+01
  895  8.95e-03      1.91105e+01       2.85724e-01       1.28356e+01
  896  8.96e-03      1.91629e+01       2.31384e-01       1.28524e+01
  897  8.97e-03      1.91968e+01       3.00390e-01       1.28980e+01
  898  8.98e-03      1.93543e+01       2.99943e-01       1.30029e+01
  899  8.99e-03      1.92531e+01       2.96795e-01       1.29343e+01
  900  9.00e-03      1.94340e+01       3.18793e-01       1.30622e+01
  901  9.01e-03      1.95230e+01       3.19309e-01       1.31217e+01
  902  9.02e-03      1.96537e+01       2.82522e-01       1.31966e+01
  903  9.03e-03      1.95447e+01       3.44902e-01       1.31448e+01
  904  9.04e-03      1.95319e+01       3.01388e-01       1.31218e+01
  905  9.05e-03      1.93827e+01       3.43614e-01       1.30364e+01
  906  9.06e-03      1.93802e+01       3.46418e-01       1.30356e+01
  907  9.07e-03      1.95084e+01       2.85832e-01       1.31009e+01
  908  9.08e-03      1.94077e+01       3.09541e-01       1.30416e+01
  909  9.09e-03      1.95979e+01       3.45586e-01       1.31804e+01
  910  9.10e-03      1.95001e+01       3.30577e-01       1.31102e+01
  911  9.11e-03      1.96898e+01       3.21569e-01       1.32337e+01
  912  9.12e-03      1.94812e+01       3.11070e-01       1.30912e+01
  913  9.13e-03      1.94859e+01       3.35557e-01       1.31024e+01
  914  9.14e-03      1.96967e+01       3.57603e-01       1.32503e+01
  915  9.15e-03      1.96435e+01       3.79418e-01       1.32222e+01
  916  9.16e-03      1.99060e+01       3.27955e-01       1.33800e+01
  917  9.17e-03      1.97959e+01       3.26728e-01       1.33062e+01
  918  9.18e-03      1.99392e+01       3.40496e-01       1.34063e+01
  919  9.19e-03      1.97792e+01       3.37022e-01       1.32985e+01
  920  9.20e-03      2.01728e+01       3.71682e-01       1.35725e+01
  921  9.21e-03      2.00273e+01       3.59294e-01       1.34713e+01
  922  9.22e-03      2.01536e+01       3.24182e-01       1.35438e+01
  923  9.23e-03      2.02019e+01       3.27615e-01       1.35772e+01
  924  9.24e-03      2.01720e+01       2.93356e-01       1.35458e+01
  925  9.25e-03      2.04354e+01       3.53588e-01       1.37414e+01
  926  9.26e-03      2.02850e+01       2.48836e-01       1.36063e+01
  927  9.27e-03      2.04409e+01       2.77821e-01       1.37199e+01
  928  9.28e-03      2.02507e+01       2.55775e-01       1.35857e+01
  929  9.29e-03      2.04596e+01       2.57133e-01       1.37255e+01
  930  9.30e-03      2.03656e+01       2.53427e-01       1.36615e+01
  931  9.31e-03      2.05212e+01       2.32558e-01       1.37583e+01
  932  9.32e-03      2.04845e+01       2.79177e-01       1.37494e+01
  933  9.33e-03      2.03826e+01       2.58654e-01       1.36746e+01
  934  9.34e-03      2.04160e+01       2.80173e-01       1.37040e+01
  935  9.35e-03      2.03247e+01       2.46919e-01       1.36321e+01
  936  9.36e-03      2.05105e+01       2.98394e-01       1.37731e+01
  937  9.37e-03      2.03520e+01       2.86880e-01       1.36636e+01
  938  9.38e-03      2.06481e+01       2.82670e-01       1.38596e+01
  939  9.39e-03      2.03516e+01       3.17099e-01       1.36734e+01
  940  9.40e-03      2.05878e+01       3.13262e-01       1.38297e+01
  941  9.41e-03      2.05364e+01       2.85709e-01       1.37862e+01
  942  9.42e-03      2.06340e+01       2.93252e-01       1.38538e+01
  943  9.43e-03      2.05656e+01       3.10919e-01       1.38140e+01
  944  9.44e-03      2.03198e+01       3.04727e-01       1.36481e+01
  945  9.45e-03      2.06046e+01       2.37203e-01       1.38154e+01
  946  9.46e-03      2.04816e+01       2.95253e-01       1.37528e+01
  947  9.47e-03      2.06050e+01       2.05135e-01       1.38050e+01
  948  9.48e-03      2.04065e+01       2.57958e-01       1.36903e+01
  949  9.49e-03      2.05934e+01       2.72701e-01       1.38198e+01
  950  9.50e-03      2.04821e+01       3.01128e-01       1.37551e+01
  951  9.51e-03      2.04700e+01       2.63876e-01       1.37346e+01
  952  9.52e-03      2.04305e+01       2.75885e-01       1.37123e+01
  953  9.53e-03      2.04393e+01       2.85928e-01       1.37215e+01
  954  9.54e-03      2.06096e+01       2.86739e-01       1.38353e+01
  955  9.55e-03      2.05111e+01       2.44487e-01       1.37556e+01
  956  9.56e-03      2.07105e+01       2.71151e-01       1.38974e+01
  957  9.57e-03      2.05475e+01       2.90583e-01       1.37952e+01
  958  9.58e-03      2.09006e+01       2.96303e-01       1.40325e+01
  959  9.59e-03      2.06218e+01       2.84541e-01       1.38427e+01
  960  9.60e-03      2.07761e+01       3.21416e-01       1.39579e+01
  961  9.61e-03      2.09445e+01       2.75930e-01       1.40550e+01
  962  9.62e-03      2.09121e+01       2.87969e-01       1.40374e+01
  963  9.63e-03      2.11234e+01       2.95848e-01       1.41809e+01
  964  9.64e-03      2.12521e+01       2.77605e-01       1.42606e+01
  965  9.65e-03      2.14275e+01       3.50778e-01       1.44019e+01
  966  9.66e-03      2.14069e+01       3.89968e-01       1.44013e+01
  967  9.67e-03      2.14674e+01       3.20424e-01       1.44184e+01
  968  9.68e-03      2.13524e+01       3.59841e-01       1.43549e+01
  969  9.69e-03      2.15819e+01       3.06965e-01       1.44903e+01
  970  9.70e-03      2.15169e+01       2.79158e-01       1.44377e+01
  971  9.71e-03      2.14967e+01       2.89655e-01       1.44277e+01
  972  9.72e-03      2.14480e+01       3.27225e-01       1.44077e+01
  973  9.73e-03      2.13527e+01       2.82084e-01       1.43291e+01
  974  9.74e-03      2.16189e+01       2.75627e-01       1.45045e+01
  975  9.75e-03      2.14785e+01       2.85221e-01       1.44141e+01
  976  9.76e-03      2.17725e+01       2.91513e-01       1.46122e+01
  977  9.77e-03      2.13648e+01       3.01213e-01       1.43436e+01
  978  9.78e-03      2.13816e+01       2.54039e-01       1.43391e+01
  979  9.79e-03      2.13374e+01       3.00509e-01       1.43251e+01
  980  9.80e-03      2.14121e+01       2.84817e-01       1.43697e+01
  981  9.81e-03      2.17530e+01       2.60163e-01       1.45887e+01
  982  9.82e-03      2.17229e+01       2.72468e-01       1.45727e+01
  983  9.83e-03      2.18447e+01       3.60111e-01       1.46831e+01
  984  9.84e-03      2.16336e+01       3.28825e-01       1.45320e+01
  985  9.85e-03      2.19746e+01       3.59233e-01       1.47695e+01
  986  9.86e-03      2.17893e+01       3.61291e-01       1.46467e+01
  987  9.87e-03      2.21616e+01       4.00844e-01       1.49080e+01
  988  9.88e-03      2.20884e+01       3.47355e-01       1.48414e+01
  989  9.89e-03      2.23006e+01       3.06110e-01       1.49691e+01
  990  9.90e-03      2.25141e+01       3.13508e-01       1.51139e+01
  991  9.91e-03      2.23480e+01       3.36751e-01       1.50109e+01
  992  9.92e-03      2.27528e+01       2.21066e-01       1.52422e+01
  993  9.93e-03      2.25877e+01       2.54556e-01       1.51433e+01
  994  9.94e-03      2.26104e+01       3.30050e-01       1.51836e+01
  995  9.95e-03      2.24875e+01       2.59894e-01       1.50783e+01
  996  9.96e-03      2.25702e+01       3.00511e-01       1.51470e+01
  997  9.97e-03      2.25406e+01       3.33022e-01       1.51381e+01
  998  9.98e-03      2.28273e+01       3.08742e-01       1.53211e+01
  999  9.99e-03      2.29540e+01       2.98710e-01       1.54022e+01
