Delta = -4.737e+00 gamma
 step      t        T_in_plane/mK   T_out_of_plane/mK   T_tot/mK
    0  0.00e+00      5.01204e+00       0.00000e+00       3.34136e+00
    1  2.00e-06      4.87174e+00       1.58520e-03       3.24835e+00
    2  4.00e-06      4.82398e+00       3.60467e-03       3.21719e+00
    3  6.00e-06      4.85899e+00       5.15839e-03       3.24104e+00
    4  8.00e-06      4.87345e+00       5.59234e-03       3.25083e+00
    5  1.00e-05      4.85552e+00       7.90845e-03       3.23965e+00
    6  1.20e-05      4.82162e+00       8.27736e-03       3.21718e+00
    7  1.40e-05      4.77921e+00       9.26985e-03       3.18923e+00
    8  1.60e-05      4.79289e+00       1.10268e-02       3.19893e+00
    9  1.80e-05      4.75278e+00       1.40276e-02       3.17320e+00
   10  2.00e-05      4.72682e+00       1.29344e-02       3.15552e+00
   11  2.20e-05      4.74194e+00       1.57252e-02       3.16654e+00
   12  2.40e-05      4.74120e+00       1.71374e-02       3.16651e+00
   13  2.60e-05      4.71366e+00       1.69383e-02       3.14809e+00
   14  2.80e-05      4.71072e+00       1.74163e-02       3.14628e+00
   15  3.00e-05      4.75274e+00       2.03436e-02       3.17528e+00
   16  3.20e-05      4.76446e+00       1.96143e-02       3.18284e+00
   17  3.40e-05      4.78061e+00       2.03437e-02       3.19385e+00
   18  3.60e-05      4.79818e+00       2.37865e-02       3.20672e+00
   19  3.80e-05      4.81269e+00       1.60847e-02       3.21382e+00
   20  4.00e-05      4.80788e+00       2.36305e-02       3.21313e+00
   21  4.20e-05      4.77945e+00       2.61396e-02       3.19502e+00
   22  4.40e-05      4.81192e+00       2.69647e-02       3.21694e+00
   23  4.60e-05      4.78357e+00       2.98251e-02       3.19899e+00
   24  4.80e-05      4.75142e+00       2.85330e-02       3.17713e+00
   25  5.00e-05      4.74198e+00       3.56716e-02       3.17321e+00
   26  5.20e-05      4.73117e+00       2.24579e-02       3.16160e+00
   27  5.40e-05      4.72459e+00       4.01892e-02       3.16312e+00
   28  5.60e-05      4.71064e+00       3.28459e-02       3.15138e+00
   29  5.80e-05      4.68090e+00       3.75503e-02       3.13312e+00
   30  6.00e-05      4.63224e+00       3.11175e-02       3.09853e+00
   31  6.20e-05      4.64252e+00       3.45130e-02       3.10651e+00
   32  6.40e-05      4.63711e+00       4.65722e-02       3.10693e+00
   33  6.60e-05      4.62107e+00       4.24672e-02       3.09487e+00
   34  6.80e-05      4.63534e+00       3.82033e-02       3.10296e+00
   35  7.00e-05      4.62864e+00       4.75564e-02       3.10161e+00
   36  7.20e-05      4.58600e+00       4.23605e-02       3.07145e+00
   37  7.40e-05      4.60040e+00       4.98966e-02       3.08356e+00
   38  7.60e-05      4.59919e+00       4.61726e-02       3.08152e+00
   39  7.80e-05      4.58631e+00       6.18585e-02       3.07816e+00
   40  8.00e-05      4.53949e+00       5.51779e-02       3.04472e+00
   41  8.20e-05      4.50776e+00       5.38589e-02       3.02313e+00
   42  8.40e-05      4.51428e+00       4.87021e-02       3.02575e+00
   43  8.60e-05      4.52962e+00       4.77676e-02       3.03567e+00
   44  8.80e-05      4.50204e+00       6.48482e-02       3.02298e+00
   45  9.00e-05      4.50273e+00       5.37994e-02       3.01975e+00
   46  9.20e-05      4.46070e+00       5.04065e-02       2.99060e+00
   47  9.40e-05      4.41121e+00       7.49605e-02       2.96579e+00
   48  9.60e-05      4.42997e+00       5.74009e-02       2.97245e+00
   49  9.80e-05      4.40177e+00       7.76984e-02       2.96041e+00
   50  1.00e-04      4.45323e+00       6.39328e-02       2.99013e+00
   51  1.02e-04      4.45033e+00       6.34714e-02       2.98805e+00
   52  1.04e-04      4.44926e+00       6.64879e-02       2.98834e+00
   53  1.06e-04      4.43459e+00       6.53166e-02       2.97817e+00
   54  1.08e-04      4.46404e+00       6.12178e-02       2.99643e+00
   55  1.10e-04      4.46449e+00       7.08457e-02       2.99994e+00
   56  1.12e-04      4.45103e+00       8.41481e-02       2.99540e+00
   57  1.14e-04      4.45070e+00       6.56474e-02       2.98901e+00
   58  1.16e-04      4.47320e+00       8.09386e-02       3.00912e+00
   59  1.18e-04      4.44460e+00       7.25833e-02       2.98726e+00
   60  1.20e-04      4.41958e+00       7.58585e-02       2.97167e+00
   61  1.22e-04      4.41705e+00       7.87421e-02       2.97095e+00
   62  1.24e-04      4.42195e+00       8.26197e-02       2.97550e+00
   63  1.26e-04      4.40763e+00       7.48802e-02       2.96338e+00
   64  1.28e-04      4.38229e+00       9.30193e-02       2.95253e+00
   65  1.30e-04      4.37584e+00       8.26215e-02       2.94477e+00
   66  1.32e-04      4.34992e+00       7.90001e-02       2.92628e+00
   67  1.34e-04      4.36144e+00       9.02065e-02       2.93770e+00
   68  1.36e-04      4.34092e+00       9.39918e-02       2.92528e+00
   69  1.38e-04      4.31437e+00       8.51896e-02       2.90465e+00
   70  1.40e-04      4.31276e+00       8.59363e-02       2.90382e+00
   71  1.42e-04      4.33123e+00       1.00533e-01       2.92100e+00
   72  1.44e-04      4.31702e+00       9.48883e-02       2.90964e+00
   73  1.46e-04      4.33745e+00       1.00947e-01       2.92528e+00
   74  1.48e-04      4.33971e+00       1.01359e-01       2.92693e+00
   75  1.50e-04      4.35283e+00       1.04760e-01       2.93680e+00
   76  1.52e-04      4.33460e+00       1.00918e-01       2.92337e+00
   77  1.54e-04      4.35314e+00       1.04377e-01       2.93689e+00
   78  1.56e-04      4.36587e+00       9.51940e-02       2.94231e+00
   79  1.58e-04      4.38126e+00       1.10690e-01       2.95774e+00
   80  1.60e-04      4.38678e+00       1.06920e-01       2.96016e+00
   81  1.62e-04      4.38960e+00       9.98016e-02       2.95967e+00
   82  1.64e-04      4.37517e+00       8.97693e-02       2.94671e+00
   83  1.66e-04      4.37590e+00       1.21631e-01       2.95781e+00
   84  1.68e-04      4.34545e+00       1.02895e-01       2.93127e+00
   85  1.70e-04      4.33697e+00       9.13961e-02       2.92178e+00
   86  1.72e-04      4.31976e+00       9.45345e-02       2.91135e+00
   87  1.74e-04      4.32839e+00       1.21500e-01       2.92610e+00
   88  1.76e-04      4.32815e+00       1.04150e-01       2.92015e+00
   89  1.78e-04      4.30495e+00       1.12537e-01       2.90748e+00
   90  1.80e-04      4.31073e+00       1.17235e-01       2.91290e+00
   91  1.82e-04      4.28262e+00       1.30869e-01       2.89870e+00
   92  1.84e-04      4.26311e+00       1.20202e-01       2.88214e+00
   93  1.86e-04      4.30459e+00       1.35045e-01       2.91474e+00
   94  1.88e-04      4.31433e+00       1.03628e-01       2.91076e+00
   95  1.90e-04      4.30718e+00       1.11905e-01       2.90875e+00
   96  1.92e-04      4.29754e+00       1.22996e-01       2.90602e+00
   97  1.94e-04      4.30627e+00       1.06097e-01       2.90621e+00
   98  1.96e-04      4.32711e+00       1.18865e-01       2.92436e+00
   99  1.98e-04      4.33894e+00       1.14038e-01       2.93064e+00
  100  2.00e-04      4.37973e+00       1.22538e-01       2.96067e+00
  101  2.02e-04      4.36414e+00       1.37779e-01       2.95535e+00
  102  2.04e-04      4.37965e+00       1.24049e-01       2.96112e+00
  103  2.06e-04      4.37398e+00       1.24852e-01       2.95761e+00
  104  2.08e-04      4.38920e+00       1.22651e-01       2.96702e+00
  105  2.10e-04      4.38917e+00       1.06735e-01       2.96169e+00
  106  2.12e-04      4.38901e+00       1.30725e-01       2.96958e+00
  107  2.14e-04      4.31277e+00       9.55666e-02       2.90704e+00
  108  2.16e-04      4.30466e+00       1.07786e-01       2.90570e+00
  109  2.18e-04      4.27765e+00       1.05172e-01       2.88683e+00
  110  2.20e-04      4.27902e+00       1.15408e-01       2.89115e+00
  111  2.22e-04      4.27464e+00       1.36539e-01       2.89528e+00
  112  2.24e-04      4.30229e+00       1.25499e-01       2.91003e+00
  113  2.26e-04      4.28591e+00       1.21301e-01       2.89770e+00
  114  2.28e-04      4.25371e+00       1.35078e-01       2.88083e+00
  115  2.30e-04      4.23438e+00       1.39116e-01       2.86929e+00
  116  2.32e-04      4.22941e+00       1.23416e-01       2.86074e+00
  117  2.34e-04      4.26109e+00       1.39190e-01       2.88713e+00
  118  2.36e-04      4.22015e+00       1.42351e-01       2.86088e+00
  119  2.38e-04      4.22237e+00       1.43323e-01       2.86269e+00
  120  2.40e-04      4.22263e+00       1.37734e-01       2.86100e+00
  121  2.42e-04      4.23582e+00       1.19610e-01       2.86375e+00
  122  2.44e-04      4.22049e+00       1.46980e-01       2.86265e+00
  123  2.46e-04      4.20445e+00       1.37467e-01       2.84879e+00
  124  2.48e-04      4.17632e+00       1.35429e-01       2.82936e+00
  125  2.50e-04      4.20021e+00       1.55357e-01       2.85192e+00
  126  2.52e-04      4.18667e+00       1.54499e-01       2.84262e+00
  127  2.54e-04      4.21089e+00       1.86459e-01       2.86942e+00
  128  2.56e-04      4.18316e+00       1.47986e-01       2.83810e+00
  129  2.58e-04      4.17326e+00       1.56356e-01       2.83429e+00
  130  2.60e-04      4.19339e+00       1.59646e-01       2.84881e+00
  131  2.62e-04      4.20352e+00       1.57191e-01       2.85475e+00
  132  2.64e-04      4.18271e+00       1.49465e-01       2.83830e+00
  133  2.66e-04      4.18657e+00       1.23992e-01       2.83238e+00
  134  2.68e-04      4.16434e+00       1.65237e-01       2.83131e+00
  135  2.70e-04      4.15496e+00       1.56959e-01       2.82229e+00
  136  2.72e-04      4.15782e+00       1.43914e-01       2.81985e+00
  137  2.74e-04      4.13161e+00       1.49160e-01       2.80413e+00
  138  2.76e-04      4.14571e+00       1.62450e-01       2.81796e+00
  139  2.78e-04      4.14589e+00       1.88738e-01       2.82684e+00
  140  2.80e-04      4.15584e+00       1.62322e-01       2.82466e+00
  141  2.82e-04      4.10237e+00       1.48138e-01       2.78429e+00
  142  2.84e-04      4.11142e+00       1.73524e-01       2.79879e+00
  143  2.86e-04      4.07945e+00       1.64131e-01       2.77435e+00
  144  2.88e-04      4.05149e+00       1.95624e-01       2.76620e+00
  145  2.90e-04      4.07212e+00       1.55554e-01       2.76660e+00
  146  2.92e-04      4.05021e+00       1.68442e-01       2.75629e+00
  147  2.94e-04      4.03015e+00       1.75213e-01       2.74517e+00
  148  2.96e-04      4.03621e+00       1.51135e-01       2.74119e+00
  149  2.98e-04      4.05107e+00       1.81604e-01       2.76125e+00
  150  3.00e-04      4.04447e+00       1.85563e-01       2.75816e+00
  151  3.02e-04      4.07438e+00       1.99315e-01       2.78269e+00
  152  3.04e-04      4.06446e+00       1.77451e-01       2.76879e+00
  153  3.06e-04      4.09103e+00       1.63405e-01       2.78182e+00
  154  3.08e-04      4.03508e+00       1.78753e-01       2.74964e+00
  155  3.10e-04      4.01968e+00       2.05152e-01       2.74817e+00
  156  3.12e-04      4.03116e+00       1.89593e-01       2.75064e+00
  157  3.14e-04      4.00195e+00       1.51860e-01       2.71859e+00
  158  3.16e-04      4.02906e+00       1.89015e-01       2.74905e+00
  159  3.18e-04      4.01503e+00       1.85160e-01       2.73841e+00
  160  3.20e-04      3.99230e+00       2.02335e-01       2.72898e+00
  161  3.22e-04      3.97093e+00       1.83049e-01       2.70831e+00
  162  3.24e-04      3.99307e+00       1.71896e-01       2.71935e+00
  163  3.26e-04      3.99050e+00       1.79358e-01       2.72012e+00
  164  3.28e-04      3.97771e+00       1.86373e-01       2.71393e+00
  165  3.30e-04      3.99838e+00       2.17774e-01       2.73818e+00
  166  3.32e-04      3.95720e+00       1.84346e-01       2.69958e+00
  167  3.34e-04      3.95618e+00       2.28471e-01       2.71361e+00
  168  3.36e-04      3.95508e+00       1.85784e-01       2.69865e+00
  169  3.38e-04      3.94701e+00       2.07634e-01       2.70055e+00
  170  3.40e-04      3.93641e+00       2.12561e-01       2.69512e+00
  171  3.42e-04      3.93133e+00       1.72596e-01       2.67842e+00
  172  3.44e-04      3.92208e+00       1.84753e-01       2.67630e+00
  173  3.46e-04      3.90146e+00       1.98038e-01       2.66698e+00
  174  3.48e-04      3.88805e+00       1.84864e-01       2.65365e+00
  175  3.50e-04      3.89872e+00       2.26124e-01       2.67452e+00
  176  3.52e-04      3.90990e+00       2.13746e-01       2.67785e+00
  177  3.54e-04      3.90522e+00       2.21863e-01       2.67743e+00
  178  3.56e-04      3.91093e+00       2.53445e-01       2.69177e+00
  179  3.58e-04      3.89501e+00       2.11277e-01       2.66710e+00
  180  3.60e-04      3.87627e+00       1.91997e-01       2.64818e+00
  181  3.62e-04      3.88624e+00       2.31576e-01       2.66802e+00
  182  3.64e-04      3.88236e+00       2.20080e-01       2.66160e+00
  183  3.66e-04      3.87368e+00       2.09309e-01       2.65223e+00
  184  3.68e-04      3.85949e+00       2.25149e-01       2.64804e+00
  185  3.70e-04      3.87340e+00       2.09431e-01       2.65208e+00
  186  3.72e-04      3.91376e+00       2.40569e-01       2.68936e+00
  187  3.74e-04      3.85669e+00       2.24212e-01       2.64587e+00
  188  3.76e-04      3.84477e+00       2.36336e-01       2.64196e+00
  189  3.78e-04      3.85824e+00       2.25272e-01       2.64725e+00
  190  3.80e-04      3.85587e+00       2.18976e-01       2.64357e+00
  191  3.82e-04      3.85939e+00       2.29799e-01       2.64953e+00
  192  3.84e-04      3.85751e+00       2.46905e-01       2.65397e+00
  193  3.86e-04      3.83245e+00       2.32134e-01       2.63234e+00
  194  3.88e-04      3.85384e+00       2.14239e-01       2.64064e+00
  195  3.90e-04      3.84261e+00       2.45338e-01       2.64352e+00
  196  3.92e-04      3.85437e+00       2.32149e-01       2.64696e+00
  197  3.94e-04      3.87620e+00       2.16297e-01       2.65624e+00
  198  3.96e-04      3.87640e+00       2.02233e-01       2.65168e+00
  199  3.98e-04      3.87732e+00       2.43383e-01       2.66601e+00
  200  4.00e-04      3.84545e+00       2.27756e-01       2.63955e+00
  201  4.02e-04      3.85724e+00       2.28464e-01       2.64764e+00
  202  4.04e-04      3.84003e+00       2.19992e-01       2.63335e+00
  203  4.06e-04      3.82749e+00       2.11801e-01       2.62226e+00
  204  4.08e-04      3.84303e+00       2.36822e-01       2.64096e+00
  205  4.10e-04      3.83545e+00       2.45493e-01       2.63880e+00
  206  4.12e-04      3.83720e+00       1.85727e-01       2.62004e+00
  207  4.14e-04      3.81806e+00       2.34734e-01       2.62362e+00
  208  4.16e-04      3.83265e+00       2.47263e-01       2.63752e+00
  209  4.18e-04      3.82230e+00       2.15592e-01       2.62006e+00
  210  4.20e-04      3.83752e+00       2.05099e-01       2.62671e+00
  211  4.22e-04      3.85895e+00       2.54811e-01       2.65757e+00
  212  4.24e-04      3.87541e+00       2.39535e-01       2.66345e+00
  213  4.26e-04      3.88277e+00       2.12795e-01       2.65944e+00
  214  4.28e-04      3.91377e+00       2.22831e-01       2.68346e+00
  215  4.30e-04      3.92464e+00       1.95538e-01       2.68160e+00
  216  4.32e-04      3.91190e+00       2.58893e-01       2.69423e+00
  217  4.34e-04      3.90720e+00       2.63499e-01       2.69263e+00
  218  4.36e-04      3.91911e+00       2.06815e-01       2.68168e+00
  219  4.38e-04      3.91527e+00       2.44481e-01       2.69167e+00
  220  4.40e-04      3.89306e+00       2.89654e-01       2.69193e+00
  221  4.42e-04      3.92550e+00       2.05409e-01       2.68547e+00
  222  4.44e-04      3.93671e+00       2.66242e-01       2.71322e+00
  223  4.46e-04      3.95546e+00       2.55623e-01       2.72218e+00
  224  4.48e-04      3.96728e+00       2.09050e-01       2.71454e+00
  225  4.50e-04      3.95829e+00       2.63493e-01       2.72669e+00
  226  4.52e-04      3.97230e+00       2.77931e-01       2.74085e+00
  227  4.54e-04      3.99081e+00       2.21793e-01       2.73447e+00
  228  4.56e-04      3.94391e+00       2.76589e-01       2.72147e+00
  229  4.58e-04      3.94108e+00       2.71371e-01       2.71784e+00
  230  4.60e-04      3.95985e+00       2.80135e-01       2.73328e+00
  231  4.62e-04      3.91999e+00       2.70913e-01       2.70363e+00
  232  4.64e-04      3.93214e+00       2.90742e-01       2.71834e+00
  233  4.66e-04      3.97578e+00       2.80306e-01       2.74395e+00
  234  4.68e-04      3.97466e+00       3.01856e-01       2.75039e+00
  235  4.70e-04      3.95495e+00       2.52414e-01       2.72077e+00
  236  4.72e-04      3.95984e+00       2.72861e-01       2.73085e+00
  237  4.74e-04      3.92712e+00       2.67702e-01       2.70731e+00
  238  4.76e-04      3.91806e+00       2.80147e-01       2.70542e+00
  239  4.78e-04      3.94208e+00       3.11513e-01       2.73189e+00
  240  4.80e-04      3.91181e+00       2.64754e-01       2.69612e+00
  241  4.82e-04      3.94428e+00       2.85293e-01       2.72462e+00
  242  4.84e-04      3.94016e+00       3.02147e-01       2.72749e+00
  243  4.86e-04      3.98678e+00       2.94712e-01       2.75609e+00
  244  4.88e-04      3.97339e+00       3.30874e-01       2.75922e+00
  245  4.90e-04      3.99479e+00       3.15008e-01       2.76820e+00
  246  4.92e-04      4.02668e+00       2.60694e-01       2.77135e+00
  247  4.94e-04      3.99924e+00       2.84289e-01       2.76093e+00
  248  4.96e-04      3.97263e+00       2.97480e-01       2.74758e+00
  249  4.98e-04      3.97909e+00       2.83095e-01       2.74709e+00
  250  5.00e-04      4.00823e+00       2.76477e-01       2.76431e+00
  251  5.02e-04      4.03373e+00       2.74377e-01       2.78061e+00
  252  5.04e-04      4.08416e+00       3.38734e-01       2.83569e+00
  253  5.06e-04      4.03841e+00       2.80683e-01       2.78584e+00
  254  5.08e-04      4.01282e+00       2.79550e-01       2.76840e+00
  255  5.10e-04      3.98497e+00       2.97659e-01       2.75587e+00
  256  5.12e-04      4.00444e+00       2.75922e-01       2.76160e+00
  257  5.14e-04      4.03703e+00       3.22062e-01       2.79871e+00
  258  5.16e-04      4.07771e+00       3.15834e-01       2.82375e+00
  259  5.18e-04      4.04226e+00       2.59176e-01       2.78123e+00
  260  5.20e-04      4.01362e+00       3.26884e-01       2.78471e+00
  261  5.22e-04      4.03056e+00       3.37618e-01       2.79958e+00
  262  5.24e-04      4.02314e+00       3.26559e-01       2.79094e+00
  263  5.26e-04      3.98767e+00       2.81562e-01       2.75230e+00
  264  5.28e-04      3.98565e+00       3.18982e-01       2.76343e+00
  265  5.30e-04      3.96239e+00       2.77128e-01       2.73397e+00
  266  5.32e-04      3.95065e+00       3.44405e-01       2.74857e+00
  267  5.34e-04      3.93199e+00       2.71731e-01       2.71190e+00
  268  5.36e-04      3.94312e+00       3.28488e-01       2.73824e+00
  269  5.38e-04      3.90560e+00       3.22733e-01       2.71131e+00
  270  5.40e-04      3.89253e+00       3.36582e-01       2.70721e+00
  271  5.42e-04      3.88455e+00       3.78492e-01       2.71586e+00
  272  5.44e-04      3.86875e+00       2.87283e-01       2.67493e+00
  273  5.46e-04      3.86394e+00       3.78028e-01       2.70197e+00
  274  5.48e-04      3.85718e+00       2.96380e-01       2.67025e+00
  275  5.50e-04      3.84790e+00       3.12895e-01       2.66957e+00
  276  5.52e-04      3.87581e+00       3.27946e-01       2.69319e+00
  277  5.54e-04      3.85425e+00       3.32515e-01       2.68034e+00
  278  5.56e-04      3.87174e+00       3.58904e-01       2.70080e+00
  279  5.58e-04      3.86160e+00       3.16317e-01       2.67984e+00
  280  5.60e-04      3.81515e+00       3.76550e-01       2.66895e+00
  281  5.62e-04      3.78193e+00       3.15910e-01       2.62659e+00
  282  5.64e-04      3.83032e+00       3.79148e-01       2.67993e+00
  283  5.66e-04      3.82057e+00       3.47545e-01       2.66290e+00
  284  5.68e-04      3.84751e+00       3.47475e-01       2.68083e+00
  285  5.70e-04      3.82511e+00       3.18674e-01       2.65630e+00
  286  5.72e-04      3.79837e+00       3.11611e-01       2.63611e+00
  287  5.74e-04      3.80685e+00       4.08320e-01       2.67400e+00
  288  5.76e-04      3.84449e+00       2.65992e-01       2.65166e+00
  289  5.78e-04      3.84784e+00       3.53181e-01       2.68295e+00
  290  5.80e-04      3.85087e+00       4.03764e-01       2.70184e+00
  291  5.82e-04      3.84117e+00       3.18766e-01       2.66703e+00
  292  5.84e-04      3.84361e+00       3.62509e-01       2.68324e+00
  293  5.86e-04      3.82671e+00       3.79582e-01       2.67767e+00
  294  5.88e-04      3.84126e+00       3.44029e-01       2.67552e+00
  295  5.90e-04      3.82991e+00       3.77939e-01       2.67925e+00
  296  5.92e-04      3.83591e+00       3.80622e-01       2.68415e+00
  297  5.94e-04      3.84402e+00       3.08427e-01       2.66549e+00
  298  5.96e-04      3.85896e+00       3.75261e-01       2.69773e+00
  299  5.98e-04      3.84785e+00       3.58681e-01       2.68479e+00
  300  6.00e-04      3.86361e+00       3.88919e-01       2.70538e+00
  301  6.02e-04      3.89665e+00       3.66298e-01       2.71986e+00
  302  6.04e-04      3.88779e+00       3.93732e-01       2.72310e+00
  303  6.06e-04      3.84747e+00       3.23909e-01       2.67295e+00
  304  6.08e-04      3.83548e+00       4.07754e-01       2.69290e+00
  305  6.10e-04      3.86061e+00       3.71700e-01       2.69764e+00
  306  6.12e-04      3.88587e+00       3.26394e-01       2.69938e+00
  307  6.14e-04      3.86683e+00       4.12553e-01       2.71541e+00
  308  6.16e-04      3.87497e+00       3.19004e-01       2.68965e+00
  309  6.18e-04      3.90188e+00       4.38218e-01       2.74732e+00
  310  6.20e-04      3.89388e+00       4.01303e-01       2.72969e+00
  311  6.22e-04      3.87605e+00       4.23372e-01       2.72516e+00
  312  6.24e-04      3.90193e+00       3.62641e-01       2.72217e+00
  313  6.26e-04      3.90669e+00       3.86226e-01       2.73321e+00
  314  6.28e-04      3.89552e+00       3.70967e-01       2.72067e+00
  315  6.30e-04      3.88831e+00       3.29967e-01       2.70220e+00
  316  6.32e-04      3.85200e+00       4.40449e-01       2.71481e+00
  317  6.34e-04      3.86548e+00       2.92271e-01       2.67441e+00
  318  6.36e-04      3.85083e+00       3.76786e-01       2.69282e+00
  319  6.38e-04      3.84195e+00       4.06782e-01       2.69689e+00
  320  6.40e-04      3.81345e+00       3.70155e-01       2.66569e+00
  321  6.42e-04      3.79031e+00       4.68474e-01       2.68303e+00
  322  6.44e-04      3.74716e+00       3.94742e-01       2.62969e+00
  323  6.46e-04      3.73072e+00       4.37565e-01       2.63300e+00
  324  6.48e-04      3.71082e+00       3.78739e-01       2.60012e+00
  325  6.50e-04      3.74857e+00       4.86080e-01       2.66107e+00
  326  6.52e-04      3.74746e+00       3.52425e-01       2.61578e+00
  327  6.54e-04      3.77120e+00       4.15764e-01       2.65272e+00
  328  6.56e-04      3.78016e+00       4.65060e-01       2.67513e+00
  329  6.58e-04      3.80528e+00       3.96535e-01       2.66903e+00
  330  6.60e-04      3.79661e+00       4.38960e-01       2.67739e+00
  331  6.62e-04      3.77452e+00       4.62406e-01       2.67048e+00
  332  6.64e-04      3.81356e+00       4.67299e-01       2.69814e+00
  333  6.66e-04      3.81648e+00       4.15633e-01       2.68286e+00
  334  6.68e-04      3.77855e+00       4.82514e-01       2.67987e+00
  335  6.70e-04      3.75953e+00       4.34265e-01       2.65111e+00
  336  6.72e-04      3.75623e+00       4.23826e-01       2.64543e+00
  337  6.74e-04      3.77062e+00       4.72869e-01       2.67137e+00
  338  6.76e-04      3.78021e+00       4.09960e-01       2.65680e+00
  339  6.78e-04      3.78352e+00       4.68233e-01       2.67842e+00
  340  6.80e-04      3.79814e+00       4.84801e-01       2.69369e+00
  341  6.82e-04      3.77995e+00       4.02662e-01       2.65419e+00
  342  6.84e-04      3.73311e+00       4.46639e-01       2.63762e+00
  343  6.86e-04      3.74804e+00       5.11532e-01       2.66920e+00
  344  6.88e-04      3.76117e+00       3.57836e-01       2.62673e+00
  345  6.90e-04      3.78838e+00       4.90893e-01       2.68922e+00
  346  6.92e-04      3.79163e+00       3.97540e-01       2.66027e+00
  347  6.94e-04      3.78263e+00       5.47280e-01       2.70418e+00
  348  6.96e-04      3.81105e+00       4.32440e-01       2.68484e+00
  349  6.98e-04      3.80514e+00       4.54318e-01       2.68820e+00
  350  7.00e-04      3.82578e+00       4.99776e-01       2.71711e+00
  351  7.02e-04      3.80870e+00       4.73577e-01       2.69699e+00
  352  7.04e-04      3.80494e+00       4.35969e-01       2.68195e+00
  353  7.06e-04      3.82208e+00       4.21702e-01       2.68862e+00
  354  7.08e-04      3.81696e+00       4.95748e-01       2.70989e+00
  355  7.10e-04      3.83880e+00       3.69376e-01       2.68232e+00
  356  7.12e-04      3.83777e+00       4.94020e-01       2.72319e+00
  357  7.14e-04      3.78028e+00       5.49987e-01       2.70352e+00
  358  7.16e-04      3.74168e+00       4.07998e-01       2.63045e+00
  359  7.18e-04      3.72627e+00       5.27890e-01       2.66015e+00
  360  7.20e-04      3.72636e+00       4.80535e-01       2.64442e+00
  361  7.22e-04      3.69486e+00       5.42202e-01       2.64398e+00
  362  7.24e-04      3.68502e+00       4.28303e-01       2.59945e+00
  363  7.26e-04      3.68153e+00       5.29447e-01       2.63083e+00
  364  7.28e-04      3.70895e+00       4.44963e-01       2.62096e+00
  365  7.30e-04      3.68181e+00       4.77322e-01       2.61365e+00
  366  7.32e-04      3.70501e+00       5.52393e-01       2.65414e+00
  367  7.34e-04      3.71421e+00       4.12517e-01       2.61365e+00
  368  7.36e-04      3.70802e+00       5.67559e-01       2.66120e+00
  369  7.38e-04      3.67636e+00       5.32292e-01       2.62834e+00
  370  7.40e-04      3.69302e+00       4.18351e-01       2.60147e+00
  371  7.42e-04      3.68667e+00       5.08397e-01       2.62725e+00
  372  7.44e-04      3.69159e+00       5.46884e-01       2.64335e+00
  373  7.46e-04      3.69452e+00       4.46297e-01       2.61178e+00
  374  7.48e-04      3.68623e+00       4.27813e-01       2.60009e+00
  375  7.50e-04      3.68969e+00       6.01063e-01       2.66015e+00
  376  7.52e-04      3.71461e+00       4.75577e-01       2.63493e+00
  377  7.54e-04      3.68536e+00       5.24863e-01       2.63186e+00
  378  7.56e-04      3.65963e+00       4.86014e-01       2.60176e+00
  379  7.58e-04      3.62750e+00       5.50389e-01       2.60180e+00
  380  7.60e-04      3.62164e+00       5.40883e-01       2.59472e+00
  381  7.62e-04      3.58988e+00       5.14828e-01       2.56486e+00
  382  7.64e-04      3.57748e+00       4.68572e-01       2.54118e+00
  383  7.66e-04      3.57457e+00       5.47410e-01       2.56552e+00
  384  7.68e-04      3.56747e+00       5.37175e-01       2.55737e+00
  385  7.70e-04      3.54526e+00       4.84067e-01       2.52486e+00
  386  7.72e-04      3.55825e+00       5.50907e-01       2.55580e+00
  387  7.74e-04      3.51826e+00       5.06520e-01       2.51435e+00
  388  7.76e-04      3.53045e+00       4.96238e-01       2.51905e+00
  389  7.78e-04      3.51388e+00       6.03559e-01       2.54377e+00
  390  7.80e-04      3.49401e+00       4.79283e-01       2.48910e+00
  391  7.82e-04      3.47590e+00       4.91952e-01       2.48125e+00
  392  7.84e-04      3.48295e+00       4.84612e-01       2.48350e+00
  393  7.86e-04      3.49545e+00       5.25669e-01       2.50552e+00
  394  7.88e-04      3.51458e+00       3.97818e-01       2.47566e+00
  395  7.90e-04      3.51331e+00       5.86322e-01       2.53765e+00
  396  7.92e-04      3.52100e+00       4.67809e-01       2.50327e+00
  397  7.94e-04      3.53118e+00       5.01067e-01       2.52114e+00
  398  7.96e-04      3.53790e+00       5.36937e-01       2.53758e+00
  399  7.98e-04      3.56092e+00       6.21909e-01       2.58125e+00
  400  8.00e-04      3.54618e+00       5.00350e-01       2.53091e+00
  401  8.02e-04      3.51280e+00       5.78463e-01       2.53469e+00
  402  8.04e-04      3.53160e+00       5.13371e-01       2.52552e+00
  403  8.06e-04      3.52220e+00       6.09029e-01       2.55115e+00
  404  8.08e-04      3.51304e+00       5.42175e-01       2.52275e+00
  405  8.10e-04      3.54446e+00       5.11372e-01       2.53343e+00
  406  8.12e-04      3.51848e+00       5.52048e-01       2.52967e+00
  407  8.14e-04      3.54400e+00       5.78105e-01       2.55537e+00
  408  8.16e-04      3.51694e+00       4.90130e-01       2.50800e+00
  409  8.18e-04      3.52391e+00       6.04607e-01       2.55081e+00
  410  8.20e-04      3.50977e+00       5.50090e-01       2.52321e+00
  411  8.22e-04      3.55076e+00       5.00571e-01       2.53403e+00
  412  8.24e-04      3.54755e+00       5.30880e-01       2.54199e+00
  413  8.26e-04      3.57216e+00       5.74692e-01       2.57300e+00
  414  8.28e-04      3.57045e+00       4.45892e-01       2.52893e+00
  415  8.30e-04      3.57593e+00       6.01807e-01       2.58456e+00
  416  8.32e-04      3.58268e+00       4.87576e-01       2.55098e+00
  417  8.34e-04      3.55750e+00       5.42937e-01       2.55264e+00
  418  8.36e-04      3.49340e+00       5.64019e-01       2.51694e+00
  419  8.38e-04      3.52474e+00       4.85783e-01       2.51175e+00
  420  8.40e-04      3.51147e+00       5.04034e-01       2.50899e+00
  421  8.42e-04      3.50313e+00       5.62644e-01       2.52297e+00
  422  8.44e-04      3.50264e+00       5.78630e-01       2.52797e+00
  423  8.46e-04      3.50614e+00       4.86182e-01       2.49949e+00
  424  8.48e-04      3.47649e+00       5.90334e-01       2.51444e+00
  425  8.50e-04      3.51611e+00       5.41846e-01       2.52469e+00
  426  8.52e-04      3.49542e+00       4.72768e-01       2.48787e+00
  427  8.54e-04      3.51514e+00       6.79043e-01       2.56977e+00
  428  8.56e-04      3.51427e+00       5.16145e-01       2.51490e+00
  429  8.58e-04      3.48942e+00       6.06579e-01       2.52847e+00
  430  8.60e-04      3.46609e+00       4.84178e-01       2.47212e+00
  431  8.62e-04      3.45204e+00       5.60784e-01       2.48829e+00
  432  8.64e-04      3.44671e+00       4.81829e-01       2.45841e+00
  433  8.66e-04      3.42817e+00       5.37292e-01       2.46454e+00
  434  8.68e-04      3.40163e+00       6.10553e-01       2.47127e+00
  435  8.70e-04      3.40892e+00       4.75080e-01       2.43097e+00
  436  8.72e-04      3.40213e+00       6.16277e-01       2.47351e+00
  437  8.74e-04      3.33707e+00       5.85491e-01       2.41988e+00
  438  8.76e-04      3.32704e+00       4.70501e-01       2.37486e+00
  439  8.78e-04      3.30600e+00       5.22454e-01       2.37815e+00
  440  8.80e-04      3.31191e+00       6.13500e-01       2.41244e+00
  441  8.82e-04      3.26791e+00       5.98394e-01       2.37807e+00
  442  8.84e-04      3.29285e+00       5.24704e-01       2.37013e+00
  443  8.86e-04      3.29197e+00       6.66163e-01       2.41670e+00
  444  8.88e-04      3.28766e+00       5.14319e-01       2.36321e+00
  445  8.90e-04      3.26849e+00       6.00800e-01       2.37926e+00
  446  8.92e-04      3.28556e+00       6.27446e-01       2.39952e+00
  447  8.94e-04      3.31480e+00       5.64899e-01       2.39817e+00
  448  8.96e-04      3.31412e+00       5.67484e-01       2.39857e+00
  449  8.98e-04      3.28942e+00       6.37345e-01       2.40539e+00
  450  9.00e-04      3.29446e+00       6.19026e-01       2.40265e+00
  451  9.02e-04      3.27040e+00       4.74267e-01       2.33835e+00
  452  9.04e-04      3.27301e+00       6.13414e-01       2.38648e+00
  453  9.06e-04      3.23692e+00       5.75219e-01       2.34969e+00
  454  9.08e-04      3.26642e+00       4.92197e-01       2.34168e+00
  455  9.10e-04      3.21957e+00       6.09700e-01       2.34961e+00
  456  9.12e-04      3.24076e+00       6.42769e-01       2.37476e+00
  457  9.14e-04      3.25124e+00       5.22202e-01       2.34156e+00
  458  9.16e-04      3.25544e+00       5.27785e-01       2.34622e+00
  459  9.18e-04      3.23255e+00       7.10507e-01       2.39187e+00
  460  9.20e-04      3.23808e+00       5.24105e-01       2.33342e+00
  461  9.22e-04      3.24873e+00       5.61994e-01       2.35315e+00
  462  9.24e-04      3.29082e+00       6.89955e-01       2.42387e+00
  463  9.26e-04      3.26550e+00       5.75904e-01       2.36897e+00
  464  9.28e-04      3.28985e+00       5.51473e-01       2.37706e+00
  465  9.30e-04      3.27620e+00       5.50190e-01       2.36753e+00
  466  9.32e-04      3.27658e+00       6.46914e-01       2.40002e+00
  467  9.34e-04      3.28112e+00       6.62917e-01       2.40838e+00
  468  9.36e-04      3.28133e+00       5.27666e-01       2.36344e+00
  469  9.38e-04      3.30349e+00       5.46208e-01       2.38439e+00
  470  9.40e-04      3.31266e+00       6.79785e-01       2.43504e+00
  471  9.42e-04      3.30974e+00       5.20556e-01       2.38001e+00
  472  9.44e-04      3.30947e+00       5.39041e-01       2.38599e+00
  473  9.46e-04      3.29899e+00       7.37468e-01       2.44515e+00
  474  9.48e-04      3.32521e+00       6.36585e-01       2.42900e+00
  475  9.50e-04      3.30682e+00       5.16491e-01       2.37671e+00
  476  9.52e-04      3.32675e+00       7.11643e-01       2.45505e+00
  477  9.54e-04      3.32676e+00       5.54937e-01       2.40282e+00
  478  9.56e-04      3.32719e+00       6.30946e-01       2.42845e+00
  479  9.58e-04      3.33355e+00       6.77395e-01       2.44817e+00
  480  9.60e-04      3.34423e+00       5.76172e-01       2.42154e+00
  481  9.62e-04      3.33576e+00       6.17050e-01       2.42952e+00
  482  9.64e-04      3.33224e+00       5.97256e-01       2.42058e+00
  483  9.66e-04      3.30506e+00       5.92510e-01       2.40087e+00
  484  9.68e-04      3.30390e+00       6.52542e-01       2.42011e+00
  485  9.70e-04      3.32668e+00       6.21530e-01       2.42496e+00
  486  9.72e-04      3.33697e+00       5.00908e-01       2.39161e+00
  487  9.74e-04      3.33576e+00       6.67131e-01       2.44622e+00
  488  9.76e-04      3.34219e+00       7.11547e-01       2.46531e+00
  489  9.78e-04      3.35580e+00       5.14374e-01       2.40866e+00
  490  9.80e-04      3.36790e+00       6.41036e-01       2.45894e+00
  491  9.82e-04      3.35466e+00       6.03676e-01       2.43767e+00
  492  9.84e-04      3.33709e+00       6.12747e-01       2.42898e+00
  493  9.86e-04      3.34734e+00       6.19565e-01       2.43808e+00
  494  9.88e-04      3.32811e+00       6.40671e-01       2.43229e+00
  495  9.90e-04      3.29580e+00       6.19263e-01       2.40362e+00
  496  9.92e-04      3.27458e+00       6.77417e-01       2.40886e+00
  497  9.94e-04      3.26683e+00       5.76764e-01       2.37014e+00
  498  9.96e-04      3.23066e+00       5.34140e-01       2.33182e+00
  499  9.98e-04      3.24638e+00       7.49038e-01       2.41393e+00
  500  1.00e-03      3.23184e+00       6.29505e-01       2.36440e+00
  501  1.00e-03      3.25968e+00       5.87776e-01       2.36904e+00
  502  1.00e-03      3.22174e+00       7.18717e-01       2.38740e+00
  503  1.01e-03      3.23694e+00       6.51407e-01       2.37509e+00
  504  1.01e-03      3.21645e+00       6.50288e-01       2.36106e+00
  505  1.01e-03      3.22339e+00       5.60093e-01       2.33562e+00
  506  1.01e-03      3.21321e+00       7.26599e-01       2.38434e+00
  507  1.01e-03      3.22572e+00       6.14046e-01       2.35516e+00
  508  1.02e-03      3.22279e+00       6.48988e-01       2.36485e+00
  509  1.02e-03      3.21679e+00       5.83069e-01       2.33888e+00
  510  1.02e-03      3.18081e+00       6.87915e-01       2.34985e+00
  511  1.02e-03      3.16694e+00       6.95335e-01       2.34307e+00
  512  1.02e-03      3.18633e+00       6.20540e-01       2.33106e+00
  513  1.03e-03      3.19011e+00       7.30802e-01       2.37034e+00
  514  1.03e-03      3.16665e+00       6.49973e-01       2.32776e+00
  515  1.03e-03      3.14125e+00       6.24777e-01       2.30243e+00
  516  1.03e-03      3.13030e+00       7.07485e-01       2.32269e+00
  517  1.03e-03      3.18381e+00       6.76963e-01       2.34820e+00
  518  1.04e-03      3.17568e+00       6.23758e-01       2.32504e+00
  519  1.04e-03      3.19294e+00       5.76342e-01       2.32074e+00
  520  1.04e-03      3.18941e+00       7.61333e-01       2.38005e+00
  521  1.04e-03      3.20683e+00       6.20948e-01       2.34487e+00
  522  1.04e-03      3.19909e+00       7.49346e-01       2.38251e+00
  523  1.05e-03      3.22955e+00       5.87093e-01       2.34873e+00
  524  1.05e-03      3.21111e+00       7.14932e-01       2.37905e+00
  525  1.05e-03      3.22271e+00       7.15795e-01       2.38707e+00
  526  1.05e-03      3.23509e+00       6.29222e-01       2.36647e+00
  527  1.05e-03      3.24000e+00       7.19964e-01       2.39999e+00
  528  1.06e-03      3.25493e+00       6.59763e-01       2.38987e+00
  529  1.06e-03      3.27631e+00       5.92814e-01       2.38181e+00
  530  1.06e-03      3.26572e+00       6.40060e-01       2.39050e+00
  531  1.06e-03      3.26864e+00       7.75602e-01       2.43763e+00
  532  1.06e-03      3.26825e+00       5.37428e-01       2.35797e+00
  533  1.07e-03      3.23978e+00       7.19121e-01       2.39956e+00
  534  1.07e-03      3.21666e+00       8.56355e-01       2.42990e+00
  535  1.07e-03      3.21123e+00       4.86397e-01       2.30295e+00
  536  1.07e-03      3.20666e+00       7.18922e-01       2.37742e+00
  537  1.07e-03      3.17415e+00       7.54733e-01       2.36767e+00
  538  1.08e-03      3.18875e+00       5.81619e-01       2.31971e+00
  539  1.08e-03      3.17697e+00       7.06069e-01       2.35334e+00
  540  1.08e-03      3.22558e+00       7.79314e-01       2.41016e+00
  541  1.08e-03      3.19974e+00       6.86620e-01       2.36203e+00
  542  1.08e-03      3.22539e+00       7.47649e-01       2.39948e+00
  543  1.09e-03      3.21740e+00       7.35123e-01       2.38998e+00
  544  1.09e-03      3.23181e+00       5.41217e-01       2.33494e+00
  545  1.09e-03      3.16234e+00       7.86992e-01       2.37056e+00
  546  1.09e-03      3.19378e+00       7.63008e-01       2.38352e+00
  547  1.09e-03      3.20190e+00       5.76458e-01       2.32675e+00
  548  1.10e-03      3.21804e+00       7.48057e-01       2.39472e+00
  549  1.10e-03      3.18420e+00       7.18092e-01       2.36217e+00
  550  1.10e-03      3.20929e+00       7.43992e-01       2.38752e+00
  551  1.10e-03      3.19539e+00       5.96536e-01       2.32910e+00
  552  1.10e-03      3.21106e+00       7.86825e-01       2.40298e+00
  553  1.11e-03      3.22098e+00       6.90558e-01       2.37750e+00
  554  1.11e-03      3.22063e+00       7.84819e-01       2.40869e+00
  555  1.11e-03      3.19319e+00       7.38612e-01       2.37500e+00
  556  1.11e-03      3.20489e+00       5.70966e-01       2.32692e+00
  557  1.11e-03      3.19853e+00       7.69162e-01       2.38874e+00
  558  1.12e-03      3.19690e+00       6.64277e-01       2.35269e+00
  559  1.12e-03      3.18789e+00       7.63714e-01       2.37983e+00
  560  1.12e-03      3.20478e+00       6.97584e-01       2.36905e+00
  561  1.12e-03      3.21143e+00       7.44168e-01       2.38901e+00
  562  1.12e-03      3.24628e+00       7.23130e-01       2.40523e+00
  563  1.13e-03      3.24119e+00       7.29215e-01       2.40386e+00
  564  1.13e-03      3.25036e+00       7.12708e-01       2.40448e+00
  565  1.13e-03      3.23595e+00       7.02178e-01       2.39136e+00
  566  1.13e-03      3.24716e+00       7.50321e-01       2.41488e+00
  567  1.13e-03      3.17710e+00       7.76984e-01       2.37706e+00
  568  1.14e-03      3.19570e+00       7.02091e-01       2.36450e+00
  569  1.14e-03      3.21658e+00       6.32410e-01       2.35519e+00
  570  1.14e-03      3.23599e+00       8.27533e-01       2.43317e+00
  571  1.14e-03      3.23807e+00       7.26765e-01       2.40097e+00
  572  1.14e-03      3.24840e+00       5.52190e-01       2.34967e+00
  573  1.15e-03      3.25054e+00       8.59564e-01       2.45355e+00
  574  1.15e-03      3.26231e+00       7.96330e-01       2.44031e+00
  575  1.15e-03      3.26245e+00       6.32942e-01       2.38595e+00
  576  1.15e-03      3.26342e+00       6.73359e-01       2.40006e+00
  577  1.15e-03      3.27186e+00       8.06458e-01       2.45006e+00
  578  1.16e-03      3.30903e+00       6.85823e-01       2.43463e+00
  579  1.16e-03      3.27804e+00       6.64087e-01       2.40672e+00
  580  1.16e-03      3.29954e+00       7.99732e-01       2.46627e+00
  581  1.16e-03      3.30121e+00       6.45916e-01       2.41611e+00
  582  1.16e-03      3.28243e+00       6.80984e-01       2.41528e+00
  583  1.17e-03      3.27562e+00       7.64823e-01       2.43869e+00
  584  1.17e-03      3.27902e+00       6.58126e-01       2.40539e+00
  585  1.17e-03      3.29653e+00       7.45959e-01       2.44634e+00
  586  1.17e-03      3.28715e+00       7.35418e-01       2.43657e+00
  587  1.17e-03      3.26007e+00       7.56196e-01       2.42544e+00
  588  1.18e-03      3.25805e+00       6.95980e-01       2.40403e+00
  589  1.18e-03      3.25112e+00       6.92087e-01       2.39811e+00
  590  1.18e-03      3.25194e+00       5.53633e-01       2.35250e+00
  591  1.18e-03      3.25943e+00       8.03127e-01       2.44066e+00
  592  1.18e-03      3.26684e+00       7.24006e-01       2.41923e+00
  593  1.19e-03      3.30122e+00       5.79081e-01       2.39384e+00
  594  1.19e-03      3.29033e+00       7.35405e-01       2.43869e+00
  595  1.19e-03      3.28757e+00       7.62709e-01       2.44595e+00
  596  1.19e-03      3.33832e+00       7.03014e-01       2.45988e+00
  597  1.19e-03      3.36156e+00       6.83267e-01       2.46879e+00
  598  1.20e-03      3.32772e+00       7.50011e-01       2.46848e+00
  599  1.20e-03      3.35299e+00       7.02393e-01       2.46946e+00
  600  1.20e-03      3.34514e+00       6.38533e-01       2.44294e+00
  601  1.20e-03      3.38833e+00       8.34050e-01       2.53691e+00
  602  1.20e-03      3.37826e+00       5.70732e-01       2.44242e+00
  603  1.21e-03      3.40910e+00       7.40488e-01       2.51956e+00
  604  1.21e-03      3.38841e+00       6.68850e-01       2.48189e+00
  605  1.21e-03      3.38236e+00       7.69959e-01       2.51156e+00
  606  1.21e-03      3.36680e+00       6.58669e-01       2.46409e+00
  607  1.21e-03      3.37540e+00       7.34274e-01       2.49502e+00
  608  1.22e-03      3.38548e+00       7.78880e-01       2.51661e+00
  609  1.22e-03      3.41005e+00       6.76103e-01       2.49873e+00
  610  1.22e-03      3.37739e+00       7.28382e-01       2.49439e+00
  611  1.22e-03      3.39159e+00       6.28057e-01       2.47041e+00
  612  1.22e-03      3.41219e+00       7.77741e-01       2.53404e+00
  613  1.23e-03      3.42534e+00       6.74056e-01       2.50824e+00
  614  1.23e-03      3.43233e+00       7.78127e-01       2.54760e+00
  615  1.23e-03      3.44282e+00       6.49005e-01       2.51155e+00
  616  1.23e-03      3.43089e+00       7.72926e-01       2.54490e+00
  617  1.23e-03      3.44925e+00       8.25238e-01       2.57458e+00
  618  1.24e-03      3.45883e+00       6.44197e-01       2.52062e+00
  619  1.24e-03      3.47284e+00       7.56021e-01       2.56723e+00
  620  1.24e-03      3.46122e+00       7.33658e-01       2.55203e+00
  621  1.24e-03      3.45269e+00       7.60355e-01       2.55525e+00
  622  1.24e-03      3.44483e+00       7.30595e-01       2.54009e+00
  623  1.25e-03      3.46127e+00       7.40914e-01       2.55448e+00
  624  1.25e-03      3.44886e+00       7.53838e-01       2.55052e+00
  625  1.25e-03      3.44748e+00       7.80555e-01       2.55851e+00
  626  1.25e-03      3.43412e+00       7.57036e-01       2.54176e+00
  627  1.25e-03      3.44429e+00       6.76773e-01       2.52179e+00
  628  1.26e-03      3.43314e+00       7.85497e-01       2.55059e+00
  629  1.26e-03      3.42665e+00       8.67269e-01       2.57352e+00
  630  1.26e-03      3.43741e+00       6.01874e-01       2.49223e+00
  631  1.26e-03      3.42566e+00       8.71164e-01       2.57416e+00
  632  1.26e-03      3.41328e+00       6.64263e-01       2.49694e+00
  633  1.27e-03      3.39334e+00       7.36193e-01       2.50762e+00
  634  1.27e-03      3.41429e+00       7.94530e-01       2.54104e+00
  635  1.27e-03      3.44476e+00       8.67447e-01       2.58566e+00
  636  1.27e-03      3.49506e+00       6.36777e-01       2.54230e+00
  637  1.27e-03      3.45399e+00       7.75291e-01       2.56109e+00
  638  1.28e-03      3.47146e+00       8.46234e-01       2.59638e+00
  639  1.28e-03      3.45062e+00       6.28152e-01       2.50980e+00
  640  1.28e-03      3.47193e+00       8.81051e-01       2.60830e+00
  641  1.28e-03      3.46425e+00       7.43416e-01       2.55731e+00
  642  1.28e-03      3.51176e+00       8.21627e-01       2.61505e+00
  643  1.29e-03      3.45837e+00       6.84734e-01       2.53383e+00
  644  1.29e-03      3.49082e+00       8.69672e-01       2.61710e+00
  645  1.29e-03      3.48313e+00       7.02321e-01       2.55619e+00
  646  1.29e-03      3.49494e+00       8.34285e-01       2.60805e+00
  647  1.29e-03      3.41423e+00       7.78795e-01       2.53575e+00
  648  1.30e-03      3.39623e+00       7.37609e-01       2.51002e+00
  649  1.30e-03      3.36692e+00       8.16487e-01       2.51678e+00
  650  1.30e-03      3.42635e+00       6.54090e-01       2.50226e+00
  651  1.30e-03      3.41836e+00       7.55378e-01       2.53070e+00
  652  1.30e-03      3.43207e+00       7.31285e-01       2.53181e+00
  653  1.31e-03      3.41053e+00       7.72116e-01       2.53106e+00
  654  1.31e-03      3.44077e+00       7.24041e-01       2.53519e+00
  655  1.31e-03      3.42235e+00       8.89365e-01       2.57802e+00
  656  1.31e-03      3.44564e+00       7.29930e-01       2.54040e+00
  657  1.31e-03      3.42226e+00       6.78878e-01       2.50780e+00
  658  1.32e-03      3.44124e+00       8.59440e-01       2.58064e+00
  659  1.32e-03      3.41234e+00       7.34394e-01       2.51969e+00
  660  1.32e-03      3.44635e+00       8.90419e-01       2.59438e+00
  661  1.32e-03      3.45120e+00       7.32517e-01       2.54498e+00
  662  1.32e-03      3.51510e+00       8.71621e-01       2.63394e+00
  663  1.33e-03      3.48345e+00       7.72251e-01       2.57972e+00
  664  1.33e-03      3.52286e+00       7.27436e-01       2.59105e+00
  665  1.33e-03      3.54592e+00       7.93611e-01       2.62848e+00
  666  1.33e-03      3.54119e+00       7.23465e-01       2.60195e+00
  667  1.33e-03      3.48554e+00       8.16119e-01       2.59573e+00
  668  1.34e-03      3.46782e+00       7.85383e-01       2.57367e+00
  669  1.34e-03      3.47720e+00       8.86600e-01       2.61367e+00
  670  1.34e-03      3.45794e+00       6.43966e-01       2.51995e+00
  671  1.34e-03      3.43791e+00       8.70799e-01       2.58220e+00
  672  1.34e-03      3.43603e+00       8.97783e-01       2.58994e+00
  673  1.35e-03      3.41384e+00       6.64544e-01       2.49741e+00
  674  1.35e-03      3.41557e+00       7.52402e-01       2.52785e+00
  675  1.35e-03      3.39085e+00       7.11149e-01       2.49761e+00
  676  1.35e-03      3.38205e+00       9.33874e-01       2.56599e+00
  677  1.35e-03      3.40198e+00       7.87447e-01       2.53047e+00
  678  1.36e-03      3.40854e+00       8.09217e-01       2.54210e+00
  679  1.36e-03      3.37626e+00       7.01079e-01       2.48453e+00
  680  1.36e-03      3.36134e+00       9.70084e-01       2.56426e+00
  681  1.36e-03      3.33296e+00       8.13005e-01       2.49297e+00
  682  1.36e-03      3.31786e+00       7.03896e-01       2.44654e+00
  683  1.37e-03      3.31894e+00       8.63708e-01       2.50053e+00
  684  1.37e-03      3.31053e+00       8.50489e-01       2.49052e+00
  685  1.37e-03      3.31185e+00       7.10197e-01       2.44463e+00
  686  1.37e-03      3.32644e+00       8.61754e-01       2.50488e+00
  687  1.37e-03      3.34882e+00       7.68195e-01       2.48861e+00
  688  1.38e-03      3.36796e+00       7.96944e-01       2.51095e+00
  689  1.38e-03      3.40670e+00       9.94836e-01       2.60274e+00
  690  1.38e-03      3.40053e+00       9.12328e-01       2.57113e+00
  691  1.38e-03      3.47524e+00       8.18121e-01       2.58954e+00
  692  1.38e-03      3.44595e+00       8.77333e-01       2.58974e+00
  693  1.39e-03      3.48517e+00       9.20156e-01       2.63016e+00
  694  1.39e-03      3.45024e+00       7.58670e-01       2.55305e+00
  695  1.39e-03      3.46493e+00       9.77673e-01       2.63584e+00
  696  1.39e-03      3.46268e+00       7.68582e-01       2.56465e+00
  697  1.39e-03      3.51001e+00       9.43429e-01       2.65448e+00
  698  1.40e-03      3.49645e+00       7.83801e-01       2.59223e+00
  699  1.40e-03      3.49712e+00       9.42760e-01       2.64567e+00
  700  1.40e-03      3.47932e+00       7.10558e-01       2.55640e+00
  701  1.40e-03      3.52071e+00       9.23488e-01       2.65497e+00
  702  1.40e-03      3.50286e+00       8.30115e-01       2.61195e+00
  703  1.41e-03      3.49199e+00       8.95302e-01       2.62643e+00
  704  1.41e-03      3.46923e+00       9.15949e-01       2.61813e+00
  705  1.41e-03      3.49068e+00       7.53483e-01       2.57828e+00
  706  1.41e-03      3.44554e+00       9.04964e-01       2.59868e+00
  707  1.41e-03      3.49254e+00       8.12721e-01       2.59926e+00
  708  1.42e-03      3.43586e+00       1.01048e+00       2.62740e+00
  709  1.42e-03      3.45352e+00       7.03783e-01       2.53694e+00
  710  1.42e-03      3.42644e+00       1.07752e+00       2.64346e+00
  711  1.42e-03      3.46432e+00       7.45030e-01       2.55789e+00
  712  1.42e-03      3.44422e+00       9.19784e-01       2.60274e+00
  713  1.43e-03      3.46533e+00       7.72388e-01       2.56768e+00
  714  1.43e-03      3.44219e+00       8.84690e-01       2.58969e+00
  715  1.43e-03      3.45299e+00       1.02525e+00       2.64374e+00
  716  1.43e-03      3.41055e+00       7.11081e-01       2.51073e+00
  717  1.43e-03      3.43127e+00       9.73144e-01       2.61189e+00
  718  1.44e-03      3.46550e+00       6.59559e-01       2.53019e+00
  719  1.44e-03      3.46598e+00       1.00999e+00       2.64731e+00
  720  1.44e-03      3.46181e+00       7.80643e-01       2.56809e+00
  721  1.44e-03      3.49297e+00       9.45530e-01       2.64382e+00
  722  1.44e-03      3.46579e+00       7.98502e-01       2.57669e+00
  723  1.45e-03      3.46031e+00       9.89150e-01       2.63659e+00
  724  1.45e-03      3.49035e+00       1.00552e+00       2.66207e+00
  725  1.45e-03      3.47227e+00       6.95047e-01       2.54653e+00
  726  1.45e-03      3.47190e+00       1.04832e+00       2.66404e+00
  727  1.45e-03      3.48810e+00       7.99721e-01       2.59197e+00
  728  1.46e-03      3.48409e+00       9.62441e-01       2.64354e+00
  729  1.46e-03      3.47162e+00       8.28428e-01       2.59055e+00
  730  1.46e-03      3.48461e+00       1.01710e+00       2.66211e+00
  731  1.46e-03      3.49945e+00       7.68605e-01       2.58917e+00
  732  1.46e-03      3.47013e+00       7.80617e-01       2.57362e+00
  733  1.47e-03      3.42251e+00       1.01313e+00       2.61938e+00
  734  1.47e-03      3.41036e+00       6.67722e-01       2.49615e+00
  735  1.47e-03      3.37775e+00       9.48880e-01       2.56813e+00
  736  1.47e-03      3.34136e+00       7.91013e-01       2.49124e+00
  737  1.47e-03      3.35712e+00       1.02844e+00       2.58089e+00
  738  1.48e-03      3.35888e+00       8.16760e-01       2.51150e+00
  739  1.48e-03      3.33128e+00       8.98780e-01       2.52045e+00
  740  1.48e-03      3.34409e+00       8.69028e-01       2.51907e+00
  741  1.48e-03      3.32139e+00       8.32320e-01       2.49170e+00
  742  1.48e-03      3.35354e+00       8.79137e-01       2.52874e+00
  743  1.49e-03      3.32470e+00       7.36771e-01       2.46205e+00
  744  1.49e-03      3.36617e+00       9.81766e-01       2.57137e+00
  745  1.49e-03      3.33639e+00       7.41986e-01       2.47159e+00
  746  1.49e-03      3.34524e+00       9.43877e-01       2.54478e+00
  747  1.49e-03      3.33514e+00       8.43601e-01       2.50462e+00
  748  1.50e-03      3.34272e+00       8.91376e-01       2.52560e+00
  749  1.50e-03      3.33924e+00       8.16636e-01       2.49837e+00
  750  1.50e-03      3.39482e+00       8.45310e-01       2.54498e+00
  751  1.50e-03      3.36554e+00       9.80680e-01       2.57059e+00
  752  1.50e-03      3.40093e+00       8.75216e-01       2.55903e+00
  753  1.51e-03      3.35418e+00       9.22140e-01       2.54350e+00
  754  1.51e-03      3.36748e+00       7.78830e-01       2.50460e+00
  755  1.51e-03      3.34723e+00       1.01922e+00       2.57123e+00
  756  1.51e-03      3.35319e+00       8.01681e-01       2.50269e+00
  757  1.51e-03      3.32254e+00       9.89622e-01       2.54490e+00
  758  1.52e-03      3.35697e+00       9.00548e-01       2.53816e+00
  759  1.52e-03      3.34186e+00       8.46240e-01       2.50998e+00
  760  1.52e-03      3.36508e+00       8.85475e-01       2.53854e+00
  761  1.52e-03      3.37641e+00       8.12941e-01       2.52192e+00
  762  1.52e-03      3.37390e+00       1.06170e+00       2.60317e+00
  763  1.53e-03      3.34398e+00       8.04880e-01       2.49761e+00
  764  1.53e-03      3.40044e+00       9.07968e-01       2.56961e+00
  765  1.53e-03      3.39165e+00       7.65838e-01       2.51638e+00
  766  1.53e-03      3.38014e+00       9.15094e-01       2.55846e+00
  767  1.53e-03      3.38663e+00       9.26509e-01       2.56659e+00
  768  1.54e-03      3.41186e+00       7.58413e-01       2.52738e+00
  769  1.54e-03      3.44767e+00       8.96987e-01       2.59744e+00
  770  1.54e-03      3.43709e+00       9.29482e-01       2.60122e+00
  771  1.54e-03      3.44648e+00       9.56181e-01       2.61638e+00
  772  1.54e-03      3.41770e+00       7.75057e-01       2.53682e+00
  773  1.55e-03      3.43881e+00       9.16936e-01       2.59819e+00
  774  1.55e-03      3.41967e+00       9.37453e-01       2.59226e+00
  775  1.55e-03      3.43436e+00       9.48947e-01       2.60589e+00
  776  1.55e-03      3.41199e+00       9.80402e-01       2.60146e+00
  777  1.55e-03      3.43680e+00       8.18993e-01       2.56420e+00
  778  1.56e-03      3.42284e+00       1.01404e+00       2.61990e+00
  779  1.56e-03      3.45992e+00       9.57994e-01       2.62595e+00
  780  1.56e-03      3.44565e+00       9.72140e-01       2.62115e+00
  781  1.56e-03      3.48201e+00       8.68675e-01       2.61090e+00
  782  1.56e-03      3.46163e+00       9.12867e-01       2.61204e+00
  783  1.57e-03      3.46009e+00       9.07916e-01       2.60936e+00
  784  1.57e-03      3.39166e+00       8.99264e-01       2.56086e+00
  785  1.57e-03      3.43547e+00       9.50647e-01       2.60719e+00
  786  1.57e-03      3.40438e+00       9.15421e-01       2.57473e+00
  787  1.57e-03      3.46983e+00       1.12733e+00       2.68899e+00
  788  1.58e-03      3.44306e+00       7.96827e-01       2.56098e+00
  789  1.58e-03      3.44844e+00       1.04690e+00       2.64793e+00
  790  1.58e-03      3.45116e+00       9.15234e-01       2.60585e+00
  791  1.58e-03      3.49638e+00       9.16176e-01       2.63631e+00
  792  1.58e-03      3.49406e+00       9.88411e-01       2.65885e+00
  793  1.59e-03      3.51201e+00       8.32303e-01       2.61877e+00
  794  1.59e-03      3.48012e+00       1.01268e+00       2.65764e+00
  795  1.59e-03      3.53273e+00       8.42132e-01       2.63586e+00
  796  1.59e-03      3.49130e+00       1.06214e+00       2.68158e+00
  797  1.59e-03      3.51021e+00       7.79958e-01       2.60012e+00
  798  1.60e-03      3.49454e+00       1.15412e+00       2.71440e+00
  799  1.60e-03      3.49820e+00       9.47755e-01       2.64805e+00
  800  1.60e-03      3.46191e+00       1.04456e+00       2.65613e+00
  801  1.60e-03      3.49241e+00       9.06939e-01       2.63059e+00
  802  1.60e-03      3.44549e+00       8.48399e-01       2.57979e+00
  803  1.61e-03      3.41870e+00       1.14207e+00       2.65983e+00
  804  1.61e-03      3.41612e+00       9.84165e-01       2.60547e+00
  805  1.61e-03      3.45347e+00       1.11735e+00       2.67476e+00
  806  1.61e-03      3.38453e+00       7.27158e-01       2.49874e+00
  807  1.61e-03      3.41799e+00       1.15627e+00       2.66409e+00
  808  1.62e-03      3.39270e+00       8.96437e-01       2.56062e+00
  809  1.62e-03      3.40470e+00       1.02714e+00       2.61218e+00
  810  1.62e-03      3.38372e+00       9.93409e-01       2.58695e+00
  811  1.62e-03      3.42406e+00       9.00263e-01       2.58280e+00
  812  1.62e-03      3.40173e+00       1.00899e+00       2.60415e+00
  813  1.63e-03      3.42100e+00       1.01774e+00       2.61991e+00
  814  1.63e-03      3.42976e+00       1.11577e+00       2.65843e+00
  815  1.63e-03      3.43571e+00       9.53855e-01       2.60843e+00
  816  1.63e-03      3.47992e+00       1.12220e+00       2.69402e+00
  817  1.63e-03      3.47848e+00       9.12863e-01       2.62327e+00
  818  1.64e-03      3.48190e+00       1.07059e+00       2.67813e+00
  819  1.64e-03      3.49520e+00       9.97036e-01       2.66248e+00
  820  1.64e-03      3.52094e+00       1.12739e+00       2.72309e+00
  821  1.64e-03      3.52573e+00       1.11352e+00       2.72166e+00
  822  1.64e-03      3.50619e+00       9.41649e-01       2.65134e+00
  823  1.65e-03      3.51300e+00       1.12872e+00       2.71824e+00
  824  1.65e-03      3.48489e+00       9.55899e-01       2.64189e+00
  825  1.65e-03      3.47096e+00       8.45726e-01       2.59588e+00
  826  1.65e-03      3.46151e+00       9.85088e-01       2.63604e+00
  827  1.65e-03      3.48406e+00       1.06723e+00       2.67845e+00
  828  1.66e-03      3.48912e+00       1.04436e+00       2.67420e+00
  829  1.66e-03      3.42724e+00       1.05267e+00       2.63571e+00
  830  1.66e-03      3.46293e+00       1.01199e+00       2.64595e+00
  831  1.66e-03      3.42773e+00       8.48555e-01       2.56800e+00
  832  1.66e-03      3.43146e+00       1.12714e+00       2.66335e+00
  833  1.67e-03      3.42589e+00       9.93851e-01       2.61521e+00
  834  1.67e-03      3.45504e+00       1.02824e+00       2.64611e+00
  835  1.67e-03      3.44252e+00       1.03793e+00       2.64099e+00
  836  1.67e-03      3.45041e+00       1.06315e+00       2.65466e+00
  837  1.67e-03      3.43638e+00       1.09995e+00       2.65757e+00
  838  1.68e-03      3.46215e+00       8.92972e-01       2.60576e+00
  839  1.68e-03      3.44091e+00       9.71949e-01       2.61793e+00
  840  1.68e-03      3.47443e+00       9.71267e-01       2.64004e+00
  841  1.68e-03      3.46137e+00       1.13138e+00       2.68471e+00
  842  1.68e-03      3.46364e+00       9.91454e-01       2.63958e+00
  843  1.69e-03      3.43133e+00       1.02285e+00       2.62850e+00
  844  1.69e-03      3.48013e+00       1.15785e+00       2.70604e+00
  845  1.69e-03      3.45135e+00       1.00867e+00       2.63713e+00
  846  1.69e-03      3.48077e+00       8.97820e-01       2.61979e+00
  847  1.69e-03      3.45997e+00       1.16395e+00       2.69463e+00
  848  1.70e-03      3.49896e+00       9.44199e-01       2.64738e+00
  849  1.70e-03      3.49690e+00       1.09245e+00       2.69542e+00
  850  1.70e-03      3.52762e+00       1.04219e+00       2.69914e+00
  851  1.70e-03      3.52753e+00       9.31882e-01       2.66231e+00
  852  1.70e-03      3.56601e+00       1.10876e+00       2.74693e+00
  853  1.71e-03      3.53180e+00       9.23021e-01       2.66221e+00
  854  1.71e-03      3.53917e+00       9.92576e-01       2.69031e+00
  855  1.71e-03      3.54782e+00       9.72575e-01       2.68941e+00
  856  1.71e-03      3.59866e+00       1.15868e+00       2.78533e+00
  857  1.71e-03      3.58274e+00       1.06256e+00       2.74268e+00
  858  1.72e-03      3.56919e+00       1.05008e+00       2.72949e+00
  859  1.72e-03      3.53046e+00       9.90932e-01       2.68395e+00
  860  1.72e-03      3.54065e+00       9.65241e-01       2.68218e+00
  861  1.72e-03      3.50020e+00       1.17085e+00       2.72375e+00
  862  1.72e-03      3.53169e+00       9.93517e-01       2.68563e+00
  863  1.73e-03      3.57858e+00       1.09536e+00       2.75084e+00
  864  1.73e-03      3.54553e+00       8.49337e-01       2.64680e+00
  865  1.73e-03      3.52835e+00       1.19274e+00       2.74981e+00
  866  1.73e-03      3.50572e+00       1.04885e+00       2.68676e+00
  867  1.73e-03      3.51395e+00       9.47742e-01       2.65855e+00
  868  1.74e-03      3.50574e+00       1.15417e+00       2.72189e+00
  869  1.74e-03      3.50522e+00       1.04047e+00       2.68364e+00
  870  1.74e-03      3.48381e+00       1.12778e+00       2.69847e+00
  871  1.74e-03      3.52514e+00       1.02289e+00       2.69106e+00
  872  1.74e-03      3.52232e+00       1.12286e+00       2.72250e+00
  873  1.75e-03      3.55329e+00       9.88030e-01       2.69820e+00
  874  1.75e-03      3.54881e+00       1.09094e+00       2.72952e+00
  875  1.75e-03      3.56172e+00       1.01499e+00       2.71281e+00
  876  1.75e-03      3.54598e+00       1.22471e+00       2.77222e+00
  877  1.75e-03      3.53176e+00       1.09191e+00       2.71848e+00
  878  1.76e-03      3.53662e+00       8.45357e-01       2.63953e+00
  879  1.76e-03      3.56655e+00       9.39984e-01       2.69103e+00
  880  1.76e-03      3.55535e+00       1.01034e+00       2.70702e+00
  881  1.76e-03      3.57401e+00       1.26013e+00       2.80272e+00
  882  1.76e-03      3.53522e+00       8.98035e-01       2.65616e+00
  883  1.77e-03      3.54517e+00       1.22406e+00       2.77147e+00
  884  1.77e-03      3.52330e+00       1.14608e+00       2.73089e+00
  885  1.77e-03      3.49908e+00       1.03083e+00       2.67633e+00
  886  1.77e-03      3.48209e+00       1.10075e+00       2.68831e+00
  887  1.77e-03      3.46754e+00       1.07209e+00       2.66906e+00
  888  1.78e-03      3.43445e+00       1.06766e+00       2.64552e+00
  889  1.78e-03      3.45537e+00       1.10665e+00       2.67246e+00
  890  1.78e-03      3.42536e+00       1.08850e+00       2.64641e+00
  891  1.78e-03      3.45519e+00       1.05700e+00       2.65579e+00
  892  1.78e-03      3.45067e+00       1.19167e+00       2.69767e+00
  893  1.79e-03      3.46865e+00       1.14433e+00       2.69388e+00
  894  1.79e-03      3.46041e+00       1.10520e+00       2.67534e+00
  895  1.79e-03      3.48192e+00       9.76066e-01       2.64664e+00
  896  1.79e-03      3.44366e+00       1.10240e+00       2.66324e+00
  897  1.79e-03      3.46192e+00       1.06172e+00       2.66185e+00
  898  1.80e-03      3.40867e+00       1.26163e+00       2.69299e+00
  899  1.80e-03      3.42569e+00       1.03450e+00       2.62862e+00
  900  1.80e-03      3.41549e+00       1.26271e+00       2.69790e+00
  901  1.80e-03      3.43990e+00       1.01378e+00       2.63120e+00
  902  1.80e-03      3.44061e+00       1.07838e+00       2.65320e+00
  903  1.81e-03      3.47567e+00       1.16085e+00       2.70406e+00
  904  1.81e-03      3.46802e+00       9.79110e-01       2.63838e+00
  905  1.81e-03      3.49519e+00       1.28486e+00       2.75841e+00
  906  1.81e-03      3.53212e+00       1.06595e+00       2.71006e+00
  907  1.81e-03      3.54877e+00       1.13473e+00       2.74409e+00
  908  1.82e-03      3.53865e+00       9.91524e-01       2.68961e+00
  909  1.82e-03      3.52269e+00       1.24770e+00       2.76436e+00
  910  1.82e-03      3.54544e+00       1.01891e+00       2.70326e+00
  911  1.82e-03      3.52230e+00       9.33616e-01       2.65941e+00
  912  1.82e-03      3.52997e+00       1.13079e+00       2.73024e+00
  913  1.83e-03      3.50425e+00       1.14075e+00       2.71641e+00
  914  1.83e-03      3.54656e+00       1.23733e+00       2.77682e+00
  915  1.83e-03      3.53846e+00       1.21646e+00       2.76446e+00
  916  1.83e-03      3.52435e+00       1.30016e+00       2.78295e+00
  917  1.83e-03      3.48598e+00       1.02925e+00       2.66707e+00
  918  1.84e-03      3.50746e+00       1.06970e+00       2.69487e+00
  919  1.84e-03      3.50835e+00       1.23333e+00       2.75001e+00
  920  1.84e-03      3.48915e+00       1.11349e+00       2.69726e+00
  921  1.84e-03      3.48828e+00       1.19079e+00       2.72245e+00
  922  1.84e-03      3.46033e+00       1.17946e+00       2.70004e+00
  923  1.85e-03      3.43062e+00       1.21283e+00       2.69135e+00
  924  1.85e-03      3.46095e+00       1.21946e+00       2.71379e+00
  925  1.85e-03      3.41468e+00       1.04421e+00       2.62452e+00
  926  1.85e-03      3.40428e+00       1.09261e+00       2.63372e+00
  927  1.85e-03      3.37133e+00       1.08510e+00       2.60925e+00
  928  1.86e-03      3.39269e+00       1.36953e+00       2.71830e+00
  929  1.86e-03      3.41170e+00       1.14502e+00       2.65614e+00
  930  1.86e-03      3.43186e+00       1.19005e+00       2.68459e+00
  931  1.86e-03      3.38657e+00       1.16237e+00       2.64517e+00
  932  1.86e-03      3.42428e+00       1.05655e+00       2.63504e+00
  933  1.87e-03      3.40135e+00       1.10157e+00       2.63475e+00
  934  1.87e-03      3.40031e+00       1.20388e+00       2.66817e+00
  935  1.87e-03      3.40943e+00       1.23382e+00       2.68423e+00
  936  1.87e-03      3.45940e+00       9.70245e-01       2.62968e+00
  937  1.87e-03      3.41965e+00       1.26985e+00       2.70305e+00
  938  1.88e-03      3.46108e+00       1.06436e+00       2.66217e+00
  939  1.88e-03      3.43811e+00       1.19490e+00       2.69037e+00
  940  1.88e-03      3.47274e+00       1.23901e+00       2.72817e+00
  941  1.88e-03      3.45221e+00       1.17253e+00       2.69232e+00
  942  1.88e-03      3.42972e+00       1.07014e+00       2.64319e+00
  943  1.89e-03      3.39912e+00       1.14200e+00       2.64675e+00
  944  1.89e-03      3.46835e+00       1.33255e+00       2.75642e+00
  945  1.89e-03      3.47570e+00       9.13807e-01       2.62174e+00
  946  1.89e-03      3.47614e+00       1.16594e+00       2.70607e+00
  947  1.89e-03      3.43700e+00       1.06787e+00       2.64729e+00
  948  1.90e-03      3.47003e+00       1.23461e+00       2.72489e+00
  949  1.90e-03      3.48123e+00       1.23212e+00       2.73153e+00
  950  1.90e-03      3.46159e+00       1.02227e+00       2.64849e+00
  951  1.90e-03      3.42371e+00       1.16740e+00       2.67160e+00
  952  1.90e-03      3.43717e+00       1.15964e+00       2.67799e+00
  953  1.91e-03      3.44148e+00       1.16462e+00       2.68252e+00
  954  1.91e-03      3.46618e+00       1.16162e+00       2.69799e+00
  955  1.91e-03      3.44378e+00       1.15546e+00       2.68101e+00
  956  1.91e-03      3.44148e+00       1.13023e+00       2.67107e+00
  957  1.91e-03      3.46736e+00       9.99286e-01       2.64467e+00
  958  1.92e-03      3.45872e+00       1.25569e+00       2.72437e+00
  959  1.92e-03      3.43666e+00       1.04265e+00       2.63866e+00
  960  1.92e-03      3.44915e+00       1.21498e+00       2.70443e+00
  961  1.92e-03      3.45547e+00       9.18971e-01       2.60997e+00
  962  1.92e-03      3.45278e+00       1.08988e+00       2.66515e+00
  963  1.93e-03      3.46512e+00       1.22191e+00       2.71738e+00
  964  1.93e-03      3.45457e+00       1.10029e+00       2.66981e+00
  965  1.93e-03      3.48327e+00       1.04599e+00       2.67084e+00
  966  1.93e-03      3.45877e+00       1.16717e+00       2.69490e+00
  967  1.93e-03      3.48343e+00       1.23998e+00       2.73561e+00
  968  1.94e-03      3.45896e+00       9.97473e-01       2.63846e+00
  969  1.94e-03      3.49119e+00       1.26035e+00       2.74758e+00
  970  1.94e-03      3.48170e+00       9.56685e-01       2.64003e+00
  971  1.94e-03      3.45899e+00       1.17348e+00       2.69715e+00
  972  1.94e-03      3.40827e+00       1.14866e+00       2.65507e+00
  973  1.95e-03      3.44605e+00       1.26009e+00       2.71739e+00
  974  1.95e-03      3.39367e+00       1.11698e+00       2.63478e+00
  975  1.95e-03      3.41624e+00       1.16450e+00       2.66566e+00
  976  1.95e-03      3.36174e+00       1.23056e+00       2.65134e+00
  977  1.95e-03      3.38955e+00       1.16052e+00       2.64654e+00
  978  1.96e-03      3.34189e+00       1.18891e+00       2.62423e+00
  979  1.96e-03      3.38097e+00       1.21684e+00       2.65959e+00
  980  1.96e-03      3.37497e+00       1.01934e+00       2.58976e+00
  981  1.96e-03      3.40126e+00       1.17441e+00       2.65898e+00
  982  1.96e-03      3.38000e+00       1.21563e+00       2.65854e+00
  983  1.97e-03      3.40619e+00       1.12610e+00       2.64616e+00
  984  1.97e-03      3.37707e+00       1.24418e+00       2.66610e+00
  985  1.97e-03      3.40549e+00       1.04594e+00       2.61897e+00
  986  1.97e-03      3.38120e+00       1.25135e+00       2.67125e+00
  987  1.97e-03      3.40991e+00       1.18900e+00       2.66961e+00
  988  1.98e-03      3.35153e+00       1.27222e+00       2.65842e+00
  989  1.98e-03      3.40336e+00       1.08911e+00       2.63194e+00
  990  1.98e-03      3.39064e+00       1.12893e+00       2.63674e+00
  991  1.98e-03      3.39363e+00       1.04002e+00       2.60910e+00
  992  1.98e-03      3.38359e+00       1.22449e+00       2.66389e+00
  993  1.99e-03      3.40269e+00       1.28542e+00       2.69693e+00
  994  1.99e-03      3.43922e+00       1.14488e+00       2.67444e+00
  995  1.99e-03      3.47079e+00       1.43866e+00       2.79341e+00
  996  1.99e-03      3.44865e+00       1.00667e+00       2.63466e+00
  997  1.99e-03      3.44872e+00       1.35030e+00       2.74925e+00
  998  2.00e-03      3.46802e+00       1.21416e+00       2.71673e+00
  999  2.00e-03      3.48806e+00       1.17558e+00       2.71723e+00
