Delta = -4.211e+00 gamma
 step      t        T_in_plane/mK   T_out_of_plane/mK   T_tot/mK
    0  0.00e+00      5.85642e+00       0.00000e+00       3.90428e+00
    1  2.00e-06      5.72771e+00       1.41359e-03       3.81895e+00
    2  4.00e-06      5.70263e+00       3.29865e-03       3.80285e+00
    3  6.00e-06      5.74375e+00       4.66216e-03       3.83072e+00
    4  8.00e-06      5.73999e+00       4.27304e-03       3.82809e+00
    5  1.00e-05      5.73040e+00       6.56715e-03       3.82246e+00
    6  1.20e-05      5.76264e+00       6.18787e-03       3.84382e+00
    7  1.40e-05      5.74941e+00       1.08246e-02       3.83655e+00
    8  1.60e-05      5.81567e+00       1.10900e-02       3.88081e+00
    9  1.80e-05      5.81007e+00       1.20586e-02       3.87740e+00
   10  2.00e-05      5.83312e+00       1.10201e-02       3.89242e+00
   11  2.20e-05      5.84758e+00       1.55200e-02       3.90356e+00
   12  2.40e-05      5.78473e+00       1.35013e-02       3.86099e+00
   13  2.60e-05      5.77947e+00       1.64343e-02       3.85846e+00
   14  2.80e-05      5.78605e+00       1.78571e-02       3.86332e+00
   15  3.00e-05      5.75983e+00       2.15411e-02       3.84706e+00
   16  3.20e-05      5.73067e+00       2.18018e-02       3.82771e+00
   17  3.40e-05      5.74035e+00       2.58204e-02       3.83551e+00
   18  3.60e-05      5.76771e+00       2.62833e-02       3.85390e+00
   19  3.80e-05      5.76488e+00       2.80624e-02       3.85261e+00
   20  4.00e-05      5.74842e+00       2.25139e-02       3.83978e+00
   21  4.20e-05      5.72967e+00       2.59357e-02       3.82842e+00
   22  4.40e-05      5.71850e+00       3.55496e-02       3.82418e+00
   23  4.60e-05      5.70646e+00       2.64724e-02       3.81313e+00
   24  4.80e-05      5.71660e+00       3.55890e-02       3.82293e+00
   25  5.00e-05      5.69769e+00       3.12433e-02       3.80887e+00
   26  5.20e-05      5.66111e+00       4.14622e-02       3.78790e+00
   27  5.40e-05      5.66482e+00       3.65642e-02       3.78873e+00
   28  5.60e-05      5.68983e+00       3.20947e-02       3.80392e+00
   29  5.80e-05      5.64080e+00       4.22286e-02       3.77461e+00
   30  6.00e-05      5.66599e+00       3.65603e-02       3.78952e+00
   31  6.20e-05      5.66810e+00       3.95629e-02       3.79192e+00
   32  6.40e-05      5.64038e+00       4.45541e-02       3.77511e+00
   33  6.60e-05      5.58218e+00       3.73454e-02       3.73390e+00
   34  6.80e-05      5.54003e+00       4.26831e-02       3.70758e+00
   35  7.00e-05      5.53621e+00       5.62162e-02       3.70955e+00
   36  7.20e-05      5.55373e+00       4.83571e-02       3.71860e+00
   37  7.40e-05      5.52199e+00       4.13053e-02       3.69509e+00
   38  7.60e-05      5.53860e+00       5.71706e-02       3.71145e+00
   39  7.80e-05      5.49604e+00       5.00332e-02       3.68071e+00
   40  8.00e-05      5.47201e+00       6.53112e-02       3.66978e+00
   41  8.20e-05      5.48517e+00       6.42616e-02       3.67820e+00
   42  8.40e-05      5.43934e+00       6.23643e-02       3.64701e+00
   43  8.60e-05      5.45211e+00       6.57056e-02       3.65664e+00
   44  8.80e-05      5.44763e+00       6.21904e-02       3.65248e+00
   45  9.00e-05      5.39885e+00       7.33813e-02       3.62370e+00
   46  9.20e-05      5.36170e+00       5.40899e-02       3.59250e+00
   47  9.40e-05      5.40031e+00       7.40245e-02       3.62488e+00
   48  9.60e-05      5.35157e+00       6.81980e-02       3.59045e+00
   49  9.80e-05      5.33034e+00       7.59115e-02       3.57886e+00
   50  1.00e-04      5.32788e+00       6.37239e-02       3.57316e+00
   51  1.02e-04      5.37012e+00       6.49474e-02       3.60173e+00
   52  1.04e-04      5.38665e+00       8.52411e-02       3.61952e+00
   53  1.06e-04      5.39395e+00       7.97310e-02       3.62254e+00
   54  1.08e-04      5.34163e+00       9.06953e-02       3.59132e+00
   55  1.10e-04      5.30926e+00       7.63656e-02       3.56496e+00
   56  1.12e-04      5.28076e+00       8.67049e-02       3.54941e+00
   57  1.14e-04      5.28271e+00       9.21986e-02       3.55254e+00
   58  1.16e-04      5.27860e+00       8.55163e-02       3.54757e+00
   59  1.18e-04      5.30608e+00       8.15432e-02       3.56457e+00
   60  1.20e-04      5.31274e+00       1.00303e-01       3.57526e+00
   61  1.22e-04      5.31003e+00       1.09606e-01       3.57656e+00
   62  1.24e-04      5.29269e+00       9.86503e-02       3.56135e+00
   63  1.26e-04      5.31044e+00       1.04911e-01       3.57526e+00
   64  1.28e-04      5.29530e+00       9.21028e-02       3.56090e+00
   65  1.30e-04      5.32739e+00       8.95402e-02       3.58144e+00
   66  1.32e-04      5.34308e+00       1.05215e-01       3.59712e+00
   67  1.34e-04      5.32296e+00       9.84436e-02       3.58146e+00
   68  1.36e-04      5.35268e+00       8.83241e-02       3.59789e+00
   69  1.38e-04      5.36752e+00       1.01473e-01       3.61217e+00
   70  1.40e-04      5.37823e+00       9.98076e-02       3.61875e+00
   71  1.42e-04      5.38371e+00       1.08147e-01       3.62519e+00
   72  1.44e-04      5.40040e+00       9.93685e-02       3.63339e+00
   73  1.46e-04      5.41941e+00       1.02603e-01       3.64714e+00
   74  1.48e-04      5.40243e+00       1.11196e-01       3.63869e+00
   75  1.50e-04      5.39508e+00       1.22390e-01       3.63752e+00
   76  1.52e-04      5.35422e+00       8.52209e-02       3.59789e+00
   77  1.54e-04      5.32986e+00       9.81484e-02       3.58595e+00
   78  1.56e-04      5.30411e+00       9.13619e-02       3.56653e+00
   79  1.58e-04      5.31252e+00       1.15995e-01       3.58035e+00
   80  1.60e-04      5.29999e+00       1.13213e-01       3.57106e+00
   81  1.62e-04      5.31731e+00       1.05954e-01       3.58019e+00
   82  1.64e-04      5.32432e+00       1.11959e-01       3.58686e+00
   83  1.66e-04      5.29374e+00       1.25574e-01       3.57102e+00
   84  1.68e-04      5.31986e+00       1.12163e-01       3.58396e+00
   85  1.70e-04      5.34411e+00       1.19199e-01       3.60247e+00
   86  1.72e-04      5.35808e+00       1.26931e-01       3.61436e+00
   87  1.74e-04      5.35677e+00       1.37537e-01       3.61702e+00
   88  1.76e-04      5.33864e+00       1.44416e-01       3.60723e+00
   89  1.78e-04      5.34266e+00       1.24356e-01       3.60323e+00
   90  1.80e-04      5.37761e+00       1.33305e-01       3.62951e+00
   91  1.82e-04      5.32321e+00       1.39637e-01       3.59535e+00
   92  1.84e-04      5.30604e+00       1.46153e-01       3.58608e+00
   93  1.86e-04      5.31117e+00       1.27086e-01       3.58314e+00
   94  1.88e-04      5.27635e+00       1.35799e-01       3.56283e+00
   95  1.90e-04      5.24524e+00       1.39704e-01       3.54339e+00
   96  1.92e-04      5.26992e+00       1.40817e-01       3.56022e+00
   97  1.94e-04      5.29684e+00       1.33251e-01       3.57564e+00
   98  1.96e-04      5.25084e+00       1.45612e-01       3.54910e+00
   99  1.98e-04      5.25313e+00       1.44397e-01       3.55022e+00
  100  2.00e-04      5.23696e+00       1.45121e-01       3.53968e+00
  101  2.02e-04      5.22815e+00       1.43361e-01       3.53322e+00
  102  2.04e-04      5.20628e+00       1.41390e-01       3.51798e+00
  103  2.06e-04      5.24138e+00       1.12723e-01       3.53183e+00
  104  2.08e-04      5.23874e+00       1.51015e-01       3.54283e+00
  105  2.10e-04      5.23655e+00       1.40648e-01       3.53791e+00
  106  2.12e-04      5.24076e+00       1.50244e-01       3.54392e+00
  107  2.14e-04      5.24963e+00       1.54373e-01       3.55121e+00
  108  2.16e-04      5.23315e+00       1.71222e-01       3.54584e+00
  109  2.18e-04      5.20532e+00       1.81133e-01       3.53059e+00
  110  2.20e-04      5.19602e+00       1.54219e-01       3.51542e+00
  111  2.22e-04      5.15807e+00       1.63066e-01       3.49307e+00
  112  2.24e-04      5.15677e+00       1.70491e-01       3.49468e+00
  113  2.26e-04      5.17335e+00       1.71910e-01       3.50620e+00
  114  2.28e-04      5.14942e+00       1.48444e-01       3.48243e+00
  115  2.30e-04      5.19439e+00       1.54222e-01       3.51434e+00
  116  2.32e-04      5.20042e+00       1.60770e-01       3.52054e+00
  117  2.34e-04      5.17803e+00       1.68533e-01       3.50820e+00
  118  2.36e-04      5.22975e+00       1.88280e-01       3.54926e+00
  119  2.38e-04      5.19886e+00       1.48703e-01       3.51547e+00
  120  2.40e-04      5.19761e+00       1.62362e-01       3.51920e+00
  121  2.42e-04      5.19988e+00       1.84731e-01       3.52817e+00
  122  2.44e-04      5.19292e+00       1.61610e-01       3.51582e+00
  123  2.46e-04      5.23472e+00       1.47569e-01       3.53900e+00
  124  2.48e-04      5.22884e+00       1.60597e-01       3.53942e+00
  125  2.50e-04      5.21651e+00       1.76791e-01       3.53660e+00
  126  2.52e-04      5.24585e+00       1.84628e-01       3.55878e+00
  127  2.54e-04      5.20900e+00       1.68046e-01       3.52868e+00
  128  2.56e-04      5.17869e+00       1.70900e-01       3.50942e+00
  129  2.58e-04      5.18101e+00       1.72647e-01       3.51155e+00
  130  2.60e-04      5.14366e+00       1.92901e-01       3.49340e+00
  131  2.62e-04      5.15143e+00       1.37011e-01       3.47996e+00
  132  2.64e-04      5.14326e+00       1.80165e-01       3.48889e+00
  133  2.66e-04      5.09693e+00       1.51579e-01       3.44848e+00
  134  2.68e-04      5.04774e+00       2.10094e-01       3.43519e+00
  135  2.70e-04      5.04661e+00       1.69252e-01       3.42083e+00
  136  2.72e-04      5.01488e+00       2.03851e-01       3.41121e+00
  137  2.74e-04      5.02173e+00       1.92304e-01       3.41192e+00
  138  2.76e-04      5.00514e+00       1.95172e-01       3.40182e+00
  139  2.78e-04      5.05026e+00       2.09561e-01       3.43669e+00
  140  2.80e-04      5.03479e+00       1.64787e-01       3.41145e+00
  141  2.82e-04      5.05891e+00       1.73590e-01       3.43047e+00
  142  2.84e-04      5.04048e+00       1.81455e-01       3.42081e+00
  143  2.86e-04      5.02299e+00       1.97703e-01       3.41456e+00
  144  2.88e-04      4.98556e+00       1.80251e-01       3.38379e+00
  145  2.90e-04      4.97746e+00       2.18179e-01       3.39103e+00
  146  2.92e-04      4.98682e+00       1.97959e-01       3.39053e+00
  147  2.94e-04      5.00965e+00       2.50561e-01       3.42328e+00
  148  2.96e-04      4.98818e+00       2.01561e-01       3.39264e+00
  149  2.98e-04      4.96901e+00       2.14149e-01       3.38405e+00
  150  3.00e-04      4.94945e+00       2.10365e-01       3.36975e+00
  151  3.02e-04      4.94611e+00       1.95644e-01       3.36262e+00
  152  3.04e-04      4.95982e+00       2.27251e-01       3.38229e+00
  153  3.06e-04      4.94841e+00       1.83821e-01       3.36022e+00
  154  3.08e-04      4.93284e+00       2.23504e-01       3.36306e+00
  155  3.10e-04      4.97729e+00       2.46737e-01       3.40044e+00
  156  3.12e-04      4.94578e+00       2.49519e-01       3.38036e+00
  157  3.14e-04      4.92778e+00       2.26898e-01       3.36082e+00
  158  3.16e-04      4.92931e+00       1.87659e-01       3.34876e+00
  159  3.18e-04      4.91543e+00       2.27974e-01       3.35294e+00
  160  3.20e-04      4.93289e+00       1.82312e-01       3.34936e+00
  161  3.22e-04      4.93081e+00       2.32794e-01       3.36481e+00
  162  3.24e-04      4.91489e+00       1.83113e-01       3.33763e+00
  163  3.26e-04      4.90844e+00       2.15862e-01       3.34425e+00
  164  3.28e-04      4.93126e+00       2.41709e-01       3.36808e+00
  165  3.30e-04      4.94510e+00       2.08665e-01       3.36629e+00
  166  3.32e-04      4.98206e+00       2.27543e-01       3.39722e+00
  167  3.34e-04      5.03741e+00       1.98064e-01       3.42429e+00
  168  3.36e-04      5.07863e+00       2.15893e-01       3.45772e+00
  169  3.38e-04      5.08795e+00       2.27794e-01       3.46790e+00
  170  3.40e-04      5.13354e+00       2.21101e-01       3.49606e+00
  171  3.42e-04      5.11791e+00       2.11938e-01       3.48258e+00
  172  3.44e-04      5.09349e+00       2.44583e-01       3.47719e+00
  173  3.46e-04      5.09649e+00       2.64924e-01       3.48597e+00
  174  3.48e-04      5.09906e+00       2.35324e-01       3.47782e+00
  175  3.50e-04      5.05077e+00       2.71357e-01       3.45763e+00
  176  3.52e-04      5.08158e+00       2.78372e-01       3.48051e+00
  177  3.54e-04      5.05688e+00       2.95228e-01       3.46966e+00
  178  3.56e-04      5.08437e+00       2.08395e-01       3.45905e+00
  179  3.58e-04      5.11407e+00       2.39682e-01       3.48928e+00
  180  3.60e-04      5.15536e+00       2.39223e-01       3.51665e+00
  181  3.62e-04      5.14870e+00       2.26289e-01       3.50790e+00
  182  3.64e-04      5.15213e+00       2.28023e-01       3.51076e+00
  183  3.66e-04      5.13001e+00       2.71975e-01       3.51066e+00
  184  3.68e-04      5.13696e+00       2.66956e-01       3.51363e+00
  185  3.70e-04      5.10466e+00       2.61483e-01       3.49027e+00
  186  3.72e-04      5.13460e+00       2.74876e-01       3.51469e+00
  187  3.74e-04      5.10702e+00       2.43374e-01       3.48581e+00
  188  3.76e-04      5.10712e+00       2.60562e-01       3.49160e+00
  189  3.78e-04      5.08867e+00       2.35884e-01       3.47107e+00
  190  3.80e-04      5.10750e+00       2.89684e-01       3.50156e+00
  191  3.82e-04      5.14227e+00       2.56807e-01       3.51378e+00
  192  3.84e-04      5.14699e+00       2.77323e-01       3.52377e+00
  193  3.86e-04      5.17449e+00       2.98887e-01       3.54929e+00
  194  3.88e-04      5.15625e+00       2.88701e-01       3.53373e+00
  195  3.90e-04      5.16212e+00       2.66738e-01       3.53032e+00
  196  3.92e-04      5.16097e+00       2.42746e-01       3.52156e+00
  197  3.94e-04      5.14296e+00       2.90803e-01       3.52557e+00
  198  3.96e-04      5.09074e+00       2.41253e-01       3.47425e+00
  199  3.98e-04      5.09671e+00       2.63370e-01       3.48560e+00
  200  4.00e-04      5.07752e+00       2.40949e-01       3.46533e+00
  201  4.02e-04      5.10608e+00       3.17810e-01       3.50999e+00
  202  4.04e-04      5.11322e+00       3.09416e-01       3.51195e+00
  203  4.06e-04      5.09396e+00       2.77378e-01       3.48843e+00
  204  4.08e-04      5.13619e+00       3.20678e-01       3.53102e+00
  205  4.10e-04      5.14611e+00       2.38975e-01       3.51040e+00
  206  4.12e-04      5.12274e+00       3.66367e-01       3.53729e+00
  207  4.14e-04      5.14982e+00       2.45344e-01       3.51500e+00
  208  4.16e-04      5.13864e+00       2.59367e-01       3.51221e+00
  209  4.18e-04      5.08628e+00       2.64095e-01       3.47888e+00
  210  4.20e-04      5.08134e+00       2.75043e-01       3.47924e+00
  211  4.22e-04      5.09553e+00       2.89907e-01       3.49366e+00
  212  4.24e-04      5.10160e+00       2.68188e-01       3.49046e+00
  213  4.26e-04      5.07885e+00       3.54500e-01       3.50406e+00
  214  4.28e-04      5.08764e+00       2.78659e-01       3.48465e+00
  215  4.30e-04      5.07327e+00       2.58931e-01       3.46849e+00
  216  4.32e-04      5.06020e+00       2.81340e-01       3.46725e+00
  217  4.34e-04      5.00498e+00       3.20168e-01       3.44338e+00
  218  4.36e-04      4.99992e+00       2.52354e-01       3.41740e+00
  219  4.38e-04      5.01773e+00       2.99467e-01       3.44498e+00
  220  4.40e-04      4.95832e+00       2.95424e-01       3.40402e+00
  221  4.42e-04      4.96426e+00       3.39349e-01       3.42262e+00
  222  4.44e-04      4.92823e+00       3.28995e-01       3.39515e+00
  223  4.46e-04      4.99259e+00       2.88911e-01       3.42470e+00
  224  4.48e-04      5.00769e+00       3.40008e-01       3.45180e+00
  225  4.50e-04      5.01106e+00       2.64902e-01       3.42900e+00
  226  4.52e-04      5.05558e+00       3.42548e-01       3.48457e+00
  227  4.54e-04      5.07690e+00       2.71690e-01       3.47517e+00
  228  4.56e-04      5.04443e+00       3.46811e-01       3.47855e+00
  229  4.58e-04      5.06639e+00       2.68293e-01       3.46703e+00
  230  4.60e-04      5.08137e+00       3.49486e-01       3.50408e+00
  231  4.62e-04      5.08495e+00       3.09719e-01       3.49320e+00
  232  4.64e-04      5.05957e+00       3.29045e-01       3.48273e+00
  233  4.66e-04      5.05016e+00       3.40800e-01       3.48038e+00
  234  4.68e-04      5.08026e+00       2.64640e-01       3.47505e+00
  235  4.70e-04      5.06460e+00       3.37580e-01       3.48893e+00
  236  4.72e-04      5.04657e+00       2.86083e-01       3.45974e+00
  237  4.74e-04      5.04548e+00       3.27743e-01       3.47290e+00
  238  4.76e-04      5.01508e+00       3.08347e-01       3.44617e+00
  239  4.78e-04      5.02051e+00       3.39745e-01       3.46025e+00
  240  4.80e-04      4.99994e+00       3.42890e-01       3.44759e+00
  241  4.82e-04      4.98001e+00       3.32059e-01       3.43069e+00
  242  4.84e-04      4.98755e+00       3.74692e-01       3.44993e+00
  243  4.86e-04      4.99960e+00       3.33864e-01       3.44436e+00
  244  4.88e-04      5.00654e+00       3.88336e-01       3.46714e+00
  245  4.90e-04      5.00752e+00       3.51812e-01       3.45561e+00
  246  4.92e-04      4.99889e+00       2.90665e-01       3.42948e+00
  247  4.94e-04      5.02502e+00       3.76805e-01       3.47562e+00
  248  4.96e-04      5.05111e+00       3.69803e-01       3.49068e+00
  249  4.98e-04      5.05305e+00       3.81755e-01       3.49595e+00
  250  5.00e-04      5.06710e+00       3.23310e-01       3.48584e+00
  251  5.02e-04      5.03529e+00       3.87644e-01       3.48608e+00
  252  5.04e-04      5.06433e+00       3.67706e-01       3.49879e+00
  253  5.06e-04      5.10894e+00       3.53082e-01       3.52365e+00
  254  5.08e-04      5.09662e+00       3.49034e-01       3.51409e+00
  255  5.10e-04      5.07939e+00       3.41422e-01       3.50007e+00
  256  5.12e-04      5.10273e+00       3.63515e-01       3.52299e+00
  257  5.14e-04      5.08943e+00       2.86271e-01       3.48838e+00
  258  5.16e-04      5.12452e+00       4.01030e-01       3.55003e+00
  259  5.18e-04      5.13792e+00       2.78430e-01       3.51809e+00
  260  5.20e-04      5.18200e+00       3.84432e-01       3.58281e+00
  261  5.22e-04      5.16355e+00       3.88861e-01       3.57198e+00
  262  5.24e-04      5.14236e+00       3.62612e-01       3.54911e+00
  263  5.26e-04      5.16075e+00       3.32346e-01       3.55128e+00
  264  5.28e-04      5.17014e+00       4.03111e-01       3.58113e+00
  265  5.30e-04      5.17288e+00       3.58861e-01       3.56821e+00
  266  5.32e-04      5.12872e+00       3.59545e-01       3.53900e+00
  267  5.34e-04      5.15316e+00       3.17979e-01       3.54143e+00
  268  5.36e-04      5.18134e+00       3.89571e-01       3.58408e+00
  269  5.38e-04      5.10252e+00       4.18302e-01       3.54112e+00
  270  5.40e-04      5.09754e+00       3.12897e-01       3.50266e+00
  271  5.42e-04      5.10331e+00       4.16503e-01       3.54104e+00
  272  5.44e-04      5.06524e+00       3.72978e-01       3.50115e+00
  273  5.46e-04      5.03887e+00       4.45942e-01       3.50789e+00
  274  5.48e-04      5.03454e+00       2.72962e-01       3.44735e+00
  275  5.50e-04      5.03977e+00       4.41688e-01       3.50708e+00
  276  5.52e-04      5.03501e+00       2.60382e-01       3.44347e+00
  277  5.54e-04      5.05651e+00       3.83704e-01       3.49891e+00
  278  5.56e-04      5.03056e+00       3.87626e-01       3.48291e+00
  279  5.58e-04      5.06776e+00       3.75534e-01       3.50369e+00
  280  5.60e-04      5.02007e+00       3.44185e-01       3.46144e+00
  281  5.62e-04      5.05272e+00       4.18045e-01       3.50783e+00
  282  5.64e-04      5.02301e+00       4.33719e-01       3.49325e+00
  283  5.66e-04      5.09596e+00       3.83708e-01       3.52521e+00
  284  5.68e-04      5.08496e+00       3.99694e-01       3.52320e+00
  285  5.70e-04      5.06484e+00       4.11681e-01       3.51379e+00
  286  5.72e-04      5.09777e+00       3.96117e-01       3.53055e+00
  287  5.74e-04      5.07890e+00       3.37779e-01       3.49853e+00
  288  5.76e-04      5.06735e+00       3.70762e-01       3.50182e+00
  289  5.78e-04      5.09545e+00       3.96817e-01       3.52924e+00
  290  5.80e-04      5.07670e+00       4.13410e-01       3.52227e+00
  291  5.82e-04      5.04428e+00       3.96177e-01       3.49491e+00
  292  5.84e-04      5.07871e+00       4.13293e-01       3.52357e+00
  293  5.86e-04      5.06158e+00       3.34959e-01       3.48604e+00
  294  5.88e-04      5.07461e+00       4.48300e-01       3.53251e+00
  295  5.90e-04      5.03016e+00       3.06993e-01       3.45577e+00
  296  5.92e-04      5.04114e+00       3.81881e-01       3.48805e+00
  297  5.94e-04      5.00426e+00       3.70647e-01       3.45972e+00
  298  5.96e-04      5.07188e+00       4.31161e-01       3.52498e+00
  299  5.98e-04      5.06342e+00       3.92911e-01       3.50658e+00
  300  6.00e-04      5.06243e+00       3.52157e-01       3.49234e+00
  301  6.02e-04      5.10778e+00       4.29272e-01       3.54828e+00
  302  6.04e-04      5.09526e+00       3.88033e-01       3.52618e+00
  303  6.06e-04      5.08360e+00       4.23498e-01       3.53023e+00
  304  6.08e-04      5.09140e+00       2.99679e-01       3.49416e+00
  305  6.10e-04      5.04898e+00       4.43667e-01       3.51388e+00
  306  6.12e-04      5.03847e+00       3.25460e-01       3.46746e+00
  307  6.14e-04      5.02718e+00       3.72118e-01       3.47549e+00
  308  6.16e-04      4.99739e+00       4.22980e-01       3.47258e+00
  309  6.18e-04      5.02997e+00       4.05663e-01       3.48853e+00
  310  6.20e-04      5.05226e+00       4.22419e-01       3.50898e+00
  311  6.22e-04      5.07254e+00       4.07435e-01       3.51751e+00
  312  6.24e-04      5.07351e+00       4.11237e-01       3.51942e+00
  313  6.26e-04      5.08133e+00       3.59114e-01       3.50726e+00
  314  6.28e-04      5.13522e+00       4.04759e-01       3.55840e+00
  315  6.30e-04      5.14396e+00       3.60261e-01       3.54940e+00
  316  6.32e-04      5.19520e+00       4.03897e-01       3.59810e+00
  317  6.34e-04      5.18725e+00       3.69969e-01       3.58149e+00
  318  6.36e-04      5.17072e+00       4.40845e-01       3.59410e+00
  319  6.38e-04      5.19692e+00       4.09857e-01       3.60123e+00
  320  6.40e-04      5.21817e+00       4.62983e-01       3.63311e+00
  321  6.42e-04      5.21945e+00       4.11257e-01       3.61672e+00
  322  6.44e-04      5.25491e+00       4.64432e-01       3.65808e+00
  323  6.46e-04      5.24635e+00       3.58954e-01       3.61722e+00
  324  6.48e-04      5.24648e+00       3.81643e-01       3.62487e+00
  325  6.50e-04      5.23511e+00       3.89474e-01       3.61990e+00
  326  6.52e-04      5.27901e+00       3.58523e-01       3.63885e+00
  327  6.54e-04      5.26789e+00       3.29327e-01       3.62170e+00
  328  6.56e-04      5.30261e+00       4.56574e-01       3.68726e+00
  329  6.58e-04      5.31728e+00       4.45911e-01       3.69349e+00
  330  6.60e-04      5.33880e+00       4.01069e-01       3.69289e+00
  331  6.62e-04      5.38801e+00       4.55649e-01       3.74389e+00
  332  6.64e-04      5.40266e+00       4.25398e-01       3.74357e+00
  333  6.66e-04      5.37460e+00       4.35161e-01       3.72812e+00
  334  6.68e-04      5.36176e+00       3.92458e-01       3.70532e+00
  335  6.70e-04      5.30483e+00       4.23007e-01       3.67756e+00
  336  6.72e-04      5.29035e+00       3.85887e-01       3.65553e+00
  337  6.74e-04      5.29793e+00       4.69736e-01       3.68853e+00
  338  6.76e-04      5.28734e+00       4.27555e-01       3.66741e+00
  339  6.78e-04      5.29996e+00       4.21653e-01       3.67386e+00
  340  6.80e-04      5.31637e+00       3.78752e-01       3.67050e+00
  341  6.82e-04      5.32190e+00       5.23236e-01       3.72234e+00
  342  6.84e-04      5.29488e+00       3.88606e-01       3.65946e+00
  343  6.86e-04      5.30079e+00       3.99834e-01       3.66714e+00
  344  6.88e-04      5.30932e+00       3.90861e-01       3.66983e+00
  345  6.90e-04      5.31313e+00       4.21582e-01       3.68261e+00
  346  6.92e-04      5.29177e+00       3.59679e-01       3.64774e+00
  347  6.94e-04      5.31280e+00       4.31305e-01       3.68564e+00
  348  6.96e-04      5.35129e+00       4.45273e-01       3.71595e+00
  349  6.98e-04      5.34214e+00       4.55984e-01       3.71342e+00
  350  7.00e-04      5.35734e+00       4.71462e-01       3.72871e+00
  351  7.02e-04      5.37848e+00       4.27898e-01       3.72829e+00
  352  7.04e-04      5.37197e+00       4.74276e-01       3.73941e+00
  353  7.06e-04      5.34702e+00       4.27472e-01       3.70717e+00
  354  7.08e-04      5.36934e+00       4.17955e-01       3.71888e+00
  355  7.10e-04      5.33414e+00       3.79940e-01       3.68274e+00
  356  7.12e-04      5.34624e+00       4.59087e-01       3.71719e+00
  357  7.14e-04      5.38268e+00       4.18678e-01       3.72801e+00
  358  7.16e-04      5.38088e+00       4.15177e-01       3.72564e+00
  359  7.18e-04      5.36815e+00       5.13363e-01       3.74989e+00
  360  7.20e-04      5.36622e+00       5.41006e-01       3.75781e+00
  361  7.22e-04      5.33236e+00       4.98211e-01       3.72098e+00
  362  7.24e-04      5.35840e+00       4.71412e-01       3.72940e+00
  363  7.26e-04      5.38378e+00       4.60931e-01       3.74283e+00
  364  7.28e-04      5.38957e+00       4.69778e-01       3.74964e+00
  365  7.30e-04      5.37548e+00       3.88898e-01       3.71329e+00
  366  7.32e-04      5.39657e+00       4.15879e-01       3.73634e+00
  367  7.34e-04      5.39213e+00       5.10719e-01       3.76499e+00
  368  7.36e-04      5.37929e+00       4.86276e-01       3.74829e+00
  369  7.38e-04      5.37237e+00       4.89417e-01       3.74472e+00
  370  7.40e-04      5.38141e+00       4.79589e-01       3.74747e+00
  371  7.42e-04      5.37840e+00       4.90341e-01       3.74904e+00
  372  7.44e-04      5.36726e+00       5.31593e-01       3.75537e+00
  373  7.46e-04      5.38174e+00       4.63164e-01       3.74221e+00
  374  7.48e-04      5.40193e+00       5.51475e-01       3.78511e+00
  375  7.50e-04      5.40608e+00       4.01414e-01       3.73786e+00
  376  7.52e-04      5.41608e+00       4.90936e-01       3.77437e+00
  377  7.54e-04      5.40581e+00       4.50313e-01       3.75398e+00
  378  7.56e-04      5.39940e+00       5.45264e-01       3.78135e+00
  379  7.58e-04      5.36512e+00       4.05841e-01       3.71203e+00
  380  7.60e-04      5.33251e+00       5.07964e-01       3.72433e+00
  381  7.62e-04      5.33441e+00       5.80983e-01       3.74993e+00
  382  7.64e-04      5.30035e+00       4.29334e-01       3.67668e+00
  383  7.66e-04      5.31596e+00       4.71792e-01       3.70124e+00
  384  7.68e-04      5.29758e+00       4.70079e-01       3.68841e+00
  385  7.70e-04      5.29316e+00       5.01254e-01       3.69586e+00
  386  7.72e-04      5.27998e+00       5.32645e-01       3.69754e+00
  387  7.74e-04      5.31565e+00       4.74366e-01       3.70189e+00
  388  7.76e-04      5.29219e+00       5.08013e-01       3.69746e+00
  389  7.78e-04      5.32977e+00       4.84223e-01       3.71458e+00
  390  7.80e-04      5.30012e+00       5.11005e-01       3.70375e+00
  391  7.82e-04      5.33457e+00       5.46635e-01       3.73859e+00
  392  7.84e-04      5.33590e+00       4.85609e-01       3.71914e+00
  393  7.86e-04      5.28100e+00       5.56259e-01       3.70608e+00
  394  7.88e-04      5.28282e+00       4.82894e-01       3.68285e+00
  395  7.90e-04      5.29004e+00       5.45683e-01       3.70858e+00
  396  7.92e-04      5.28026e+00       4.19760e-01       3.66010e+00
  397  7.94e-04      5.28777e+00       6.14309e-01       3.72995e+00
  398  7.96e-04      5.28370e+00       5.97347e-01       3.72158e+00
  399  7.98e-04      5.26530e+00       5.40463e-01       3.69035e+00
  400  8.00e-04      5.29505e+00       5.40712e-01       3.71027e+00
  401  8.02e-04      5.30020e+00       5.79855e-01       3.72675e+00
  402  8.04e-04      5.27907e+00       5.02523e-01       3.68689e+00
  403  8.06e-04      5.28682e+00       5.21662e-01       3.69844e+00
  404  8.08e-04      5.30569e+00       5.36671e-01       3.71601e+00
  405  8.10e-04      5.29027e+00       5.68642e-01       3.71640e+00
  406  8.12e-04      5.31920e+00       5.23715e-01       3.72071e+00
  407  8.14e-04      5.33976e+00       5.22685e-01       3.73407e+00
  408  8.16e-04      5.33482e+00       5.80823e-01       3.75015e+00
  409  8.18e-04      5.28339e+00       6.62674e-01       3.74315e+00
  410  8.20e-04      5.27616e+00       5.61814e-01       3.70471e+00
  411  8.22e-04      5.27620e+00       5.50077e-01       3.70083e+00
  412  8.24e-04      5.23901e+00       6.44868e-01       3.70763e+00
  413  8.26e-04      5.20702e+00       5.11803e-01       3.64195e+00
  414  8.28e-04      5.21764e+00       5.40686e-01       3.65866e+00
  415  8.30e-04      5.22093e+00       5.57493e-01       3.66645e+00
  416  8.32e-04      5.19050e+00       5.78770e-01       3.65326e+00
  417  8.34e-04      5.20494e+00       5.79389e-01       3.66309e+00
  418  8.36e-04      5.19702e+00       4.89472e-01       3.62784e+00
  419  8.38e-04      5.17227e+00       6.49025e-01       3.66452e+00
  420  8.40e-04      5.17216e+00       5.26860e-01       3.62372e+00
  421  8.42e-04      5.18443e+00       6.08049e-01       3.65897e+00
  422  8.44e-04      5.14004e+00       5.17539e-01       3.59920e+00
  423  8.46e-04      5.15122e+00       5.32444e-01       3.61163e+00
  424  8.48e-04      5.16343e+00       5.62952e-01       3.62994e+00
  425  8.50e-04      5.17177e+00       4.99672e-01       3.61441e+00
  426  8.52e-04      5.23343e+00       6.10082e-01       3.69231e+00
  427  8.54e-04      5.23502e+00       4.61100e-01       3.64372e+00
  428  8.56e-04      5.23099e+00       6.02721e-01       3.68823e+00
  429  8.58e-04      5.22611e+00       4.92486e-01       3.64824e+00
  430  8.60e-04      5.21351e+00       6.56336e-01       3.69445e+00
  431  8.62e-04      5.20278e+00       5.24224e-01       3.64326e+00
  432  8.64e-04      5.15744e+00       6.02481e-01       3.63912e+00
  433  8.66e-04      5.16106e+00       5.15327e-01       3.61248e+00
  434  8.68e-04      5.20311e+00       5.64553e-01       3.65693e+00
  435  8.70e-04      5.20474e+00       5.23059e-01       3.64418e+00
  436  8.72e-04      5.12137e+00       5.70687e-01       3.60447e+00
  437  8.74e-04      5.12303e+00       6.06100e-01       3.61739e+00
  438  8.76e-04      5.05199e+00       5.49583e-01       3.55119e+00
  439  8.78e-04      5.05705e+00       6.38558e-01       3.58422e+00
  440  8.80e-04      5.03638e+00       5.18128e-01       3.53030e+00
  441  8.82e-04      5.08633e+00       6.53460e-01       3.60871e+00
  442  8.84e-04      5.12548e+00       5.81115e-01       3.61069e+00
  443  8.86e-04      5.11259e+00       5.93167e-01       3.60612e+00
  444  8.88e-04      5.14106e+00       5.69295e-01       3.61714e+00
  445  8.90e-04      5.14489e+00       6.11430e-01       3.63374e+00
  446  8.92e-04      5.20909e+00       4.92124e-01       3.63677e+00
  447  8.94e-04      5.16878e+00       6.34584e-01       3.65738e+00
  448  8.96e-04      5.19836e+00       5.68773e-01       3.65517e+00
  449  8.98e-04      5.19256e+00       6.19906e-01       3.66834e+00
  450  9.00e-04      5.19544e+00       5.87491e-01       3.65946e+00
  451  9.02e-04      5.22843e+00       5.86189e-01       3.68102e+00
  452  9.04e-04      5.25238e+00       5.67282e-01       3.69068e+00
  453  9.06e-04      5.22323e+00       5.85898e-01       3.67745e+00
  454  9.08e-04      5.21610e+00       6.65529e-01       3.69924e+00
  455  9.10e-04      5.19887e+00       5.29710e-01       3.64248e+00
  456  9.12e-04      5.22676e+00       6.90924e-01       3.71482e+00
  457  9.14e-04      5.25569e+00       5.55043e-01       3.68881e+00
  458  9.16e-04      5.25229e+00       6.86623e-01       3.73040e+00
  459  9.18e-04      5.22295e+00       5.49060e-01       3.66499e+00
  460  9.20e-04      5.24653e+00       6.53707e-01       3.71559e+00
  461  9.22e-04      5.22336e+00       5.88497e-01       3.67841e+00
  462  9.24e-04      5.23697e+00       6.35882e-01       3.70328e+00
  463  9.26e-04      5.22013e+00       6.95311e-01       3.71186e+00
  464  9.28e-04      5.25670e+00       5.68168e-01       3.69386e+00
  465  9.30e-04      5.26538e+00       7.04292e-01       3.74502e+00
  466  9.32e-04      5.22647e+00       6.68589e-01       3.70717e+00
  467  9.34e-04      5.20507e+00       6.11014e-01       3.67372e+00
  468  9.36e-04      5.22878e+00       6.18680e-01       3.69208e+00
  469  9.38e-04      5.22961e+00       6.41358e-01       3.70019e+00
  470  9.40e-04      5.24250e+00       6.23841e-01       3.70294e+00
  471  9.42e-04      5.23012e+00       6.77051e-01       3.71243e+00
  472  9.44e-04      5.30125e+00       6.32962e-01       3.74515e+00
  473  9.46e-04      5.28333e+00       7.15323e-01       3.76066e+00
  474  9.48e-04      5.26345e+00       6.26416e-01       3.71777e+00
  475  9.50e-04      5.22260e+00       7.68733e-01       3.73798e+00
  476  9.52e-04      5.23192e+00       6.11918e-01       3.69192e+00
  477  9.54e-04      5.19931e+00       6.60566e-01       3.68640e+00
  478  9.56e-04      5.23178e+00       6.80016e-01       3.71452e+00
  479  9.58e-04      5.21895e+00       6.56143e-01       3.69801e+00
  480  9.60e-04      5.20310e+00       7.49590e-01       3.71860e+00
  481  9.62e-04      5.23271e+00       5.63791e-01       3.67640e+00
  482  9.64e-04      5.18570e+00       7.57819e-01       3.70974e+00
  483  9.66e-04      5.16991e+00       6.35160e-01       3.65832e+00
  484  9.68e-04      5.15219e+00       7.76562e-01       3.69365e+00
  485  9.70e-04      5.16268e+00       6.21808e-01       3.64906e+00
  486  9.72e-04      5.14608e+00       6.91507e-01       3.66123e+00
  487  9.74e-04      5.17490e+00       7.47649e-01       3.69915e+00
  488  9.76e-04      5.14556e+00       6.59626e-01       3.65025e+00
  489  9.78e-04      5.20469e+00       6.19479e-01       3.67628e+00
  490  9.80e-04      5.21667e+00       6.54289e-01       3.69587e+00
  491  9.82e-04      5.22781e+00       7.77486e-01       3.74437e+00
  492  9.84e-04      5.23480e+00       6.60412e-01       3.71001e+00
  493  9.86e-04      5.27128e+00       6.30826e-01       3.72446e+00
  494  9.88e-04      5.22618e+00       6.44575e-01       3.69898e+00
  495  9.90e-04      5.24523e+00       6.89712e-01       3.72673e+00
  496  9.92e-04      5.22574e+00       6.78382e-01       3.70995e+00
  497  9.94e-04      5.20220e+00       6.99127e-01       3.70118e+00
  498  9.96e-04      5.22624e+00       6.29770e-01       3.69408e+00
  499  9.98e-04      5.20257e+00       7.45358e-01       3.71683e+00
  500  1.00e-03      5.13808e+00       6.44030e-01       3.64006e+00
  501  1.00e-03      5.14536e+00       7.49329e-01       3.68002e+00
  502  1.00e-03      5.12996e+00       6.37757e-01       3.63256e+00
  503  1.01e-03      5.14901e+00       7.38815e-01       3.67894e+00
  504  1.01e-03      5.14489e+00       8.52340e-01       3.71404e+00
  505  1.01e-03      5.19352e+00       7.29613e-01       3.70555e+00
  506  1.01e-03      5.19060e+00       7.84691e-01       3.72197e+00
  507  1.01e-03      5.18837e+00       5.81438e-01       3.65273e+00
  508  1.02e-03      5.20027e+00       8.46072e-01       3.74887e+00
  509  1.02e-03      5.15613e+00       6.04455e-01       3.63891e+00
  510  1.02e-03      5.12389e+00       8.06443e-01       3.68474e+00
  511  1.02e-03      5.17388e+00       6.52922e-01       3.66689e+00
  512  1.02e-03      5.17407e+00       8.74821e-01       3.74099e+00
  513  1.03e-03      5.19296e+00       7.93511e-01       3.72648e+00
  514  1.03e-03      5.17798e+00       6.68719e-01       3.67489e+00
  515  1.03e-03      5.21135e+00       8.18134e-01       3.74695e+00
  516  1.03e-03      5.22308e+00       6.99832e-01       3.71533e+00
  517  1.03e-03      5.18701e+00       6.87544e-01       3.68719e+00
  518  1.04e-03      5.15821e+00       6.43434e-01       3.65329e+00
  519  1.04e-03      5.18285e+00       8.60224e-01       3.74198e+00
  520  1.04e-03      5.13320e+00       5.39634e-01       3.60201e+00
  521  1.04e-03      5.11066e+00       8.56952e-01       3.69275e+00
  522  1.04e-03      5.12185e+00       7.96450e-01       3.68005e+00
  523  1.05e-03      5.13160e+00       8.19624e-01       3.69428e+00
  524  1.05e-03      5.11239e+00       7.65708e-01       3.66350e+00
  525  1.05e-03      5.14235e+00       8.25053e-01       3.70325e+00
  526  1.05e-03      5.10699e+00       6.92506e-01       3.63550e+00
  527  1.05e-03      5.11338e+00       7.34377e-01       3.65371e+00
  528  1.06e-03      5.10759e+00       6.36881e-01       3.61735e+00
  529  1.06e-03      5.13761e+00       6.76535e-01       3.65058e+00
  530  1.06e-03      5.16141e+00       7.95030e-01       3.70595e+00
  531  1.06e-03      5.15510e+00       7.22037e-01       3.67741e+00
  532  1.06e-03      5.18328e+00       7.69304e-01       3.71195e+00
  533  1.07e-03      5.14218e+00       7.63136e-01       3.68250e+00
  534  1.07e-03      5.12940e+00       8.07427e-01       3.68874e+00
  535  1.07e-03      5.06791e+00       7.43204e-01       3.62634e+00
  536  1.07e-03      5.08058e+00       8.09149e-01       3.65677e+00
  537  1.07e-03      5.05787e+00       7.41472e-01       3.61907e+00
  538  1.08e-03      5.05141e+00       7.67547e-01       3.62346e+00
  539  1.08e-03      5.05557e+00       7.01806e-01       3.60432e+00
  540  1.08e-03      5.04050e+00       7.91322e-01       3.62411e+00
  541  1.08e-03      5.08338e+00       8.24843e-01       3.66387e+00
  542  1.08e-03      5.07525e+00       6.66801e-01       3.60577e+00
  543  1.09e-03      5.04094e+00       9.51837e-01       3.67791e+00
  544  1.09e-03      5.05658e+00       8.56538e-01       3.65657e+00
  545  1.09e-03      5.08351e+00       7.29907e-01       3.63231e+00
  546  1.09e-03      5.06842e+00       7.85137e-01       3.64066e+00
  547  1.09e-03      5.07761e+00       8.48789e-01       3.66800e+00
  548  1.10e-03      5.12829e+00       7.97035e-01       3.68454e+00
  549  1.10e-03      5.11625e+00       8.32200e-01       3.68823e+00
  550  1.10e-03      5.10356e+00       8.80779e-01       3.69597e+00
  551  1.10e-03      5.11728e+00       6.99289e-01       3.64462e+00
  552  1.10e-03      5.11782e+00       9.42124e-01       3.72592e+00
  553  1.11e-03      5.10219e+00       7.22840e-01       3.64241e+00
  554  1.11e-03      5.08045e+00       8.74051e-01       3.67832e+00
  555  1.11e-03      5.08854e+00       8.46888e-01       3.67466e+00
  556  1.11e-03      5.05562e+00       8.05150e-01       3.63880e+00
  557  1.11e-03      5.04253e+00       7.39976e-01       3.60834e+00
  558  1.12e-03      5.06072e+00       8.11996e-01       3.64448e+00
  559  1.12e-03      5.06780e+00       8.26959e-01       3.65419e+00
  560  1.12e-03      5.07847e+00       7.85253e-01       3.64739e+00
  561  1.12e-03      5.08855e+00       8.48575e-01       3.67522e+00
  562  1.12e-03      5.09412e+00       7.38187e-01       3.64215e+00
  563  1.13e-03      5.05844e+00       7.88101e-01       3.63499e+00
  564  1.13e-03      5.08274e+00       7.47790e-01       3.63776e+00
  565  1.13e-03      5.04641e+00       8.73714e-01       3.65551e+00
  566  1.13e-03      5.05770e+00       7.75522e-01       3.63031e+00
  567  1.13e-03      5.01026e+00       8.49620e-01       3.62338e+00
  568  1.14e-03      5.01668e+00       8.34551e-01       3.62264e+00
  569  1.14e-03      4.98416e+00       9.75142e-01       3.64782e+00
  570  1.14e-03      5.02681e+00       6.44124e-01       3.56591e+00
  571  1.14e-03      4.97489e+00       1.05274e+00       3.66750e+00
  572  1.14e-03      4.99322e+00       7.49297e-01       3.57858e+00
  573  1.15e-03      4.97158e+00       8.15347e-01       3.58617e+00
  574  1.15e-03      5.01009e+00       7.53782e-01       3.59132e+00
  575  1.15e-03      5.02459e+00       7.86691e-01       3.61196e+00
  576  1.15e-03      5.02292e+00       8.73059e-01       3.63963e+00
  577  1.15e-03      5.06668e+00       8.27554e-01       3.65364e+00
  578  1.16e-03      5.04478e+00       8.65288e-01       3.65161e+00
  579  1.16e-03      5.03058e+00       7.32036e-01       3.59773e+00
  580  1.16e-03      5.02829e+00       1.10139e+00       3.71932e+00
  581  1.16e-03      5.07048e+00       5.89441e-01       3.57680e+00
  582  1.16e-03      5.01655e+00       8.45526e-01       3.62621e+00
  583  1.17e-03      4.98059e+00       8.09348e-01       3.59018e+00
  584  1.17e-03      4.94799e+00       7.25576e-01       3.54052e+00
  585  1.17e-03      4.95368e+00       7.62035e-01       3.55647e+00
  586  1.17e-03      4.97810e+00       9.23353e-01       3.62652e+00
  587  1.17e-03      5.01460e+00       8.68776e-01       3.63266e+00
  588  1.18e-03      4.96978e+00       7.72510e-01       3.57069e+00
  589  1.18e-03      4.95545e+00       9.95031e-01       3.63531e+00
  590  1.18e-03      4.92934e+00       7.42226e-01       3.53364e+00
  591  1.18e-03      4.94943e+00       8.58916e-01       3.58592e+00
  592  1.18e-03      4.97789e+00       8.36985e-01       3.59759e+00
  593  1.19e-03      4.93066e+00       8.03849e-01       3.55506e+00
  594  1.19e-03      4.90151e+00       8.28730e-01       3.54392e+00
  595  1.19e-03      4.94488e+00       7.39104e-01       3.54295e+00
  596  1.19e-03      4.89667e+00       8.68467e-01       3.55394e+00
  597  1.19e-03      4.89964e+00       9.03195e-01       3.56749e+00
  598  1.20e-03      4.87483e+00       9.46944e-01       3.56553e+00
  599  1.20e-03      4.88483e+00       8.77939e-01       3.54920e+00
  600  1.20e-03      4.87606e+00       8.04949e-01       3.51903e+00
  601  1.20e-03      4.91656e+00       8.39992e-01       3.55770e+00
  602  1.20e-03      4.88326e+00       8.06245e-01       3.52426e+00
  603  1.21e-03      4.91769e+00       8.67784e-01       3.56772e+00
  604  1.21e-03      4.87852e+00       7.99538e-01       3.51886e+00
  605  1.21e-03      4.91195e+00       8.81549e-01       3.56848e+00
  606  1.21e-03      4.85763e+00       8.38158e-01       3.51780e+00
  607  1.21e-03      4.88965e+00       8.53002e-01       3.54410e+00
  608  1.22e-03      4.86007e+00       1.04021e+00       3.58679e+00
  609  1.22e-03      4.87366e+00       7.81649e-01       3.50965e+00
  610  1.22e-03      4.88528e+00       9.92223e-01       3.58759e+00
  611  1.22e-03      4.86422e+00       9.26995e-01       3.55181e+00
  612  1.22e-03      4.87829e+00       7.84024e-01       3.51353e+00
  613  1.23e-03      4.86165e+00       9.23257e-01       3.54886e+00
  614  1.23e-03      4.84134e+00       9.29872e-01       3.53752e+00
  615  1.23e-03      4.83500e+00       9.60758e-01       3.54358e+00
  616  1.23e-03      4.84158e+00       7.73216e-01       3.48546e+00
  617  1.23e-03      4.85087e+00       9.60396e-01       3.55405e+00
  618  1.24e-03      4.89060e+00       7.05791e-01       3.49566e+00
  619  1.24e-03      4.86272e+00       9.64153e-01       3.56320e+00
  620  1.24e-03      4.84010e+00       8.01681e-01       3.49396e+00
  621  1.24e-03      4.82443e+00       7.87597e-01       3.47882e+00
  622  1.24e-03      4.85647e+00       8.98713e-01       3.53722e+00
  623  1.25e-03      4.88663e+00       6.99533e-01       3.49093e+00
  624  1.25e-03      4.87502e+00       9.13411e-01       3.55448e+00
  625  1.25e-03      4.82106e+00       8.16464e-01       3.48619e+00
  626  1.25e-03      4.76498e+00       9.45364e-01       3.49177e+00
  627  1.25e-03      4.73409e+00       7.33928e-01       3.40070e+00
  628  1.26e-03      4.77639e+00       9.24398e-01       3.49239e+00
  629  1.26e-03      4.80028e+00       9.09774e-01       3.50345e+00
  630  1.26e-03      4.76687e+00       9.11299e-01       3.48168e+00
  631  1.26e-03      4.77413e+00       9.61397e-01       3.50322e+00
  632  1.26e-03      4.81570e+00       9.06197e-01       3.51253e+00
  633  1.27e-03      4.78375e+00       8.79046e-01       3.48218e+00
  634  1.27e-03      4.76002e+00       8.48887e-01       3.45631e+00
  635  1.27e-03      4.78148e+00       8.59900e-01       3.47429e+00
  636  1.27e-03      4.76489e+00       9.19525e-01       3.48310e+00
  637  1.27e-03      4.75140e+00       8.55024e-01       3.45261e+00
  638  1.28e-03      4.80545e+00       8.93055e-01       3.50132e+00
  639  1.28e-03      4.78164e+00       7.79989e-01       3.44776e+00
  640  1.28e-03      4.81935e+00       7.09043e-01       3.44925e+00
  641  1.28e-03      4.75254e+00       9.56498e-01       3.48720e+00
  642  1.28e-03      4.80058e+00       9.18220e-01       3.50646e+00
  643  1.29e-03      4.78203e+00       8.42700e-01       3.46892e+00
  644  1.29e-03      4.83487e+00       7.80461e-01       3.48340e+00
  645  1.29e-03      4.80995e+00       9.16442e-01       3.51211e+00
  646  1.29e-03      4.84322e+00       8.46572e-01       3.51101e+00
  647  1.29e-03      4.82504e+00       8.72708e-01       3.50760e+00
  648  1.30e-03      4.79639e+00       8.31557e-01       3.47478e+00
  649  1.30e-03      4.77211e+00       8.13913e-01       3.45271e+00
  650  1.30e-03      4.77830e+00       1.03231e+00       3.52964e+00
  651  1.30e-03      4.73060e+00       8.28926e-01       3.43004e+00
  652  1.30e-03      4.73276e+00       8.24783e-01       3.43010e+00
  653  1.31e-03      4.69713e+00       1.03735e+00       3.47720e+00
  654  1.31e-03      4.75935e+00       9.29068e-01       3.48259e+00
  655  1.31e-03      4.77637e+00       8.83461e-01       3.47873e+00
  656  1.31e-03      4.75671e+00       8.44918e-01       3.45278e+00
  657  1.31e-03      4.73901e+00       7.71854e-01       3.41663e+00
  658  1.32e-03      4.75931e+00       8.03143e-01       3.44059e+00
  659  1.32e-03      4.74314e+00       1.01372e+00       3.50000e+00
  660  1.32e-03      4.79707e+00       8.67358e-01       3.48717e+00
  661  1.32e-03      4.78198e+00       8.82634e-01       3.48220e+00
  662  1.32e-03      4.80465e+00       9.14338e-01       3.50788e+00
  663  1.33e-03      4.79370e+00       9.64192e-01       3.51720e+00
  664  1.33e-03      4.84861e+00       9.14457e-01       3.53723e+00
  665  1.33e-03      4.84998e+00       7.83911e-01       3.49463e+00
  666  1.33e-03      4.82107e+00       8.01830e-01       3.48133e+00
  667  1.33e-03      4.79132e+00       1.03864e+00       3.54042e+00
  668  1.34e-03      4.77021e+00       9.17103e-01       3.48584e+00
  669  1.34e-03      4.78910e+00       7.83294e-01       3.45383e+00
  670  1.34e-03      4.75716e+00       1.03687e+00       3.51706e+00
  671  1.34e-03      4.71456e+00       9.95130e-01       3.47475e+00
  672  1.34e-03      4.72432e+00       9.96627e-01       3.48175e+00
  673  1.35e-03      4.70269e+00       8.86925e-01       3.43077e+00
  674  1.35e-03      4.69067e+00       9.07843e-01       3.42973e+00
  675  1.35e-03      4.71083e+00       9.18872e-01       3.44685e+00
  676  1.35e-03      4.68817e+00       9.54170e-01       3.44350e+00
  677  1.35e-03      4.70098e+00       8.31725e-01       3.41123e+00
  678  1.36e-03      4.71986e+00       9.71545e-01       3.47042e+00
  679  1.36e-03      4.74539e+00       8.75742e-01       3.45551e+00
  680  1.36e-03      4.74233e+00       7.69421e-01       3.41803e+00
  681  1.36e-03      4.71246e+00       9.94521e-01       3.47315e+00
  682  1.36e-03      4.72571e+00       8.20349e-01       3.42392e+00
  683  1.37e-03      4.73662e+00       8.27624e-01       3.43362e+00
  684  1.37e-03      4.76454e+00       9.03244e-01       3.47744e+00
  685  1.37e-03      4.76268e+00       9.80149e-01       3.50184e+00
  686  1.37e-03      4.72498e+00       7.94897e-01       3.41496e+00
  687  1.37e-03      4.72849e+00       8.21333e-01       3.42611e+00
  688  1.38e-03      4.77797e+00       7.59891e-01       3.43861e+00
  689  1.38e-03      4.76712e+00       1.02195e+00       3.51873e+00
  690  1.38e-03      4.76751e+00       8.42928e-01       3.45932e+00
  691  1.38e-03      4.77687e+00       8.66186e-01       3.47331e+00
  692  1.38e-03      4.71917e+00       1.06343e+00       3.50059e+00
  693  1.39e-03      4.76287e+00       9.51673e-01       3.49247e+00
  694  1.39e-03      4.75483e+00       8.88056e-01       3.46590e+00
  695  1.39e-03      4.75364e+00       8.80383e-01       3.46255e+00
  696  1.39e-03      4.72863e+00       1.01612e+00       3.49113e+00
  697  1.39e-03      4.72775e+00       7.16737e-01       3.39075e+00
  698  1.40e-03      4.73723e+00       9.25573e-01       3.46668e+00
  699  1.40e-03      4.69461e+00       8.62649e-01       3.41729e+00
  700  1.40e-03      4.69244e+00       8.49408e-01       3.41143e+00
  701  1.40e-03      4.75134e+00       8.14318e-01       3.43900e+00
  702  1.40e-03      4.74703e+00       8.11415e-01       3.43516e+00
  703  1.41e-03      4.75077e+00       1.03744e+00       3.51299e+00
  704  1.41e-03      4.73052e+00       8.23873e-01       3.42831e+00
  705  1.41e-03      4.76413e+00       8.35311e-01       3.45452e+00
  706  1.41e-03      4.75267e+00       9.24250e-01       3.47653e+00
  707  1.41e-03      4.73908e+00       9.97078e-01       3.49174e+00
  708  1.42e-03      4.70802e+00       8.23294e-01       3.41311e+00
  709  1.42e-03      4.72874e+00       9.62418e-01       3.47330e+00
  710  1.42e-03      4.70384e+00       9.57040e-01       3.45491e+00
  711  1.42e-03      4.74157e+00       9.20398e-01       3.46785e+00
  712  1.42e-03      4.75592e+00       8.87164e-01       3.46633e+00
  713  1.43e-03      4.75449e+00       8.40229e-01       3.44974e+00
  714  1.43e-03      4.74063e+00       9.99093e-01       3.49345e+00
  715  1.43e-03      4.73566e+00       1.02208e+00       3.49780e+00
  716  1.43e-03      4.73845e+00       9.78144e-01       3.48501e+00
  717  1.43e-03      4.78684e+00       1.01082e+00       3.52817e+00
  718  1.44e-03      4.77470e+00       9.31484e-01       3.49363e+00
  719  1.44e-03      4.77276e+00       8.88335e-01       3.47795e+00
  720  1.44e-03      4.75117e+00       9.88155e-01       3.49683e+00
  721  1.44e-03      4.74735e+00       9.70913e-01       3.48854e+00
  722  1.44e-03      4.81127e+00       8.12698e-01       3.47841e+00
  723  1.45e-03      4.81314e+00       8.66758e-01       3.49768e+00
  724  1.45e-03      4.81721e+00       9.21930e-01       3.51879e+00
  725  1.45e-03      4.81244e+00       1.06913e+00       3.56467e+00
  726  1.45e-03      4.84641e+00       9.46213e-01       3.54634e+00
  727  1.45e-03      4.79549e+00       9.04151e-01       3.49838e+00
  728  1.46e-03      4.82287e+00       1.13708e+00       3.59427e+00
  729  1.46e-03      4.81340e+00       1.00099e+00       3.54260e+00
  730  1.46e-03      4.84325e+00       9.69190e-01       3.55189e+00
  731  1.46e-03      4.82285e+00       8.69777e-01       3.50516e+00
  732  1.46e-03      4.85583e+00       1.01964e+00       3.57710e+00
  733  1.47e-03      4.87590e+00       8.69922e-01       3.54057e+00
  734  1.47e-03      4.84479e+00       9.46984e-01       3.54552e+00
  735  1.47e-03      4.84101e+00       9.61237e-01       3.54775e+00
  736  1.47e-03      4.83757e+00       8.88728e-01       3.52129e+00
  737  1.47e-03      4.81623e+00       9.45529e-01       3.52600e+00
  738  1.48e-03      4.83205e+00       9.70736e-01       3.54495e+00
  739  1.48e-03      4.81244e+00       9.97440e-01       3.54077e+00
  740  1.48e-03      4.78842e+00       9.56726e-01       3.51119e+00
  741  1.48e-03      4.80378e+00       8.81801e-01       3.49645e+00
  742  1.48e-03      4.80408e+00       1.01118e+00       3.53978e+00
  743  1.49e-03      4.76430e+00       9.99544e-01       3.50938e+00
  744  1.49e-03      4.81801e+00       8.80789e-01       3.50560e+00
  745  1.49e-03      4.80132e+00       7.91698e-01       3.46478e+00
  746  1.49e-03      4.82891e+00       1.08999e+00       3.58260e+00
  747  1.49e-03      4.84791e+00       9.49140e-01       3.54832e+00
  748  1.50e-03      4.88425e+00       7.04233e-01       3.49091e+00
  749  1.50e-03      4.86777e+00       9.92136e-01       3.57589e+00
  750  1.50e-03      4.88221e+00       8.04256e-01       3.52289e+00
  751  1.50e-03      4.85693e+00       9.96382e-01       3.57008e+00
  752  1.50e-03      4.86664e+00       1.03892e+00       3.59073e+00
  753  1.51e-03      4.87515e+00       8.31670e-01       3.52732e+00
  754  1.51e-03      4.90242e+00       1.00234e+00       3.60239e+00
  755  1.51e-03      4.89127e+00       9.13539e-01       3.56536e+00
  756  1.51e-03      4.88244e+00       9.00679e-01       3.55519e+00
  757  1.51e-03      4.87858e+00       8.84790e-01       3.54732e+00
  758  1.52e-03      4.88171e+00       8.84026e-01       3.54915e+00
  759  1.52e-03      4.85367e+00       7.98417e-01       3.50192e+00
  760  1.52e-03      4.86275e+00       8.99364e-01       3.54162e+00
  761  1.52e-03      4.85026e+00       9.90857e-01       3.56380e+00
  762  1.52e-03      4.91072e+00       7.71542e-01       3.53100e+00
  763  1.53e-03      4.89214e+00       9.53945e-01       3.57941e+00
  764  1.53e-03      4.88233e+00       1.02643e+00       3.59703e+00
  765  1.53e-03      4.87659e+00       9.62266e-01       3.57182e+00
  766  1.53e-03      4.93102e+00       9.65611e-01       3.60922e+00
  767  1.53e-03      4.89634e+00       9.68990e-01       3.58722e+00
  768  1.54e-03      4.89934e+00       1.04721e+00       3.61529e+00
  769  1.54e-03      4.85892e+00       9.81687e-01       3.56651e+00
  770  1.54e-03      4.90572e+00       9.17849e-01       3.57643e+00
  771  1.54e-03      4.92133e+00       8.81555e-01       3.57474e+00
  772  1.54e-03      4.87434e+00       9.32839e-01       3.56051e+00
  773  1.55e-03      4.86834e+00       1.02165e+00       3.58611e+00
  774  1.55e-03      4.85294e+00       9.48240e-01       3.55137e+00
  775  1.55e-03      4.88508e+00       9.73132e-01       3.58110e+00
  776  1.55e-03      4.88954e+00       1.03173e+00       3.60360e+00
  777  1.55e-03      4.89504e+00       1.01790e+00       3.60266e+00
  778  1.56e-03      4.87736e+00       9.87428e-01       3.58072e+00
  779  1.56e-03      4.92347e+00       9.78430e-01       3.60846e+00
  780  1.56e-03      4.88755e+00       9.50476e-01       3.57519e+00
  781  1.56e-03      4.88508e+00       9.68855e-01       3.57967e+00
  782  1.56e-03      4.85401e+00       1.07460e+00       3.59421e+00
  783  1.57e-03      4.87629e+00       1.00335e+00       3.58531e+00
  784  1.57e-03      4.85604e+00       7.37430e-01       3.48317e+00
  785  1.57e-03      4.86734e+00       1.06011e+00       3.59826e+00
  786  1.57e-03      4.85532e+00       9.10555e-01       3.54040e+00
  787  1.57e-03      4.89040e+00       8.33901e-01       3.53824e+00
  788  1.58e-03      4.87606e+00       1.12290e+00       3.62501e+00
  789  1.58e-03      4.89642e+00       8.68619e-01       3.55382e+00
  790  1.58e-03      4.83960e+00       1.04964e+00       3.57628e+00
  791  1.58e-03      4.84150e+00       1.15782e+00       3.61360e+00
  792  1.58e-03      4.83620e+00       8.93793e-01       3.52206e+00
  793  1.59e-03      4.88369e+00       9.25985e-01       3.56446e+00
  794  1.59e-03      4.87286e+00       9.56081e-01       3.56727e+00
  795  1.59e-03      4.86461e+00       9.64632e-01       3.56462e+00
  796  1.59e-03      4.83168e+00       8.09699e-01       3.49102e+00
  797  1.59e-03      4.83888e+00       1.05126e+00       3.57634e+00
  798  1.60e-03      4.83689e+00       8.46095e-01       3.50663e+00
  799  1.60e-03      4.83063e+00       1.03595e+00       3.56574e+00
  800  1.60e-03      4.80615e+00       1.06405e+00       3.55878e+00
  801  1.60e-03      4.80036e+00       8.24225e-01       3.47498e+00
  802  1.60e-03      4.74817e+00       1.06379e+00       3.52004e+00
  803  1.61e-03      4.80141e+00       8.79021e-01       3.49395e+00
  804  1.61e-03      4.80587e+00       9.80346e-01       3.53070e+00
  805  1.61e-03      4.84647e+00       9.89639e-01       3.56086e+00
  806  1.61e-03      4.86196e+00       9.42156e-01       3.55536e+00
  807  1.61e-03      4.87378e+00       1.06716e+00       3.60491e+00
  808  1.62e-03      4.87585e+00       9.17185e-01       3.55629e+00
  809  1.62e-03      4.87525e+00       1.05931e+00       3.60327e+00
  810  1.62e-03      4.86724e+00       9.02746e-01       3.54574e+00
  811  1.62e-03      4.84822e+00       9.42448e-01       3.54629e+00
  812  1.62e-03      4.83924e+00       9.50663e-01       3.54305e+00
  813  1.63e-03      4.80469e+00       1.04781e+00       3.55240e+00
  814  1.63e-03      4.78300e+00       1.01679e+00       3.52759e+00
  815  1.63e-03      4.78367e+00       7.70090e-01       3.44581e+00
  816  1.63e-03      4.78592e+00       1.08221e+00       3.55135e+00
  817  1.63e-03      4.75941e+00       9.00681e-01       3.47317e+00
  818  1.64e-03      4.74725e+00       9.87279e-01       3.49392e+00
  819  1.64e-03      4.76830e+00       1.05191e+00       3.52950e+00
  820  1.64e-03      4.77556e+00       9.01611e-01       3.48425e+00
  821  1.64e-03      4.79603e+00       9.65772e-01       3.51928e+00
  822  1.64e-03      4.84142e+00       1.13141e+00       3.60475e+00
  823  1.65e-03      4.82778e+00       9.43630e-01       3.53306e+00
  824  1.65e-03      4.82172e+00       1.23897e+00       3.62747e+00
  825  1.65e-03      4.80605e+00       1.04223e+00       3.55145e+00
  826  1.65e-03      4.80914e+00       9.43558e-01       3.52061e+00
  827  1.65e-03      4.78325e+00       1.07164e+00       3.54604e+00
  828  1.66e-03      4.80740e+00       1.13132e+00       3.58204e+00
  829  1.66e-03      4.82770e+00       1.01413e+00       3.55651e+00
  830  1.66e-03      4.85846e+00       1.08622e+00       3.60105e+00
  831  1.66e-03      4.80471e+00       1.19288e+00       3.60077e+00
  832  1.66e-03      4.80643e+00       8.30388e-01       3.48108e+00
  833  1.67e-03      4.83074e+00       1.01083e+00       3.55744e+00
  834  1.67e-03      4.86118e+00       1.10874e+00       3.61037e+00
  835  1.67e-03      4.80100e+00       1.05220e+00       3.55140e+00
  836  1.67e-03      4.74177e+00       1.11719e+00       3.53358e+00
  837  1.67e-03      4.70647e+00       9.46854e-01       3.45326e+00
  838  1.68e-03      4.74073e+00       1.00146e+00       3.49431e+00
  839  1.68e-03      4.70462e+00       1.23907e+00       3.54944e+00
  840  1.68e-03      4.69459e+00       9.56342e-01       3.44851e+00
  841  1.68e-03      4.66084e+00       9.84512e-01       3.43540e+00
  842  1.68e-03      4.69241e+00       1.02541e+00       3.47008e+00
  843  1.69e-03      4.70143e+00       1.08192e+00       3.49493e+00
  844  1.69e-03      4.66447e+00       8.43086e-01       3.39068e+00
  845  1.69e-03      4.63912e+00       1.23149e+00       3.50324e+00
  846  1.69e-03      4.68357e+00       1.04767e+00       3.47160e+00
  847  1.69e-03      4.66417e+00       9.84536e-01       3.43763e+00
  848  1.70e-03      4.66575e+00       1.03126e+00       3.45426e+00
  849  1.70e-03      4.65227e+00       9.69532e-01       3.42469e+00
  850  1.70e-03      4.66271e+00       1.06958e+00       3.46500e+00
  851  1.70e-03      4.65266e+00       1.05215e+00       3.45249e+00
  852  1.70e-03      4.71427e+00       1.02091e+00       3.48315e+00
  853  1.71e-03      4.68181e+00       1.08438e+00       3.48266e+00
  854  1.71e-03      4.70688e+00       1.04247e+00       3.48541e+00
  855  1.71e-03      4.69345e+00       1.07099e+00       3.48596e+00
  856  1.71e-03      4.69028e+00       1.00743e+00       3.46266e+00
  857  1.71e-03      4.71406e+00       9.61651e-01       3.46325e+00
  858  1.72e-03      4.69339e+00       9.66117e-01       3.45096e+00
  859  1.72e-03      4.69376e+00       1.06433e+00       3.48395e+00
  860  1.72e-03      4.73416e+00       1.09145e+00       3.51992e+00
  861  1.72e-03      4.75081e+00       1.00038e+00       3.50067e+00
  862  1.72e-03      4.76402e+00       1.12286e+00       3.55030e+00
  863  1.73e-03      4.75325e+00       9.63171e-01       3.48989e+00
  864  1.73e-03      4.76653e+00       1.05004e+00       3.52770e+00
  865  1.73e-03      4.75624e+00       1.01900e+00       3.51049e+00
  866  1.73e-03      4.75509e+00       8.75832e-01       3.46200e+00
  867  1.73e-03      4.75979e+00       1.14932e+00       3.55630e+00
  868  1.74e-03      4.74665e+00       1.08273e+00       3.52534e+00
  869  1.74e-03      4.76495e+00       8.95580e-01       3.47516e+00
  870  1.74e-03      4.79558e+00       1.22179e+00       3.60432e+00
  871  1.74e-03      4.79948e+00       1.06774e+00       3.55556e+00
  872  1.74e-03      4.79059e+00       1.02461e+00       3.53526e+00
  873  1.75e-03      4.80472e+00       1.13817e+00       3.58253e+00
  874  1.75e-03      4.76821e+00       9.58516e-01       3.49832e+00
  875  1.75e-03      4.75688e+00       8.90567e-01       3.46811e+00
  876  1.75e-03      4.68815e+00       1.25347e+00       3.54325e+00
  877  1.75e-03      4.73746e+00       1.04052e+00       3.50515e+00
  878  1.76e-03      4.72198e+00       9.54926e-01       3.46630e+00
  879  1.76e-03      4.74755e+00       1.16994e+00       3.55501e+00
  880  1.76e-03      4.71559e+00       1.05577e+00       3.49565e+00
  881  1.76e-03      4.70071e+00       9.81012e-01       3.46081e+00
  882  1.76e-03      4.68236e+00       1.22881e+00       3.53118e+00
  883  1.77e-03      4.68739e+00       8.87405e-01       3.42073e+00
  884  1.77e-03      4.68601e+00       1.15302e+00       3.50834e+00
  885  1.77e-03      4.70329e+00       1.27199e+00       3.55952e+00
  886  1.77e-03      4.65564e+00       9.83683e-01       3.43165e+00
  887  1.77e-03      4.66716e+00       1.08582e+00       3.47338e+00
  888  1.78e-03      4.66419e+00       1.03621e+00       3.45486e+00
  889  1.78e-03      4.68196e+00       1.09227e+00       3.48540e+00
  890  1.78e-03      4.69215e+00       1.10936e+00       3.49789e+00
  891  1.78e-03      4.70593e+00       1.05401e+00       3.48862e+00
  892  1.78e-03      4.67098e+00       9.27918e-01       3.42329e+00
  893  1.79e-03      4.62356e+00       9.61883e-01       3.40300e+00
  894  1.79e-03      4.60841e+00       1.22497e+00       3.48060e+00
  895  1.79e-03      4.66136e+00       9.08512e-01       3.41041e+00
  896  1.79e-03      4.61450e+00       1.07534e+00       3.43478e+00
  897  1.79e-03      4.59615e+00       1.06579e+00       3.41937e+00
  898  1.80e-03      4.57838e+00       1.16892e+00       3.44189e+00
  899  1.80e-03      4.55063e+00       1.13201e+00       3.41109e+00
  900  1.80e-03      4.52334e+00       9.58007e-01       3.33490e+00
  901  1.80e-03      4.56120e+00       1.16534e+00       3.42925e+00
  902  1.80e-03      4.50908e+00       1.14371e+00       3.38729e+00
  903  1.81e-03      4.48027e+00       1.06238e+00       3.34097e+00
  904  1.81e-03      4.49810e+00       1.08942e+00       3.36187e+00
  905  1.81e-03      4.52963e+00       9.34202e-01       3.33115e+00
  906  1.81e-03      4.51228e+00       1.06405e+00       3.36287e+00
  907  1.81e-03      4.51608e+00       1.24903e+00       3.42707e+00
  908  1.82e-03      4.51094e+00       1.09042e+00       3.37077e+00
  909  1.82e-03      4.51127e+00       1.17562e+00       3.39939e+00
  910  1.82e-03      4.49602e+00       1.02203e+00       3.33802e+00
  911  1.82e-03      4.50799e+00       1.13699e+00       3.38432e+00
  912  1.82e-03      4.54442e+00       1.03868e+00       3.37584e+00
  913  1.83e-03      4.54024e+00       1.33620e+00       3.47223e+00
  914  1.83e-03      4.52720e+00       9.20378e-01       3.32493e+00
  915  1.83e-03      4.49133e+00       1.02245e+00       3.33504e+00
  916  1.83e-03      4.45484e+00       1.16921e+00       3.35963e+00
  917  1.83e-03      4.46230e+00       9.81234e-01       3.30195e+00
  918  1.84e-03      4.48732e+00       1.10470e+00       3.35978e+00
  919  1.84e-03      4.44851e+00       1.17169e+00       3.35624e+00
  920  1.84e-03      4.46435e+00       1.06463e+00       3.33111e+00
  921  1.84e-03      4.43940e+00       1.24750e+00       3.37543e+00
  922  1.84e-03      4.50072e+00       1.08053e+00       3.36066e+00
  923  1.85e-03      4.45933e+00       1.07580e+00       3.33149e+00
  924  1.85e-03      4.51124e+00       1.25955e+00       3.42734e+00
  925  1.85e-03      4.54649e+00       1.20797e+00       3.43365e+00
  926  1.85e-03      4.57732e+00       9.69178e-01       3.37460e+00
  927  1.85e-03      4.53624e+00       9.98721e-01       3.35707e+00
  928  1.86e-03      4.56250e+00       1.06016e+00       3.39506e+00
  929  1.86e-03      4.55655e+00       9.29601e-01       3.34757e+00
  930  1.86e-03      4.61137e+00       1.21129e+00       3.47801e+00
  931  1.86e-03      4.59541e+00       1.07919e+00       3.42334e+00
  932  1.86e-03      4.62848e+00       1.01999e+00       3.42565e+00
  933  1.87e-03      4.57652e+00       1.37585e+00       3.50963e+00
  934  1.87e-03      4.61450e+00       1.10284e+00       3.44395e+00
  935  1.87e-03      4.59142e+00       1.04839e+00       3.41041e+00
  936  1.87e-03      4.67661e+00       1.09492e+00       3.48271e+00
  937  1.87e-03      4.62902e+00       1.01770e+00       3.42525e+00
  938  1.88e-03      4.65452e+00       1.16659e+00       3.49187e+00
  939  1.88e-03      4.57096e+00       9.54325e-01       3.36542e+00
  940  1.88e-03      4.57107e+00       9.85468e-01       3.37587e+00
  941  1.88e-03      4.55214e+00       9.44631e-01       3.34964e+00
  942  1.88e-03      4.57195e+00       1.24631e+00       3.46340e+00
  943  1.89e-03      4.57859e+00       9.83621e-01       3.38026e+00
  944  1.89e-03      4.61081e+00       9.81770e-01       3.40113e+00
  945  1.89e-03      4.58162e+00       1.07704e+00       3.41343e+00
  946  1.89e-03      4.56811e+00       1.11706e+00       3.41776e+00
  947  1.89e-03      4.54000e+00       1.15718e+00       3.41239e+00
  948  1.90e-03      4.52586e+00       1.04941e+00       3.36704e+00
  949  1.90e-03      4.50065e+00       1.04185e+00       3.34772e+00
  950  1.90e-03      4.52883e+00       1.20787e+00       3.42184e+00
  951  1.90e-03      4.54472e+00       1.06627e+00       3.38524e+00
  952  1.90e-03      4.58717e+00       1.09571e+00       3.42335e+00
  953  1.91e-03      4.57612e+00       8.48884e-01       3.33371e+00
  954  1.91e-03      4.63604e+00       9.23639e-01       3.39857e+00
  955  1.91e-03      4.64131e+00       1.21184e+00       3.49816e+00
  956  1.91e-03      4.66275e+00       1.21475e+00       3.51342e+00
  957  1.91e-03      4.61285e+00       1.08074e+00       3.43548e+00
  958  1.92e-03      4.64159e+00       1.09030e+00       3.45782e+00
  959  1.92e-03      4.60560e+00       1.23676e+00       3.48265e+00
  960  1.92e-03      4.59388e+00       1.29800e+00       3.49525e+00
  961  1.92e-03      4.63143e+00       1.17400e+00       3.47895e+00
  962  1.92e-03      4.62467e+00       1.05860e+00       3.43598e+00
  963  1.93e-03      4.64880e+00       1.10853e+00       3.46871e+00
  964  1.93e-03      4.67230e+00       1.24236e+00       3.52899e+00
  965  1.93e-03      4.62875e+00       1.10900e+00       3.45550e+00
  966  1.93e-03      4.61338e+00       9.15568e-01       3.38077e+00
  967  1.93e-03      4.62688e+00       1.28664e+00       3.51347e+00
  968  1.94e-03      4.61704e+00       1.11059e+00       3.44822e+00
  969  1.94e-03      4.67177e+00       1.22199e+00       3.52184e+00
  970  1.94e-03      4.69448e+00       1.08269e+00       3.49055e+00
  971  1.94e-03      4.67825e+00       1.09148e+00       3.48266e+00
  972  1.94e-03      4.69043e+00       1.10475e+00       3.49520e+00
  973  1.95e-03      4.67566e+00       1.29160e+00       3.54764e+00
  974  1.95e-03      4.65354e+00       1.18370e+00       3.49693e+00
  975  1.95e-03      4.66113e+00       9.90424e-01       3.43756e+00
  976  1.95e-03      4.63424e+00       1.10880e+00       3.45909e+00
  977  1.95e-03      4.64495e+00       1.12407e+00       3.47132e+00
  978  1.96e-03      4.61936e+00       1.16255e+00       3.46709e+00
  979  1.96e-03      4.67889e+00       1.15132e+00       3.50304e+00
  980  1.96e-03      4.62836e+00       1.03289e+00       3.42987e+00
  981  1.96e-03      4.67437e+00       1.12586e+00       3.49153e+00
  982  1.96e-03      4.65354e+00       1.31825e+00       3.54178e+00
  983  1.97e-03      4.68019e+00       1.07642e+00       3.47894e+00
  984  1.97e-03      4.66026e+00       1.11605e+00       3.47885e+00
  985  1.97e-03      4.70933e+00       1.20662e+00       3.54176e+00
  986  1.97e-03      4.68979e+00       1.13498e+00       3.50485e+00
  987  1.97e-03      4.74789e+00       1.20951e+00       3.56843e+00
  988  1.98e-03      4.68873e+00       1.20137e+00       3.52628e+00
  989  1.98e-03      4.67690e+00       1.03576e+00       3.46319e+00
  990  1.98e-03      4.66089e+00       1.14204e+00       3.48794e+00
  991  1.98e-03      4.70313e+00       1.45925e+00       3.62184e+00
  992  1.98e-03      4.67852e+00       9.00000e-01       3.41902e+00
  993  1.99e-03      4.64637e+00       1.10510e+00       3.46594e+00
  994  1.99e-03      4.65928e+00       1.33691e+00       3.55182e+00
  995  1.99e-03      4.68840e+00       1.02459e+00       3.46713e+00
  996  1.99e-03      4.64505e+00       1.38413e+00       3.55808e+00
  997  1.99e-03      4.67963e+00       1.08627e+00       3.48184e+00
  998  2.00e-03      4.64666e+00       1.12614e+00       3.47315e+00
  999  2.00e-03      4.65081e+00       1.34968e+00       3.55043e+00
