Delta = 1.592e+00 gamma
 step      t        T_in_plane/mK   T_out_of_plane/mK   T_tot/mK
    0  0.00e+00      1.88638e-29       0.00000e+00       1.25759e-29
    1  1.00e-06      3.32682e-03       5.32726e-03       3.99363e-03
    2  2.00e-06      6.60529e-03       8.05188e-03       7.08749e-03
    3  3.00e-06      1.14846e-02       1.24823e-02       1.18171e-02
    4  4.00e-06      1.65954e-02       1.75392e-02       1.69100e-02
    5  5.00e-06      2.01475e-02       2.39769e-02       2.14240e-02
    6  6.00e-06      2.19281e-02       3.17796e-02       2.52119e-02
    7  7.00e-06      2.43394e-02       3.37027e-02       2.74605e-02
    8  8.00e-06      2.79840e-02       4.19899e-02       3.26526e-02
    9  9.00e-06      2.92214e-02       4.84672e-02       3.56366e-02
   10  1.00e-05      3.42373e-02       4.95484e-02       3.93410e-02
   11  1.10e-05      3.82154e-02       5.64981e-02       4.43096e-02
   12  1.20e-05      4.35435e-02       6.21107e-02       4.97326e-02
   13  1.30e-05      5.03888e-02       6.29013e-02       5.45596e-02
   14  1.40e-05      5.46460e-02       7.09880e-02       6.00933e-02
   15  1.50e-05      5.79748e-02       6.98094e-02       6.19197e-02
   16  1.60e-05      6.34762e-02       7.41987e-02       6.70503e-02
   17  1.70e-05      6.63166e-02       7.66263e-02       6.97532e-02
   18  1.80e-05      7.02456e-02       6.91638e-02       6.98850e-02
   19  1.90e-05      7.60337e-02       7.00428e-02       7.40367e-02
   20  2.00e-05      7.95775e-02       9.29302e-02       8.40284e-02
   21  2.10e-05      8.40405e-02       9.59259e-02       8.80023e-02
   22  2.20e-05      9.01648e-02       8.23603e-02       8.75633e-02
   23  2.30e-05      8.96254e-02       1.00664e-01       9.33050e-02
   24  2.40e-05      9.15198e-02       1.08613e-01       9.72174e-02
   25  2.50e-05      9.27722e-02       8.32398e-02       8.95948e-02
   26  2.60e-05      9.75307e-02       1.15103e-01       1.03388e-01
   27  2.70e-05      1.03641e-01       1.19299e-01       1.08861e-01
   28  2.80e-05      1.08930e-01       1.19745e-01       1.12535e-01
   29  2.90e-05      1.13554e-01       1.40067e-01       1.22391e-01
   30  3.00e-05      1.14429e-01       1.27146e-01       1.18668e-01
   31  3.10e-05      1.21204e-01       1.26817e-01       1.23075e-01
   32  3.20e-05      1.24861e-01       1.36583e-01       1.28768e-01
   33  3.30e-05      1.29082e-01       1.33859e-01       1.30675e-01
   34  3.40e-05      1.30485e-01       1.34169e-01       1.31713e-01
   35  3.50e-05      1.34458e-01       1.29562e-01       1.32826e-01
   36  3.60e-05      1.37868e-01       1.31686e-01       1.35808e-01
   37  3.70e-05      1.40874e-01       1.45301e-01       1.42350e-01
   38  3.80e-05      1.45360e-01       1.44493e-01       1.45071e-01
   39  3.90e-05      1.50065e-01       1.49928e-01       1.50020e-01
   40  4.00e-05      1.59357e-01       1.53850e-01       1.57521e-01
   41  4.10e-05      1.68591e-01       1.54690e-01       1.63957e-01
   42  4.20e-05      1.76301e-01       1.40457e-01       1.64353e-01
   43  4.30e-05      1.79001e-01       1.74166e-01       1.77389e-01
   44  4.40e-05      1.83104e-01       1.71681e-01       1.79296e-01
   45  4.50e-05      1.92345e-01       1.26254e-01       1.70315e-01
   46  4.60e-05      1.95320e-01       1.66328e-01       1.85656e-01
   47  4.70e-05      2.00001e-01       1.76175e-01       1.92059e-01
   48  4.80e-05      1.97571e-01       1.59393e-01       1.84845e-01
   49  4.90e-05      2.08369e-01       1.68582e-01       1.95107e-01
   50  5.00e-05      2.13869e-01       1.84742e-01       2.04160e-01
   51  5.10e-05      2.14908e-01       1.62612e-01       1.97476e-01
   52  5.20e-05      2.22158e-01       2.10612e-01       2.18309e-01
   53  5.30e-05      2.23742e-01       2.04486e-01       2.17324e-01
   54  5.40e-05      2.27033e-01       1.97563e-01       2.17210e-01
   55  5.50e-05      2.33664e-01       1.78607e-01       2.15312e-01
   56  5.60e-05      2.39901e-01       1.87472e-01       2.22425e-01
   57  5.70e-05      2.37914e-01       1.92894e-01       2.22908e-01
   58  5.80e-05      2.37426e-01       2.06114e-01       2.26989e-01
   59  5.90e-05      2.42664e-01       2.11415e-01       2.32248e-01
   60  6.00e-05      2.43524e-01       1.86794e-01       2.24614e-01
   61  6.10e-05      2.47715e-01       2.22046e-01       2.39158e-01
   62  6.20e-05      2.47848e-01       1.91149e-01       2.28948e-01
   63  6.30e-05      2.47074e-01       2.07896e-01       2.34015e-01
   64  6.40e-05      2.52316e-01       2.20365e-01       2.41666e-01
   65  6.50e-05      2.54333e-01       1.97862e-01       2.35510e-01
   66  6.60e-05      2.61027e-01       1.88934e-01       2.36996e-01
   67  6.70e-05      2.64613e-01       2.22948e-01       2.50725e-01
   68  6.80e-05      2.70435e-01       1.88323e-01       2.43064e-01
   69  6.90e-05      2.70665e-01       2.14266e-01       2.51865e-01
   70  7.00e-05      2.67535e-01       2.08528e-01       2.47866e-01
   71  7.10e-05      2.83669e-01       2.09286e-01       2.58874e-01
   72  7.20e-05      2.93816e-01       2.15751e-01       2.67794e-01
   73  7.30e-05      2.88970e-01       2.04513e-01       2.60818e-01
   74  7.40e-05      2.88031e-01       2.00009e-01       2.58690e-01
   75  7.50e-05      2.87609e-01       2.15966e-01       2.63728e-01
   76  7.60e-05      2.88200e-01       2.32487e-01       2.69629e-01
   77  7.70e-05      2.91120e-01       2.77915e-01       2.86719e-01
   78  7.80e-05      2.89980e-01       2.32047e-01       2.70669e-01
   79  7.90e-05      2.96158e-01       2.31301e-01       2.74539e-01
   80  8.00e-05      2.98741e-01       2.59002e-01       2.85495e-01
   81  8.10e-05      2.98926e-01       2.61153e-01       2.86335e-01
   82  8.20e-05      3.05320e-01       2.36897e-01       2.82512e-01
   83  8.30e-05      3.07739e-01       2.38512e-01       2.84663e-01
   84  8.40e-05      3.09636e-01       2.71539e-01       2.96937e-01
   85  8.50e-05      3.08098e-01       2.25951e-01       2.80715e-01
   86  8.60e-05      3.10051e-01       2.54657e-01       2.91586e-01
   87  8.70e-05      3.13002e-01       2.67432e-01       2.97812e-01
   88  8.80e-05      3.20393e-01       2.33162e-01       2.91316e-01
   89  8.90e-05      3.20139e-01       2.45030e-01       2.95103e-01
   90  9.00e-05      3.22469e-01       2.51351e-01       2.98763e-01
   91  9.10e-05      3.29276e-01       2.34359e-01       2.97637e-01
   92  9.20e-05      3.27566e-01       3.04534e-01       3.19889e-01
   93  9.30e-05      3.25044e-01       2.36263e-01       2.95450e-01
   94  9.40e-05      3.29074e-01       2.54467e-01       3.04205e-01
   95  9.50e-05      3.32517e-01       3.13720e-01       3.26251e-01
   96  9.60e-05      3.36399e-01       2.59885e-01       3.10894e-01
   97  9.70e-05      3.35872e-01       2.81946e-01       3.17897e-01
   98  9.80e-05      3.47077e-01       3.01189e-01       3.31781e-01
   99  9.90e-05      3.50465e-01       2.84299e-01       3.28410e-01
  100  1.00e-04      3.53380e-01       3.11909e-01       3.39556e-01
  101  1.01e-04      3.70358e-01       2.59395e-01       3.33371e-01
  102  1.02e-04      3.71521e-01       2.64920e-01       3.35988e-01
  103  1.03e-04      3.75631e-01       2.96787e-01       3.49350e-01
  104  1.04e-04      3.83318e-01       3.08657e-01       3.58431e-01
  105  1.05e-04      3.91153e-01       2.46294e-01       3.42867e-01
  106  1.06e-04      4.03950e-01       2.98639e-01       3.68846e-01
  107  1.07e-04      4.00141e-01       2.51822e-01       3.50702e-01
  108  1.08e-04      4.02255e-01       2.57226e-01       3.53912e-01
  109  1.09e-04      4.06647e-01       2.97055e-01       3.70117e-01
  110  1.10e-04      4.18769e-01       2.82331e-01       3.73290e-01
  111  1.11e-04      4.27697e-01       2.52253e-01       3.69216e-01
  112  1.12e-04      4.35421e-01       2.69170e-01       3.80004e-01
  113  1.13e-04      4.36212e-01       2.52322e-01       3.74916e-01
  114  1.14e-04      4.31609e-01       2.97103e-01       3.86773e-01
  115  1.15e-04      4.30917e-01       2.95411e-01       3.85748e-01
  116  1.16e-04      4.41906e-01       2.49961e-01       3.77924e-01
  117  1.17e-04      4.42044e-01       2.56875e-01       3.80321e-01
  118  1.18e-04      4.49063e-01       2.38670e-01       3.78932e-01
  119  1.19e-04      4.47285e-01       2.56474e-01       3.83682e-01
  120  1.20e-04      4.48474e-01       2.43757e-01       3.80235e-01
  121  1.21e-04      4.47322e-01       2.77418e-01       3.90688e-01
  122  1.22e-04      4.55425e-01       2.79311e-01       3.96721e-01
  123  1.23e-04      4.66621e-01       2.37690e-01       3.90310e-01
  124  1.24e-04      4.71950e-01       2.58374e-01       4.00758e-01
  125  1.25e-04      4.81231e-01       3.09694e-01       4.24052e-01
  126  1.26e-04      4.86651e-01       3.11709e-01       4.28337e-01
  127  1.27e-04      4.93779e-01       2.65243e-01       4.17600e-01
  128  1.28e-04      4.85792e-01       2.88576e-01       4.20053e-01
  129  1.29e-04      4.80456e-01       3.13947e-01       4.24953e-01
  130  1.30e-04      4.92032e-01       3.06349e-01       4.30138e-01
  131  1.31e-04      4.91691e-01       3.03920e-01       4.29101e-01
  132  1.32e-04      4.93930e-01       3.09916e-01       4.32592e-01
  133  1.33e-04      4.96301e-01       2.92878e-01       4.28493e-01
  134  1.34e-04      4.94024e-01       2.93063e-01       4.27037e-01
  135  1.35e-04      4.97924e-01       2.97772e-01       4.31207e-01
  136  1.36e-04      5.03105e-01       3.31328e-01       4.45846e-01
  137  1.37e-04      5.05962e-01       3.15136e-01       4.42353e-01
  138  1.38e-04      5.09080e-01       2.91577e-01       4.36579e-01
  139  1.39e-04      5.15147e-01       2.81360e-01       4.37218e-01
  140  1.40e-04      5.19114e-01       2.59242e-01       4.32490e-01
  141  1.41e-04      5.15049e-01       2.21200e-01       4.17100e-01
  142  1.42e-04      5.12197e-01       2.84138e-01       4.36178e-01
  143  1.43e-04      5.14451e-01       2.92404e-01       4.40435e-01
  144  1.44e-04      5.09260e-01       2.57231e-01       4.25250e-01
  145  1.45e-04      5.06834e-01       2.45879e-01       4.19849e-01
  146  1.46e-04      5.10369e-01       2.98588e-01       4.39775e-01
  147  1.47e-04      5.15276e-01       2.98063e-01       4.42872e-01
  148  1.48e-04      5.17079e-01       2.88180e-01       4.40779e-01
  149  1.49e-04      5.15451e-01       3.20485e-01       4.50463e-01
  150  1.50e-04      5.22548e-01       2.51706e-01       4.32267e-01
  151  1.51e-04      5.19331e-01       2.84936e-01       4.41200e-01
  152  1.52e-04      5.19786e-01       3.06556e-01       4.48709e-01
  153  1.53e-04      5.18608e-01       2.39742e-01       4.25653e-01
  154  1.54e-04      5.25493e-01       3.16988e-01       4.55991e-01
  155  1.55e-04      5.25157e-01       3.22062e-01       4.57458e-01
  156  1.56e-04      5.23867e-01       2.84968e-01       4.44234e-01
  157  1.57e-04      5.38833e-01       2.94647e-01       4.57438e-01
  158  1.58e-04      5.49612e-01       3.02736e-01       4.67320e-01
  159  1.59e-04      5.62097e-01       2.88950e-01       4.71048e-01
  160  1.60e-04      5.69943e-01       3.14653e-01       4.84846e-01
  161  1.61e-04      5.52520e-01       2.76384e-01       4.60475e-01
  162  1.62e-04      5.53230e-01       2.70894e-01       4.59118e-01
  163  1.63e-04      5.59796e-01       3.00855e-01       4.73482e-01
  164  1.64e-04      5.59611e-01       3.36129e-01       4.85117e-01
  165  1.65e-04      5.59013e-01       2.65845e-01       4.61290e-01
  166  1.66e-04      5.63896e-01       3.12785e-01       4.80192e-01
  167  1.67e-04      5.62079e-01       2.60080e-01       4.61413e-01
  168  1.68e-04      5.67766e-01       2.53332e-01       4.62955e-01
  169  1.69e-04      5.69663e-01       3.16466e-01       4.85264e-01
  170  1.70e-04      5.72317e-01       2.71599e-01       4.72078e-01
  171  1.71e-04      5.64532e-01       2.70946e-01       4.66670e-01
  172  1.72e-04      5.72095e-01       2.94894e-01       4.79695e-01
  173  1.73e-04      5.68003e-01       2.77558e-01       4.71188e-01
  174  1.74e-04      5.68121e-01       2.91927e-01       4.76056e-01
  175  1.75e-04      5.70998e-01       3.10147e-01       4.84048e-01
  176  1.76e-04      5.79602e-01       3.54268e-01       5.04491e-01
  177  1.77e-04      5.81238e-01       2.90973e-01       4.84483e-01
  178  1.78e-04      5.95711e-01       2.38242e-01       4.76555e-01
  179  1.79e-04      5.98312e-01       2.71136e-01       4.89253e-01
  180  1.80e-04      6.02800e-01       3.28644e-01       5.11415e-01
  181  1.81e-04      5.89984e-01       2.76001e-01       4.85323e-01
  182  1.82e-04      5.88317e-01       2.65007e-01       4.80547e-01
  183  1.83e-04      5.91038e-01       2.54524e-01       4.78866e-01
  184  1.84e-04      5.99329e-01       2.91132e-01       4.96597e-01
  185  1.85e-04      5.95055e-01       2.99291e-01       4.96467e-01
  186  1.86e-04      6.03175e-01       2.55548e-01       4.87299e-01
  187  1.87e-04      6.04090e-01       3.01711e-01       5.03297e-01
  188  1.88e-04      6.04205e-01       3.07732e-01       5.05381e-01
  189  1.89e-04      6.06790e-01       2.81856e-01       4.98478e-01
  190  1.90e-04      6.12987e-01       2.88160e-01       5.04712e-01
  191  1.91e-04      6.16031e-01       2.49256e-01       4.93773e-01
  192  1.92e-04      6.17254e-01       2.80457e-01       5.04989e-01
  193  1.93e-04      6.18358e-01       3.05404e-01       5.14040e-01
  194  1.94e-04      6.15547e-01       3.05303e-01       5.12133e-01
  195  1.95e-04      6.25235e-01       2.56847e-01       5.02439e-01
  196  1.96e-04      6.08537e-01       2.75608e-01       4.97560e-01
  197  1.97e-04      6.12147e-01       3.42448e-01       5.22247e-01
  198  1.98e-04      6.15035e-01       3.03423e-01       5.11165e-01
  199  1.99e-04      6.10073e-01       2.37914e-01       4.86020e-01
  200  2.00e-04      6.16292e-01       3.20547e-01       5.17710e-01
  201  2.01e-04      6.14540e-01       2.82093e-01       5.03724e-01
  202  2.02e-04      6.14797e-01       2.93438e-01       5.07677e-01
  203  2.03e-04      6.15868e-01       2.80665e-01       5.04134e-01
  204  2.04e-04      6.09726e-01       3.11164e-01       5.10205e-01
  205  2.05e-04      6.13229e-01       2.45181e-01       4.90546e-01
  206  2.06e-04      6.09709e-01       2.83545e-01       5.00988e-01
  207  2.07e-04      6.07187e-01       2.71716e-01       4.95363e-01
  208  2.08e-04      6.13517e-01       2.60712e-01       4.95915e-01
  209  2.09e-04      6.25593e-01       3.44650e-01       5.31945e-01
  210  2.10e-04      6.35321e-01       3.09055e-01       5.26566e-01
  211  2.11e-04      6.30093e-01       2.61376e-01       5.07188e-01
  212  2.12e-04      6.37334e-01       2.83635e-01       5.19434e-01
  213  2.13e-04      6.45922e-01       3.10801e-01       5.34215e-01
  214  2.14e-04      6.52932e-01       2.79915e-01       5.28593e-01
  215  2.15e-04      6.63696e-01       2.96646e-01       5.41346e-01
  216  2.16e-04      6.63942e-01       2.41015e-01       5.22967e-01
  217  2.17e-04      6.71061e-01       2.83419e-01       5.41847e-01
  218  2.18e-04      6.84146e-01       2.97846e-01       5.55379e-01
  219  2.19e-04      6.79652e-01       2.82248e-01       5.47184e-01
  220  2.20e-04      6.84686e-01       2.84791e-01       5.51388e-01
  221  2.21e-04      6.86596e-01       2.98098e-01       5.57097e-01
  222  2.22e-04      6.82480e-01       3.15466e-01       5.60142e-01
  223  2.23e-04      6.74270e-01       2.56405e-01       5.34982e-01
  224  2.24e-04      6.80911e-01       3.15279e-01       5.59033e-01
  225  2.25e-04      6.75386e-01       3.22995e-01       5.57922e-01
  226  2.26e-04      6.92839e-01       3.18890e-01       5.68189e-01
  227  2.27e-04      6.93476e-01       2.95435e-01       5.60796e-01
  228  2.28e-04      6.87326e-01       2.58534e-01       5.44395e-01
  229  2.29e-04      6.89474e-01       2.83962e-01       5.54303e-01
  230  2.30e-04      6.90594e-01       3.15787e-01       5.65658e-01
  231  2.31e-04      6.91555e-01       3.25676e-01       5.69595e-01
  232  2.32e-04      6.96352e-01       3.31467e-01       5.74724e-01
  233  2.33e-04      6.97223e-01       3.04567e-01       5.66338e-01
  234  2.34e-04      7.05280e-01       3.18077e-01       5.76212e-01
  235  2.35e-04      7.19492e-01       3.40609e-01       5.93197e-01
  236  2.36e-04      7.29401e-01       3.19803e-01       5.92868e-01
  237  2.37e-04      7.29046e-01       3.48538e-01       6.02210e-01
  238  2.38e-04      7.39302e-01       2.94473e-01       5.91026e-01
  239  2.39e-04      7.65694e-01       3.38423e-01       6.23270e-01
  240  2.40e-04      7.60399e-01       2.81018e-01       6.00605e-01
  241  2.41e-04      7.48348e-01       2.98900e-01       5.98532e-01
  242  2.42e-04      7.62527e-01       3.38100e-01       6.21052e-01
  243  2.43e-04      7.70370e-01       3.68030e-01       6.36257e-01
  244  2.44e-04      7.77346e-01       3.01691e-01       6.18794e-01
  245  2.45e-04      7.87540e-01       2.80697e-01       6.18592e-01
  246  2.46e-04      8.01958e-01       2.48618e-01       6.17511e-01
  247  2.47e-04      8.08858e-01       3.48319e-01       6.55345e-01
  248  2.48e-04      8.16512e-01       3.53888e-01       6.62304e-01
  249  2.49e-04      8.31714e-01       2.94384e-01       6.52604e-01
  250  2.50e-04      8.35688e-01       3.14058e-01       6.61811e-01
  251  2.51e-04      8.47136e-01       3.50880e-01       6.81717e-01
  252  2.52e-04      8.66155e-01       2.99762e-01       6.77358e-01
  253  2.53e-04      8.66374e-01       3.03577e-01       6.78775e-01
  254  2.54e-04      8.64836e-01       3.50881e-01       6.93518e-01
  255  2.55e-04      8.64683e-01       3.22487e-01       6.83951e-01
  256  2.56e-04      8.76511e-01       3.00669e-01       6.84564e-01
  257  2.57e-04      8.80622e-01       3.16498e-01       6.92581e-01
  258  2.58e-04      8.98024e-01       2.79489e-01       6.91846e-01
  259  2.59e-04      9.10288e-01       3.19599e-01       7.13392e-01
  260  2.60e-04      9.06546e-01       3.02015e-01       7.05036e-01
  261  2.61e-04      9.03954e-01       3.20002e-01       7.09304e-01
  262  2.62e-04      8.99392e-01       3.05662e-01       7.01482e-01
  263  2.63e-04      9.03062e-01       3.36435e-01       7.14186e-01
  264  2.64e-04      8.98277e-01       3.87665e-01       7.28073e-01
  265  2.65e-04      9.01672e-01       2.70070e-01       6.91138e-01
  266  2.66e-04      9.00386e-01       2.87388e-01       6.96053e-01
  267  2.67e-04      8.97415e-01       3.31591e-01       7.08807e-01
  268  2.68e-04      9.03649e-01       2.94363e-01       7.00554e-01
  269  2.69e-04      8.99442e-01       3.49847e-01       7.16244e-01
  270  2.70e-04      9.16824e-01       3.26543e-01       7.20063e-01
  271  2.71e-04      9.11231e-01       3.47016e-01       7.23160e-01
  272  2.72e-04      9.05734e-01       2.69397e-01       6.93622e-01
  273  2.73e-04      9.12549e-01       2.73907e-01       6.99668e-01
  274  2.74e-04      9.17611e-01       3.05300e-01       7.13507e-01
  275  2.75e-04      9.22942e-01       2.81897e-01       7.09261e-01
  276  2.76e-04      9.23122e-01       3.37489e-01       7.27911e-01
  277  2.77e-04      9.23768e-01       3.09666e-01       7.19067e-01
  278  2.78e-04      9.23335e-01       3.06483e-01       7.17717e-01
  279  2.79e-04      9.38900e-01       3.54685e-01       7.44162e-01
  280  2.80e-04      9.41364e-01       2.84931e-01       7.22553e-01
  281  2.81e-04      9.52691e-01       3.19730e-01       7.41704e-01
  282  2.82e-04      9.55703e-01       3.21643e-01       7.44350e-01
  283  2.83e-04      9.70405e-01       2.49301e-01       7.30037e-01
  284  2.84e-04      9.83262e-01       3.17590e-01       7.61371e-01
  285  2.85e-04      9.81779e-01       3.16775e-01       7.60111e-01
  286  2.86e-04      9.82436e-01       3.24684e-01       7.63185e-01
  287  2.87e-04      9.87662e-01       2.84331e-01       7.53218e-01
  288  2.88e-04      9.88516e-01       2.99301e-01       7.58778e-01
  289  2.89e-04      9.81383e-01       2.81810e-01       7.48192e-01
  290  2.90e-04      9.78646e-01       2.89437e-01       7.48910e-01
  291  2.91e-04      9.83994e-01       3.09360e-01       7.59116e-01
  292  2.92e-04      9.78720e-01       2.87079e-01       7.48173e-01
  293  2.93e-04      9.85227e-01       3.03221e-01       7.57892e-01
  294  2.94e-04      9.99288e-01       2.98953e-01       7.65843e-01
  295  2.95e-04      9.83065e-01       2.86513e-01       7.50881e-01
  296  2.96e-04      9.89619e-01       2.86842e-01       7.55360e-01
  297  2.97e-04      9.98382e-01       3.06115e-01       7.67626e-01
  298  2.98e-04      9.95854e-01       2.90562e-01       7.60757e-01
  299  2.99e-04      1.00400e+00       2.97797e-01       7.68598e-01
  300  3.00e-04      1.02171e+00       3.32597e-01       7.92007e-01
  301  3.01e-04      1.01427e+00       2.89645e-01       7.72731e-01
  302  3.02e-04      1.02308e+00       3.57101e-01       8.01087e-01
  303  3.03e-04      1.02549e+00       3.24412e-01       7.91796e-01
  304  3.04e-04      1.02846e+00       2.77872e-01       7.78261e-01
  305  3.05e-04      1.02173e+00       3.03906e-01       7.82456e-01
  306  3.06e-04      1.02398e+00       2.58823e-01       7.68926e-01
  307  3.07e-04      1.02998e+00       3.18227e-01       7.92730e-01
  308  3.08e-04      1.03945e+00       2.99839e-01       7.92915e-01
  309  3.09e-04      1.04596e+00       2.64510e-01       7.85475e-01
  310  3.10e-04      1.05445e+00       3.23256e-01       8.10721e-01
  311  3.11e-04      1.05840e+00       2.81986e-01       7.99596e-01
  312  3.12e-04      1.07671e+00       3.01281e-01       8.18236e-01
  313  3.13e-04      1.07675e+00       2.91002e-01       8.14834e-01
  314  3.14e-04      1.09071e+00       2.78247e-01       8.19892e-01
  315  3.15e-04      1.09543e+00       3.03066e-01       8.31311e-01
  316  3.16e-04      1.10147e+00       2.54223e-01       8.19055e-01
  317  3.17e-04      1.10018e+00       2.41014e-01       8.13793e-01
  318  3.18e-04      1.09680e+00       2.67530e-01       8.20375e-01
  319  3.19e-04      1.12877e+00       2.69738e-01       8.42425e-01
  320  3.20e-04      1.12067e+00       2.71950e-01       8.37764e-01
  321  3.21e-04      1.13763e+00       2.64952e-01       8.46736e-01
  322  3.22e-04      1.12998e+00       2.30411e-01       8.30126e-01
  323  3.23e-04      1.12932e+00       2.55497e-01       8.38049e-01
  324  3.24e-04      1.14693e+00       2.58265e-01       8.50707e-01
  325  3.25e-04      1.14335e+00       2.87816e-01       8.58175e-01
  326  3.26e-04      1.16111e+00       2.86783e-01       8.69666e-01
  327  3.27e-04      1.17211e+00       2.53199e-01       8.65809e-01
  328  3.28e-04      1.18331e+00       3.17260e-01       8.94627e-01
  329  3.29e-04      1.18724e+00       2.19569e-01       8.64686e-01
  330  3.30e-04      1.19782e+00       2.50980e-01       8.82210e-01
  331  3.31e-04      1.19206e+00       2.92745e-01       8.92289e-01
  332  3.32e-04      1.21095e+00       2.73480e-01       8.98461e-01
  333  3.33e-04      1.21696e+00       2.53924e-01       8.95946e-01
  334  3.34e-04      1.21508e+00       2.78368e-01       9.02840e-01
  335  3.35e-04      1.21739e+00       2.28669e-01       8.87819e-01
  336  3.36e-04      1.22202e+00       2.96127e-01       9.13388e-01
  337  3.37e-04      1.23325e+00       2.62081e-01       9.09530e-01
  338  3.38e-04      1.23291e+00       2.62486e-01       9.09437e-01
  339  3.39e-04      1.23799e+00       2.75617e-01       9.17200e-01
  340  3.40e-04      1.25193e+00       2.59151e-01       9.21006e-01
  341  3.41e-04      1.25383e+00       2.60736e-01       9.22798e-01
  342  3.42e-04      1.25375e+00       2.71902e-01       9.26465e-01
  343  3.43e-04      1.26251e+00       2.75329e-01       9.33449e-01
  344  3.44e-04      1.27533e+00       2.78781e-01       9.43148e-01
  345  3.45e-04      1.28268e+00       3.02466e-01       9.55941e-01
  346  3.46e-04      1.26891e+00       2.71365e-01       9.36392e-01
  347  3.47e-04      1.27526e+00       2.25563e-01       9.25358e-01
  348  3.48e-04      1.28143e+00       2.83155e-01       9.48673e-01
  349  3.49e-04      1.29783e+00       2.41414e-01       9.45694e-01
  350  3.50e-04      1.28957e+00       2.35552e-01       9.38232e-01
  351  3.51e-04      1.30483e+00       2.79450e-01       9.63037e-01
  352  3.52e-04      1.31242e+00       2.97568e-01       9.74136e-01
  353  3.53e-04      1.32090e+00       3.07519e-01       9.83108e-01
  354  3.54e-04      1.32757e+00       2.95141e-01       9.83428e-01
  355  3.55e-04      1.34852e+00       2.88581e-01       9.95208e-01
  356  3.56e-04      1.33899e+00       3.17681e-01       9.98553e-01
  357  3.57e-04      1.34472e+00       2.79082e-01       9.89506e-01
  358  3.58e-04      1.34485e+00       2.94321e-01       9.94672e-01
  359  3.59e-04      1.34907e+00       2.95763e-01       9.97970e-01
  360  3.60e-04      1.35898e+00       2.57671e-01       9.91878e-01
  361  3.61e-04      1.37735e+00       3.08031e-01       1.02091e+00
  362  3.62e-04      1.37515e+00       2.66397e-01       1.00557e+00
  363  3.63e-04      1.38967e+00       2.99212e-01       1.02618e+00
  364  3.64e-04      1.39116e+00       3.14270e-01       1.03220e+00
  365  3.65e-04      1.38615e+00       3.27302e-01       1.03320e+00
  366  3.66e-04      1.39561e+00       2.98693e-01       1.02997e+00
  367  3.67e-04      1.38507e+00       3.11411e-01       1.02718e+00
  368  3.68e-04      1.39191e+00       2.88893e-01       1.02424e+00
  369  3.69e-04      1.39600e+00       3.19054e-01       1.03702e+00
  370  3.70e-04      1.41155e+00       3.18487e-01       1.04720e+00
  371  3.71e-04      1.40774e+00       3.04494e-01       1.03999e+00
  372  3.72e-04      1.40598e+00       2.68047e-01       1.02667e+00
  373  3.73e-04      1.41367e+00       2.76270e-01       1.03454e+00
  374  3.74e-04      1.44365e+00       2.90552e-01       1.05928e+00
  375  3.75e-04      1.45891e+00       2.36353e-01       1.05139e+00
  376  3.76e-04      1.46368e+00       3.20636e-01       1.08267e+00
  377  3.77e-04      1.48577e+00       3.49184e-01       1.10691e+00
  378  3.78e-04      1.48376e+00       3.10630e-01       1.09272e+00
  379  3.79e-04      1.47319e+00       3.10918e-01       1.08577e+00
  380  3.80e-04      1.49825e+00       2.87082e-01       1.09453e+00
  381  3.81e-04      1.49769e+00       3.11262e-01       1.10221e+00
  382  3.82e-04      1.50668e+00       2.89747e-01       1.10104e+00
  383  3.83e-04      1.49827e+00       3.40791e-01       1.11244e+00
  384  3.84e-04      1.49444e+00       2.78742e-01       1.08921e+00
  385  3.85e-04      1.51009e+00       3.60412e-01       1.12686e+00
  386  3.86e-04      1.51711e+00       3.37091e-01       1.12377e+00
  387  3.87e-04      1.52549e+00       2.94870e-01       1.11529e+00
  388  3.88e-04      1.53096e+00       2.90373e-01       1.11743e+00
  389  3.89e-04      1.53657e+00       3.42880e-01       1.13867e+00
  390  3.90e-04      1.53857e+00       2.71202e-01       1.11611e+00
  391  3.91e-04      1.53729e+00       3.18711e-01       1.13109e+00
  392  3.92e-04      1.54160e+00       2.69657e-01       1.11762e+00
  393  3.93e-04      1.56905e+00       2.92566e-01       1.14356e+00
  394  3.94e-04      1.58129e+00       3.22613e-01       1.16173e+00
  395  3.95e-04      1.59215e+00       3.10819e-01       1.16504e+00
  396  3.96e-04      1.58103e+00       2.67939e-01       1.14334e+00
  397  3.97e-04      1.58189e+00       3.20460e-01       1.16141e+00
  398  3.98e-04      1.59075e+00       2.75965e-01       1.15249e+00
  399  3.99e-04      1.61372e+00       2.89055e-01       1.17217e+00
  400  4.00e-04      1.62916e+00       2.65760e-01       1.17469e+00
  401  4.01e-04      1.63806e+00       3.15792e-01       1.19730e+00
  402  4.02e-04      1.64674e+00       2.54255e-01       1.18258e+00
  403  4.03e-04      1.65729e+00       3.08785e-01       1.20779e+00
  404  4.04e-04      1.68173e+00       3.06045e-01       1.22317e+00
  405  4.05e-04      1.69414e+00       2.96911e-01       1.22840e+00
  406  4.06e-04      1.69142e+00       2.47745e-01       1.21020e+00
  407  4.07e-04      1.68491e+00       3.29652e-01       1.23315e+00
  408  4.08e-04      1.68744e+00       2.46571e-01       1.20715e+00
  409  4.09e-04      1.68283e+00       2.97179e-01       1.22094e+00
  410  4.10e-04      1.70285e+00       2.74293e-01       1.22667e+00
  411  4.11e-04      1.71370e+00       3.09392e-01       1.24560e+00
  412  4.12e-04      1.72402e+00       2.69001e-01       1.23902e+00
  413  4.13e-04      1.73283e+00       3.05770e-01       1.25714e+00
  414  4.14e-04      1.73352e+00       3.05771e-01       1.25761e+00
  415  4.15e-04      1.72956e+00       3.26431e-01       1.26185e+00
  416  4.16e-04      1.72896e+00       2.67973e-01       1.24196e+00
  417  4.17e-04      1.72941e+00       3.07520e-01       1.25545e+00
  418  4.18e-04      1.72284e+00       2.68136e-01       1.23794e+00
  419  4.19e-04      1.73187e+00       3.63010e-01       1.27559e+00
  420  4.20e-04      1.73808e+00       3.08773e-01       1.26164e+00
  421  4.21e-04      1.72998e+00       3.24974e-01       1.26164e+00
  422  4.22e-04      1.73315e+00       3.27831e-01       1.26471e+00
  423  4.23e-04      1.72747e+00       3.21378e-01       1.25877e+00
  424  4.24e-04      1.74080e+00       2.53319e-01       1.24497e+00
  425  4.25e-04      1.73498e+00       2.53174e-01       1.24104e+00
  426  4.26e-04      1.74207e+00       2.37545e-01       1.24056e+00
  427  4.27e-04      1.73782e+00       3.06300e-01       1.26065e+00
  428  4.28e-04      1.73809e+00       3.00613e-01       1.25893e+00
  429  4.29e-04      1.76028e+00       2.86400e-01       1.26898e+00
  430  4.30e-04      1.75904e+00       3.10563e-01       1.27621e+00
  431  4.31e-04      1.75774e+00       3.11925e-01       1.27580e+00
  432  4.32e-04      1.75899e+00       2.61778e-01       1.25992e+00
  433  4.33e-04      1.77043e+00       2.52701e-01       1.26452e+00
  434  4.34e-04      1.78226e+00       2.67929e-01       1.27749e+00
  435  4.35e-04      1.77903e+00       2.50276e-01       1.26944e+00
  436  4.36e-04      1.78015e+00       3.03458e-01       1.28792e+00
  437  4.37e-04      1.75264e+00       3.13584e-01       1.27296e+00
  438  4.38e-04      1.77267e+00       2.91261e-01       1.27886e+00
  439  4.39e-04      1.79503e+00       2.78411e-01       1.28949e+00
  440  4.40e-04      1.77927e+00       2.95934e-01       1.28483e+00
  441  4.41e-04      1.77381e+00       2.21232e-01       1.25628e+00
  442  4.42e-04      1.77051e+00       2.54695e-01       1.26524e+00
  443  4.43e-04      1.78025e+00       2.44293e-01       1.26826e+00
  444  4.44e-04      1.78543e+00       2.63203e-01       1.27802e+00
  445  4.45e-04      1.78652e+00       2.62889e-01       1.27865e+00
  446  4.46e-04      1.79618e+00       2.99278e-01       1.29721e+00
  447  4.47e-04      1.80076e+00       2.83555e-01       1.29503e+00
  448  4.48e-04      1.80533e+00       2.91810e-01       1.30083e+00
  449  4.49e-04      1.79238e+00       2.77943e-01       1.28757e+00
  450  4.50e-04      1.79143e+00       2.93253e-01       1.29204e+00
  451  4.51e-04      1.80585e+00       2.64967e-01       1.29223e+00
  452  4.52e-04      1.81546e+00       2.80727e-01       1.30388e+00
  453  4.53e-04      1.81754e+00       2.62881e-01       1.29932e+00
  454  4.54e-04      1.81743e+00       2.91445e-01       1.30877e+00
  455  4.55e-04      1.83524e+00       2.40273e-01       1.30359e+00
  456  4.56e-04      1.82750e+00       2.92911e-01       1.31597e+00
  457  4.57e-04      1.82979e+00       2.68226e-01       1.30927e+00
  458  4.58e-04      1.83666e+00       2.91439e-01       1.32159e+00
  459  4.59e-04      1.83527e+00       2.30470e-01       1.30033e+00
  460  4.60e-04      1.82747e+00       2.77446e-01       1.31079e+00
  461  4.61e-04      1.83485e+00       2.60141e-01       1.30995e+00
  462  4.62e-04      1.83095e+00       2.27840e-01       1.29658e+00
  463  4.63e-04      1.84812e+00       2.08519e-01       1.30158e+00
  464  4.64e-04      1.85061e+00       2.57650e-01       1.31962e+00
  465  4.65e-04      1.84302e+00       2.17440e-01       1.30116e+00
  466  4.66e-04      1.85216e+00       2.56650e-01       1.32033e+00
  467  4.67e-04      1.85625e+00       2.42397e-01       1.31830e+00
  468  4.68e-04      1.84908e+00       2.59032e-01       1.31906e+00
  469  4.69e-04      1.86211e+00       2.44053e-01       1.32276e+00
  470  4.70e-04      1.86573e+00       2.58417e-01       1.32996e+00
  471  4.71e-04      1.86722e+00       2.46762e-01       1.32707e+00
  472  4.72e-04      1.87840e+00       2.75640e-01       1.34415e+00
  473  4.73e-04      1.90749e+00       2.52857e-01       1.35595e+00
  474  4.74e-04      1.88796e+00       2.73797e-01       1.34990e+00
  475  4.75e-04      1.89514e+00       2.62655e-01       1.35098e+00
  476  4.76e-04      1.92066e+00       2.66422e-01       1.36925e+00
  477  4.77e-04      1.91087e+00       2.62830e-01       1.36153e+00
  478  4.78e-04      1.90859e+00       2.52786e-01       1.35665e+00
  479  4.79e-04      1.90677e+00       2.89262e-01       1.36760e+00
  480  4.80e-04      1.89883e+00       2.44611e-01       1.34742e+00
  481  4.81e-04      1.88916e+00       2.85137e-01       1.35449e+00
  482  4.82e-04      1.89382e+00       2.15199e-01       1.33428e+00
  483  4.83e-04      1.90626e+00       2.54728e-01       1.35575e+00
  484  4.84e-04      1.90716e+00       2.84860e-01       1.36639e+00
  485  4.85e-04      1.90458e+00       2.60250e-01       1.35647e+00
  486  4.86e-04      1.91026e+00       2.60891e-01       1.36047e+00
  487  4.87e-04      1.91561e+00       2.72846e-01       1.36802e+00
  488  4.88e-04      1.90751e+00       2.81923e-01       1.36565e+00
  489  4.89e-04      1.90589e+00       2.54589e-01       1.35546e+00
  490  4.90e-04      1.90317e+00       2.62684e-01       1.35634e+00
  491  4.91e-04      1.91510e+00       2.44319e-01       1.35817e+00
  492  4.92e-04      1.91622e+00       2.92897e-01       1.37511e+00
  493  4.93e-04      1.94303e+00       2.58767e-01       1.38161e+00
  494  4.94e-04      1.96394e+00       2.69270e-01       1.39905e+00
  495  4.95e-04      1.96738e+00       2.85782e-01       1.40684e+00
  496  4.96e-04      1.97454e+00       2.99021e-01       1.41603e+00
  497  4.97e-04      1.98893e+00       2.22825e-01       1.40023e+00
  498  4.98e-04      1.98014e+00       2.60726e-01       1.40700e+00
  499  4.99e-04      1.97105e+00       2.59570e-01       1.40056e+00
