Delta = -4.737e-01 gamma
 step      t        T_in_plane/mK   T_out_of_plane/mK   T_tot/mK
    0  0.00e+00      1.88638e-29       0.00000e+00       1.25759e-29
    1  1.00e-05      3.83598e-02       4.48908e-02       4.05368e-02
    2  2.00e-05      6.91845e-02       8.49059e-02       7.44250e-02
    3  3.00e-05      9.95648e-02       9.76815e-02       9.89370e-02
    4  4.00e-05      1.33894e-01       1.31123e-01       1.32970e-01
    5  5.00e-05      1.59096e-01       1.64098e-01       1.60763e-01
    6  6.00e-05      1.86728e-01       1.59767e-01       1.77741e-01
    7  7.00e-05      2.11855e-01       2.26355e-01       2.16688e-01
    8  8.00e-05      2.58502e-01       2.29228e-01       2.48744e-01
    9  9.00e-05      2.83682e-01       1.98241e-01       2.55201e-01
   10  1.00e-04      3.11692e-01       2.20234e-01       2.81206e-01
   11  1.10e-04      3.32764e-01       2.94221e-01       3.19916e-01
   12  1.20e-04      3.45291e-01       3.15213e-01       3.35265e-01
   13  1.30e-04      4.02259e-01       2.65752e-01       3.56757e-01
   14  1.40e-04      4.41238e-01       2.80785e-01       3.87754e-01
   15  1.50e-04      4.61916e-01       3.12998e-01       4.12277e-01
   16  1.60e-04      4.95622e-01       3.01348e-01       4.30864e-01
   17  1.70e-04      5.43791e-01       2.60139e-01       4.49241e-01
   18  1.80e-04      5.80642e-01       2.95490e-01       4.85591e-01
   19  1.90e-04      6.53964e-01       3.46704e-01       5.51544e-01
   20  2.00e-04      7.29676e-01       3.38388e-01       5.99247e-01
   21  2.10e-04      7.96522e-01       3.29851e-01       6.40965e-01
   22  2.20e-04      8.49581e-01       3.38134e-01       6.79099e-01
   23  2.30e-04      8.66690e-01       3.29786e-01       6.87722e-01
   24  2.40e-04      9.33758e-01       2.98770e-01       7.22095e-01
   25  2.50e-04      9.94149e-01       3.45311e-01       7.77870e-01
   26  2.60e-04      1.06305e+00       3.51084e-01       8.25725e-01
   27  2.70e-04      1.11997e+00       3.16372e-01       8.52107e-01
   28  2.80e-04      1.12354e+00       3.31069e-01       8.59382e-01
   29  2.90e-04      1.10922e+00       2.91584e-01       8.36676e-01
   30  3.00e-04      1.15501e+00       2.89254e-01       8.66422e-01
   31  3.10e-04      1.15767e+00       3.49197e-01       8.88177e-01
   32  3.20e-04      1.18026e+00       3.25022e-01       8.95181e-01
   33  3.30e-04      1.22812e+00       2.99413e-01       9.18551e-01
   34  3.40e-04      1.23769e+00       3.25209e-01       9.33527e-01
   35  3.50e-04      1.25287e+00       3.41547e-01       9.49095e-01
   36  3.60e-04      1.26923e+00       3.13683e-01       9.50715e-01
   37  3.70e-04      1.34937e+00       3.47625e-01       1.01545e+00
   38  3.80e-04      1.36274e+00       3.58236e-01       1.02791e+00
   39  3.90e-04      1.37625e+00       2.98448e-01       1.01698e+00
   40  4.00e-04      1.38832e+00       3.19445e-01       1.03203e+00
   41  4.10e-04      1.42981e+00       2.96918e-01       1.05218e+00
   42  4.20e-04      1.48783e+00       3.37041e-01       1.10423e+00
   43  4.30e-04      1.51194e+00       3.48565e-01       1.12415e+00
   44  4.40e-04      1.54492e+00       3.32188e-01       1.14068e+00
   45  4.50e-04      1.58208e+00       3.19844e-01       1.16133e+00
   46  4.60e-04      1.61356e+00       3.03360e-01       1.17683e+00
   47  4.70e-04      1.65050e+00       2.51900e-01       1.18430e+00
   48  4.80e-04      1.69339e+00       3.41739e-01       1.24284e+00
   49  4.90e-04      1.73578e+00       2.42488e-01       1.23802e+00
   50  5.00e-04      1.80236e+00       2.32592e-01       1.27911e+00
   51  5.10e-04      1.81495e+00       2.81824e-01       1.30390e+00
   52  5.20e-04      1.87122e+00       3.15830e-01       1.35276e+00
   53  5.30e-04      1.87505e+00       2.69716e-01       1.33994e+00
   54  5.40e-04      1.94052e+00       2.84592e-01       1.38855e+00
   55  5.50e-04      2.00125e+00       3.51304e-01       1.45127e+00
   56  5.60e-04      1.97173e+00       4.02531e-01       1.44866e+00
   57  5.70e-04      2.02544e+00       3.49917e-01       1.46693e+00
   58  5.80e-04      2.01720e+00       3.51490e-01       1.46196e+00
   59  5.90e-04      2.09528e+00       3.28576e-01       1.50638e+00
   60  6.00e-04      2.16511e+00       3.37750e-01       1.55599e+00
   61  6.10e-04      2.13272e+00       3.30059e-01       1.53184e+00
   62  6.20e-04      2.17037e+00       2.94804e-01       1.54518e+00
   63  6.30e-04      2.18502e+00       3.23335e-01       1.56446e+00
   64  6.40e-04      2.25303e+00       2.74746e-01       1.59360e+00
   65  6.50e-04      2.25900e+00       2.95508e-01       1.60450e+00
   66  6.60e-04      2.31467e+00       2.81349e-01       1.63690e+00
   67  6.70e-04      2.39910e+00       2.66687e-01       1.68829e+00
   68  6.80e-04      2.44631e+00       2.61048e-01       1.71789e+00
   69  6.90e-04      2.42200e+00       2.86892e-01       1.71030e+00
   70  7.00e-04      2.46308e+00       2.94176e-01       1.74011e+00
   71  7.10e-04      2.47008e+00       2.76623e-01       1.73893e+00
   72  7.20e-04      2.54350e+00       2.57682e-01       1.78156e+00
   73  7.30e-04      2.55946e+00       2.34594e-01       1.78450e+00
   74  7.40e-04      2.57693e+00       2.90814e-01       1.81489e+00
   75  7.50e-04      2.59628e+00       3.00698e-01       1.83109e+00
   76  7.60e-04      2.66822e+00       3.14529e-01       1.88366e+00
   77  7.70e-04      2.72056e+00       2.76909e-01       1.90601e+00
   78  7.80e-04      2.70769e+00       2.36364e-01       1.88392e+00
   79  7.90e-04      2.69584e+00       3.05864e-01       1.89918e+00
   80  8.00e-04      2.79031e+00       2.57813e-01       1.94614e+00
   81  8.10e-04      2.78146e+00       3.09361e-01       1.95743e+00
   82  8.20e-04      2.82619e+00       2.07269e-01       1.95321e+00
   83  8.30e-04      2.86937e+00       2.81038e-01       2.00659e+00
   84  8.40e-04      2.88981e+00       3.26889e-01       2.03551e+00
   85  8.50e-04      2.94834e+00       2.96100e-01       2.06426e+00
   86  8.60e-04      3.00389e+00       3.38413e-01       2.11540e+00
   87  8.70e-04      3.04818e+00       3.41066e-01       2.14581e+00
   88  8.80e-04      3.17675e+00       3.41922e-01       2.23181e+00
   89  8.90e-04      3.15417e+00       2.73442e-01       2.19392e+00
   90  9.00e-04      3.18630e+00       2.93934e-01       2.22218e+00
   91  9.10e-04      3.22538e+00       3.35032e-01       2.26193e+00
   92  9.20e-04      3.24711e+00       2.86356e-01       2.26019e+00
   93  9.30e-04      3.29458e+00       3.11997e-01       2.30039e+00
   94  9.40e-04      3.37587e+00       3.00896e-01       2.35088e+00
   95  9.50e-04      3.45268e+00       3.06631e-01       2.40399e+00
   96  9.60e-04      3.51815e+00       3.39842e-01       2.45871e+00
   97  9.70e-04      3.64690e+00       3.03060e-01       2.53228e+00
   98  9.80e-04      3.67831e+00       2.90590e-01       2.54907e+00
   99  9.90e-04      3.72347e+00       3.15861e-01       2.58760e+00
  100  1.00e-03      3.73492e+00       3.21624e-01       2.59716e+00
  101  1.01e-03      3.71912e+00       3.11753e-01       2.58333e+00
  102  1.02e-03      3.70733e+00       2.80073e-01       2.56491e+00
  103  1.03e-03      3.72081e+00       3.52955e-01       2.59819e+00
  104  1.04e-03      3.76552e+00       2.91705e-01       2.60758e+00
  105  1.05e-03      3.81268e+00       2.36253e-01       2.62054e+00
  106  1.06e-03      3.78749e+00       2.98431e-01       2.62447e+00
  107  1.07e-03      3.83214e+00       3.19443e-01       2.66124e+00
  108  1.08e-03      3.83462e+00       3.85453e-01       2.68490e+00
  109  1.09e-03      3.78890e+00       3.14672e-01       2.63082e+00
  110  1.10e-03      3.75176e+00       3.13567e-01       2.60569e+00
  111  1.11e-03      3.79940e+00       2.67445e-01       2.62208e+00
  112  1.12e-03      3.77316e+00       2.90528e-01       2.61229e+00
  113  1.13e-03      3.78413e+00       3.49842e-01       2.63937e+00
  114  1.14e-03      3.72078e+00       3.22473e-01       2.58801e+00
  115  1.15e-03      3.72227e+00       2.63935e-01       2.56949e+00
  116  1.16e-03      3.73318e+00       2.12285e-01       2.55955e+00
  117  1.17e-03      3.78978e+00       2.80013e-01       2.61986e+00
  118  1.18e-03      3.84498e+00       2.46629e-01       2.64553e+00
  119  1.19e-03      3.98602e+00       2.71676e-01       2.74791e+00
  120  1.20e-03      3.96341e+00       3.02545e-01       2.74312e+00
  121  1.21e-03      4.01257e+00       2.35196e-01       2.75345e+00
  122  1.22e-03      4.04123e+00       2.96537e-01       2.79300e+00
  123  1.23e-03      4.01403e+00       3.38632e-01       2.78890e+00
  124  1.24e-03      4.10060e+00       2.59679e-01       2.82029e+00
  125  1.25e-03      4.16002e+00       2.83733e-01       2.86792e+00
  126  1.26e-03      4.28850e+00       3.35855e-01       2.97095e+00
  127  1.27e-03      4.31865e+00       2.69631e-01       2.96898e+00
  128  1.28e-03      4.29789e+00       2.91076e-01       2.96229e+00
  129  1.29e-03      4.31814e+00       3.10790e-01       2.98236e+00
  130  1.30e-03      4.36209e+00       3.30067e-01       3.01808e+00
  131  1.31e-03      4.35332e+00       3.34762e-01       3.01380e+00
  132  1.32e-03      4.40747e+00       3.65030e-01       3.05999e+00
  133  1.33e-03      4.36372e+00       3.76403e-01       3.03462e+00
  134  1.34e-03      4.37496e+00       3.25913e-01       3.02528e+00
  135  1.35e-03      4.40812e+00       3.52533e-01       3.05626e+00
  136  1.36e-03      4.43615e+00       3.77112e-01       3.08314e+00
  137  1.37e-03      4.52365e+00       4.00764e-01       3.14935e+00
  138  1.38e-03      4.71145e+00       3.22449e-01       3.24845e+00
  139  1.39e-03      4.72042e+00       3.72724e-01       3.27119e+00
  140  1.40e-03      4.72687e+00       3.11295e-01       3.25501e+00
  141  1.41e-03      4.83278e+00       2.84925e-01       3.31683e+00
  142  1.42e-03      4.83577e+00       3.77151e-01       3.34956e+00
  143  1.43e-03      4.76199e+00       3.05784e-01       3.27659e+00
  144  1.44e-03      4.82231e+00       2.84337e-01       3.30965e+00
  145  1.45e-03      4.84719e+00       3.74439e-01       3.35627e+00
  146  1.46e-03      4.87687e+00       3.40748e-01       3.36483e+00
  147  1.47e-03      4.83639e+00       3.93109e-01       3.35530e+00
  148  1.48e-03      4.82538e+00       3.61252e-01       3.33734e+00
  149  1.49e-03      4.83782e+00       4.02086e-01       3.35924e+00
  150  1.50e-03      4.79242e+00       3.16793e-01       3.30055e+00
  151  1.51e-03      4.93321e+00       3.94615e-01       3.42034e+00
  152  1.52e-03      4.87781e+00       3.24407e-01       3.36001e+00
  153  1.53e-03      4.96326e+00       3.17558e-01       3.41469e+00
  154  1.54e-03      4.97896e+00       3.34998e-01       3.43097e+00
  155  1.55e-03      4.99201e+00       2.72873e-01       3.41897e+00
  156  1.56e-03      4.95725e+00       3.05345e-01       3.40661e+00
  157  1.57e-03      4.92124e+00       2.86052e-01       3.37618e+00
  158  1.58e-03      4.96289e+00       2.83663e-01       3.40315e+00
  159  1.59e-03      4.94988e+00       3.12240e-01       3.40400e+00
  160  1.60e-03      5.00193e+00       2.65867e-01       3.42324e+00
  161  1.61e-03      4.99974e+00       2.93727e-01       3.43107e+00
  162  1.62e-03      5.02686e+00       2.66868e-01       3.44020e+00
  163  1.63e-03      5.01190e+00       3.20391e-01       3.44807e+00
  164  1.64e-03      5.00857e+00       3.18842e-01       3.44533e+00
  165  1.65e-03      4.99680e+00       3.16637e-01       3.43674e+00
  166  1.66e-03      4.91009e+00       3.35007e-01       3.38506e+00
  167  1.67e-03      5.00681e+00       3.01208e-01       3.43828e+00
  168  1.68e-03      5.01652e+00       2.99021e-01       3.44402e+00
  169  1.69e-03      4.98335e+00       2.97956e-01       3.42155e+00
  170  1.70e-03      4.95523e+00       3.30573e-01       3.41368e+00
  171  1.71e-03      4.95862e+00       3.11638e-01       3.40963e+00
  172  1.72e-03      4.96900e+00       2.50768e-01       3.39626e+00
  173  1.73e-03      5.08488e+00       3.31158e-01       3.50031e+00
  174  1.74e-03      5.17701e+00       2.65712e-01       3.53991e+00
  175  1.75e-03      5.23834e+00       2.77467e-01       3.58471e+00
  176  1.76e-03      5.31334e+00       3.15220e-01       3.64730e+00
  177  1.77e-03      5.36940e+00       2.95437e-01       3.67808e+00
  178  1.78e-03      5.41873e+00       2.84014e-01       3.70716e+00
  179  1.79e-03      5.48938e+00       2.77598e-01       3.75212e+00
  180  1.80e-03      5.57105e+00       3.03687e-01       3.81526e+00
  181  1.81e-03      5.59104e+00       2.97741e-01       3.82661e+00
  182  1.82e-03      5.67525e+00       3.35702e-01       3.89540e+00
  183  1.83e-03      5.70329e+00       2.72274e-01       3.89295e+00
  184  1.84e-03      5.68792e+00       2.52718e-01       3.87618e+00
  185  1.85e-03      5.70243e+00       3.05651e-01       3.90351e+00
  186  1.86e-03      5.69548e+00       2.78123e-01       3.88969e+00
  187  1.87e-03      5.78960e+00       3.17078e-01       3.96543e+00
  188  1.88e-03      5.66884e+00       3.25637e-01       3.88777e+00
  189  1.89e-03      5.79749e+00       3.29087e-01       3.97469e+00
  190  1.90e-03      5.86872e+00       3.40211e-01       4.02588e+00
  191  1.91e-03      5.82094e+00       2.80096e-01       3.97399e+00
  192  1.92e-03      5.88062e+00       2.74828e-01       4.01202e+00
  193  1.93e-03      5.97076e+00       3.13507e-01       4.08501e+00
  194  1.94e-03      6.00380e+00       3.47077e-01       4.11822e+00
  195  1.95e-03      5.98915e+00       3.44250e-01       4.10752e+00
  196  1.96e-03      6.08678e+00       3.02117e-01       4.15856e+00
  197  1.97e-03      5.97517e+00       3.59935e-01       4.10342e+00
  198  1.98e-03      6.08527e+00       3.00795e-01       4.15711e+00
  199  1.99e-03      6.12192e+00       3.43035e-01       4.19562e+00
  200  2.00e-03      6.09528e+00       2.25768e-01       4.13878e+00
  201  2.01e-03      6.10019e+00       3.13103e-01       4.17116e+00
  202  2.02e-03      6.10445e+00       2.95384e-01       4.16809e+00
  203  2.03e-03      6.12787e+00       2.68803e-01       4.17485e+00
  204  2.04e-03      6.22488e+00       2.88406e-01       4.24606e+00
  205  2.05e-03      6.20564e+00       2.42122e-01       4.21780e+00
  206  2.06e-03      6.27026e+00       2.43917e-01       4.26148e+00
  207  2.07e-03      6.23925e+00       2.12508e-01       4.23034e+00
  208  2.08e-03      6.38800e+00       2.78981e-01       4.35166e+00
  209  2.09e-03      6.43831e+00       2.67564e-01       4.38139e+00
  210  2.10e-03      6.52614e+00       2.97219e-01       4.44983e+00
  211  2.11e-03      6.55737e+00       3.32439e-01       4.48239e+00
  212  2.12e-03      6.55978e+00       3.15147e-01       4.47824e+00
  213  2.13e-03      6.65125e+00       2.69352e-01       4.52395e+00
  214  2.14e-03      6.73165e+00       2.93082e-01       4.58546e+00
  215  2.15e-03      6.75563e+00       3.18215e-01       4.60982e+00
  216  2.16e-03      6.66230e+00       2.99783e-01       4.54146e+00
  217  2.17e-03      6.66341e+00       2.65140e-01       4.53065e+00
  218  2.18e-03      6.70723e+00       3.10161e-01       4.57487e+00
  219  2.19e-03      6.74240e+00       2.72372e-01       4.58573e+00
  220  2.20e-03      6.87326e+00       2.91392e-01       4.67930e+00
  221  2.21e-03      6.92073e+00       3.62195e-01       4.73455e+00
  222  2.22e-03      6.94505e+00       3.17561e-01       4.73588e+00
  223  2.23e-03      6.93478e+00       2.74157e-01       4.71457e+00
  224  2.24e-03      6.97341e+00       2.68825e-01       4.73855e+00
  225  2.25e-03      7.04603e+00       2.73767e-01       4.78861e+00
  226  2.26e-03      6.98118e+00       2.80243e-01       4.74753e+00
  227  2.27e-03      7.04686e+00       2.51501e-01       4.78174e+00
  228  2.28e-03      7.03768e+00       2.93682e-01       4.78968e+00
  229  2.29e-03      7.01278e+00       2.83990e-01       4.76985e+00
  230  2.30e-03      7.01423e+00       2.65884e-01       4.76478e+00
  231  2.31e-03      7.01150e+00       2.75204e-01       4.76607e+00
  232  2.32e-03      6.92300e+00       2.92230e-01       4.71274e+00
  233  2.33e-03      6.91775e+00       3.23657e-01       4.71972e+00
  234  2.34e-03      6.94406e+00       3.43018e-01       4.74372e+00
  235  2.35e-03      7.12338e+00       3.27487e-01       4.85808e+00
  236  2.36e-03      7.21060e+00       2.72911e-01       4.89803e+00
  237  2.37e-03      7.21218e+00       3.39759e-01       4.92138e+00
  238  2.38e-03      7.18984e+00       3.34767e-01       4.90481e+00
  239  2.39e-03      7.25569e+00       3.44073e-01       4.95182e+00
  240  2.40e-03      7.19420e+00       3.06981e-01       4.89846e+00
  241  2.41e-03      7.20254e+00       2.78058e-01       4.89438e+00
  242  2.42e-03      7.22257e+00       2.95156e-01       4.91343e+00
  243  2.43e-03      7.28933e+00       3.08353e-01       4.96234e+00
  244  2.44e-03      7.32524e+00       3.12596e-01       4.98770e+00
  245  2.45e-03      7.33687e+00       2.64302e-01       4.97935e+00
  246  2.46e-03      7.38078e+00       2.59652e-01       5.00707e+00
  247  2.47e-03      7.47053e+00       3.09979e-01       5.08368e+00
  248  2.48e-03      7.43878e+00       2.89799e-01       5.05579e+00
  249  2.49e-03      7.44285e+00       2.58385e-01       5.04803e+00
  250  2.50e-03      7.48971e+00       2.73348e-01       5.08426e+00
  251  2.51e-03      7.60705e+00       3.20255e-01       5.17812e+00
  252  2.52e-03      7.57641e+00       2.78930e-01       5.14391e+00
  253  2.53e-03      7.58706e+00       2.64693e-01       5.14627e+00
  254  2.54e-03      7.75423e+00       2.78598e-01       5.26235e+00
  255  2.55e-03      7.70145e+00       2.63057e-01       5.22199e+00
  256  2.56e-03      7.75688e+00       3.03678e-01       5.27248e+00
  257  2.57e-03      7.73486e+00       2.70264e-01       5.24666e+00
  258  2.58e-03      7.76063e+00       2.15245e-01       5.24550e+00
  259  2.59e-03      7.76710e+00       2.62122e-01       5.26544e+00
  260  2.60e-03      7.84523e+00       2.61764e-01       5.31741e+00
  261  2.61e-03      7.87636e+00       2.74683e-01       5.34246e+00
  262  2.62e-03      7.87309e+00       2.83483e-01       5.34322e+00
  263  2.63e-03      7.78920e+00       2.43838e-01       5.27408e+00
  264  2.64e-03      7.87036e+00       2.53270e-01       5.33133e+00
  265  2.65e-03      7.88735e+00       2.53565e-01       5.34275e+00
  266  2.66e-03      7.97187e+00       3.09646e-01       5.41779e+00
  267  2.67e-03      8.09325e+00       3.18867e-01       5.50179e+00
  268  2.68e-03      8.10237e+00       3.07847e-01       5.50419e+00
  269  2.69e-03      8.14854e+00       2.37492e-01       5.51152e+00
  270  2.70e-03      8.24245e+00       2.61930e-01       5.58228e+00
  271  2.71e-03      8.19819e+00       2.70409e-01       5.55560e+00
  272  2.72e-03      8.21798e+00       3.11301e-01       5.58242e+00
  273  2.73e-03      8.24764e+00       3.13715e-01       5.60300e+00
  274  2.74e-03      8.25316e+00       2.80501e-01       5.59561e+00
  275  2.75e-03      8.25819e+00       2.64503e-01       5.59362e+00
  276  2.76e-03      8.18534e+00       4.01885e-01       5.59085e+00
  277  2.77e-03      8.16976e+00       3.20134e-01       5.55322e+00
  278  2.78e-03      8.15439e+00       2.71433e-01       5.52674e+00
  279  2.79e-03      8.21796e+00       3.14282e-01       5.58340e+00
  280  2.80e-03      8.11854e+00       2.65737e-01       5.50094e+00
  281  2.81e-03      8.28653e+00       2.73032e-01       5.61536e+00
  282  2.82e-03      8.22952e+00       2.86316e-01       5.58178e+00
  283  2.83e-03      8.20682e+00       2.65660e-01       5.55977e+00
  284  2.84e-03      8.22227e+00       3.42106e-01       5.59555e+00
  285  2.85e-03      8.30539e+00       3.55755e-01       5.65551e+00
  286  2.86e-03      8.22285e+00       3.22506e-01       5.58940e+00
  287  2.87e-03      8.42172e+00       3.13918e-01       5.71912e+00
  288  2.88e-03      8.43830e+00       2.72339e-01       5.71631e+00
  289  2.89e-03      8.52571e+00       3.66431e-01       5.80595e+00
  290  2.90e-03      8.55868e+00       3.50691e-01       5.82269e+00
  291  2.91e-03      8.59527e+00       2.51904e-01       5.81415e+00
  292  2.92e-03      8.66103e+00       3.46747e-01       5.88960e+00
  293  2.93e-03      8.58078e+00       3.21127e-01       5.82757e+00
  294  2.94e-03      8.60891e+00       3.14807e-01       5.84421e+00
  295  2.95e-03      8.64407e+00       3.72467e-01       5.88687e+00
  296  2.96e-03      8.64631e+00       3.10141e-01       5.86759e+00
  297  2.97e-03      8.62796e+00       3.70496e-01       5.87547e+00
  298  2.98e-03      8.68494e+00       4.10072e-01       5.92665e+00
  299  2.99e-03      8.72480e+00       3.28492e-01       5.92603e+00
  300  3.00e-03      8.83284e+00       3.26190e-01       5.99729e+00
  301  3.01e-03      8.89988e+00       3.57760e-01       6.05251e+00
  302  3.02e-03      8.95727e+00       2.74559e-01       6.06303e+00
  303  3.03e-03      8.94585e+00       2.99125e-01       6.06361e+00
  304  3.04e-03      8.91078e+00       3.01891e-01       6.04115e+00
  305  3.05e-03      8.89131e+00       3.04454e-01       6.02902e+00
  306  3.06e-03      8.88131e+00       3.05309e-01       6.02264e+00
  307  3.07e-03      8.98547e+00       3.15485e-01       6.09548e+00
  308  3.08e-03      9.01346e+00       3.13811e-01       6.11358e+00
  309  3.09e-03      9.08601e+00       3.40007e-01       6.17068e+00
  310  3.10e-03      9.13579e+00       3.36177e-01       6.20259e+00
  311  3.11e-03      9.19416e+00       3.40541e-01       6.24295e+00
  312  3.12e-03      9.37357e+00       3.39015e-01       6.36205e+00
  313  3.13e-03      9.50165e+00       3.42954e-01       6.44875e+00
  314  3.14e-03      9.61083e+00       3.96357e-01       6.53934e+00
  315  3.15e-03      9.68837e+00       3.36908e-01       6.57121e+00
  316  3.16e-03      9.80195e+00       2.97767e-01       6.63389e+00
  317  3.17e-03      9.73858e+00       2.97062e-01       6.59140e+00
  318  3.18e-03      9.88445e+00       2.97489e-01       6.68880e+00
  319  3.19e-03      1.00505e+01       2.64636e-01       6.78856e+00
  320  3.20e-03      9.88593e+00       2.52163e-01       6.67467e+00
  321  3.21e-03      1.00231e+01       2.85025e-01       6.77707e+00
  322  3.22e-03      1.00990e+01       2.78649e-01       6.82554e+00
  323  3.23e-03      1.00405e+01       2.73406e-01       6.78480e+00
  324  3.24e-03      1.00051e+01       2.51850e-01       6.75401e+00
  325  3.25e-03      1.00135e+01       2.68611e-01       6.76520e+00
  326  3.26e-03      1.01832e+01       2.73582e-01       6.88002e+00
  327  3.27e-03      1.03145e+01       2.59891e-01       6.96300e+00
  328  3.28e-03      1.03466e+01       2.62047e-01       6.98510e+00
  329  3.29e-03      1.02595e+01       2.16919e-01       6.91195e+00
  330  3.30e-03      1.02188e+01       2.26958e-01       6.88818e+00
  331  3.31e-03      1.02010e+01       2.66514e-01       6.88949e+00
  332  3.32e-03      1.01888e+01       2.68026e-01       6.88187e+00
  333  3.33e-03      1.02137e+01       2.53259e-01       6.89353e+00
  334  3.34e-03      1.01298e+01       2.87094e-01       6.84893e+00
  335  3.35e-03      1.01145e+01       2.92427e-01       6.84044e+00
  336  3.36e-03      1.01584e+01       2.54926e-01       6.85727e+00
  337  3.37e-03      1.00752e+01       3.07591e-01       6.81935e+00
  338  3.38e-03      1.00949e+01       3.58673e-01       6.84949e+00
  339  3.39e-03      1.00166e+01       3.54173e-01       6.79579e+00
  340  3.40e-03      1.00804e+01       3.49796e-01       6.83686e+00
  341  3.41e-03      1.01582e+01       2.70189e-01       6.86218e+00
  342  3.42e-03      1.01996e+01       2.64582e-01       6.88791e+00
  343  3.43e-03      1.02550e+01       2.87409e-01       6.93245e+00
  344  3.44e-03      1.03517e+01       3.20935e-01       7.00814e+00
  345  3.45e-03      1.03534e+01       3.46064e-01       7.01764e+00
  346  3.46e-03      1.04842e+01       3.06145e-01       7.09150e+00
  347  3.47e-03      1.06117e+01       2.70132e-01       7.16451e+00
  348  3.48e-03      1.08067e+01       3.11331e-01       7.30826e+00
  349  3.49e-03      1.10514e+01       3.36053e-01       7.47959e+00
  350  3.50e-03      1.10601e+01       3.61117e-01       7.49379e+00
  351  3.51e-03      1.10091e+01       3.30149e-01       7.44945e+00
  352  3.52e-03      1.11688e+01       2.91498e-01       7.54303e+00
  353  3.53e-03      1.09713e+01       2.91978e-01       7.41150e+00
  354  3.54e-03      1.11585e+01       3.57478e-01       7.55818e+00
  355  3.55e-03      1.11730e+01       3.48005e-01       7.56468e+00
  356  3.56e-03      1.12104e+01       2.96324e-01       7.57238e+00
  357  3.57e-03      1.12267e+01       3.41057e-01       7.59813e+00
  358  3.58e-03      1.12102e+01       3.06220e-01       7.57554e+00
  359  3.59e-03      1.11227e+01       2.67054e-01       7.50413e+00
  360  3.60e-03      1.11132e+01       3.23952e-01       7.51676e+00
  361  3.61e-03      1.12142e+01       2.83151e-01       7.57049e+00
  362  3.62e-03      1.12947e+01       2.81584e-01       7.62367e+00
  363  3.63e-03      1.13987e+01       2.72790e-01       7.69009e+00
  364  3.64e-03      1.13443e+01       2.72172e-01       7.65359e+00
  365  3.65e-03      1.14807e+01       2.79565e-01       7.74700e+00
  366  3.66e-03      1.14419e+01       2.66875e-01       7.71688e+00
  367  3.67e-03      1.14114e+01       2.81899e-01       7.70156e+00
  368  3.68e-03      1.14313e+01       2.80289e-01       7.71432e+00
  369  3.69e-03      1.14006e+01       2.91948e-01       7.69772e+00
  370  3.70e-03      1.14217e+01       3.66153e-01       7.73651e+00
  371  3.71e-03      1.13946e+01       2.96541e-01       7.69522e+00
  372  3.72e-03      1.12562e+01       2.53227e-01       7.58852e+00
  373  3.73e-03      1.11705e+01       3.14105e-01       7.55173e+00
  374  3.74e-03      1.12786e+01       3.23894e-01       7.62700e+00
  375  3.75e-03      1.12449e+01       2.53277e-01       7.58106e+00
  376  3.76e-03      1.12896e+01       2.94642e-01       7.62461e+00
  377  3.77e-03      1.13026e+01       2.76978e-01       7.62741e+00
  378  3.78e-03      1.13270e+01       2.83586e-01       7.64588e+00
  379  3.79e-03      1.14807e+01       2.56243e-01       7.73924e+00
  380  3.80e-03      1.15946e+01       2.78619e-01       7.82260e+00
  381  3.81e-03      1.17185e+01       2.55163e-01       7.89741e+00
  382  3.82e-03      1.17053e+01       2.86822e-01       7.89912e+00
  383  3.83e-03      1.15431e+01       2.75463e-01       7.78720e+00
  384  3.84e-03      1.16404e+01       2.76384e-01       7.85236e+00
  385  3.85e-03      1.16493e+01       2.71250e-01       7.85661e+00
  386  3.86e-03      1.16641e+01       2.61224e-01       7.86314e+00
  387  3.87e-03      1.16779e+01       2.99947e-01       7.88522e+00
  388  3.88e-03      1.17595e+01       3.61214e-01       7.96009e+00
  389  3.89e-03      1.17960e+01       3.24824e-01       7.97229e+00
  390  3.90e-03      1.17949e+01       3.00231e-01       7.96332e+00
  391  3.91e-03      1.16962e+01       2.78093e-01       7.89016e+00
  392  3.92e-03      1.17277e+01       3.23401e-01       7.92625e+00
  393  3.93e-03      1.17311e+01       2.81426e-01       7.91452e+00
  394  3.94e-03      1.16245e+01       2.51362e-01       7.83347e+00
  395  3.95e-03      1.14939e+01       2.77022e-01       7.75493e+00
  396  3.96e-03      1.14199e+01       2.44978e-01       7.69494e+00
  397  3.97e-03      1.14555e+01       2.95293e-01       7.73543e+00
  398  3.98e-03      1.14547e+01       2.62223e-01       7.72386e+00
  399  3.99e-03      1.16107e+01       3.20030e-01       7.84716e+00
  400  4.00e-03      1.15653e+01       3.33133e-01       7.82125e+00
  401  4.01e-03      1.16864e+01       2.66753e-01       7.87983e+00
  402  4.02e-03      1.15667e+01       2.26641e-01       7.78668e+00
  403  4.03e-03      1.16627e+01       2.20225e-01       7.84853e+00
  404  4.04e-03      1.15319e+01       2.61127e-01       7.77501e+00
  405  4.05e-03      1.16058e+01       2.80287e-01       7.83062e+00
  406  4.06e-03      1.15475e+01       3.00048e-01       7.79833e+00
  407  4.07e-03      1.16739e+01       3.45215e-01       7.89769e+00
  408  4.08e-03      1.17545e+01       3.15385e-01       7.94148e+00
  409  4.09e-03      1.18418e+01       2.08709e-01       7.96410e+00
  410  4.10e-03      1.21124e+01       2.45481e-01       8.15675e+00
  411  4.11e-03      1.21177e+01       2.70653e-01       8.16866e+00
  412  4.12e-03      1.20621e+01       2.67918e-01       8.13069e+00
  413  4.13e-03      1.19453e+01       3.14720e-01       8.06846e+00
  414  4.14e-03      1.19670e+01       2.96539e-01       8.07687e+00
  415  4.15e-03      1.21206e+01       3.06095e-01       8.18241e+00
  416  4.16e-03      1.21035e+01       3.44769e-01       8.18389e+00
  417  4.17e-03      1.21647e+01       3.23435e-01       8.21763e+00
  418  4.18e-03      1.21034e+01       3.06196e-01       8.17102e+00
  419  4.19e-03      1.21950e+01       3.49091e-01       8.24638e+00
  420  4.20e-03      1.21956e+01       3.19737e-01       8.23700e+00
  421  4.21e-03      1.23823e+01       3.33984e-01       8.36618e+00
  422  4.22e-03      1.24607e+01       3.24934e-01       8.41546e+00
  423  4.23e-03      1.25328e+01       2.21567e-01       8.42904e+00
  424  4.24e-03      1.25488e+01       2.76109e-01       8.45793e+00
  425  4.25e-03      1.24703e+01       2.76567e-01       8.40569e+00
  426  4.26e-03      1.25417e+01       2.73229e-01       8.45219e+00
  427  4.27e-03      1.24926e+01       2.92553e-01       8.42594e+00
  428  4.28e-03      1.26218e+01       3.15040e-01       8.51954e+00
  429  4.29e-03      1.26394e+01       2.89736e-01       8.52283e+00
  430  4.30e-03      1.28375e+01       2.90008e-01       8.65500e+00
  431  4.31e-03      1.27726e+01       3.29771e-01       8.62500e+00
  432  4.32e-03      1.28278e+01       2.45853e-01       8.63383e+00
  433  4.33e-03      1.27888e+01       3.14410e-01       8.63066e+00
  434  4.34e-03      1.28863e+01       2.68803e-01       8.68045e+00
  435  4.35e-03      1.29372e+01       2.84342e-01       8.71957e+00
  436  4.36e-03      1.30145e+01       2.98108e-01       8.77573e+00
  437  4.37e-03      1.31555e+01       2.25947e-01       8.84562e+00
  438  4.38e-03      1.29791e+01       2.61332e-01       8.73986e+00
  439  4.39e-03      1.30558e+01       2.60074e-01       8.79056e+00
  440  4.40e-03      1.30025e+01       2.71983e-01       8.75897e+00
  441  4.41e-03      1.32081e+01       2.28352e-01       8.88151e+00
  442  4.42e-03      1.31823e+01       2.66826e-01       8.87713e+00
  443  4.43e-03      1.32337e+01       2.56854e-01       8.90808e+00
  444  4.44e-03      1.32687e+01       3.26959e-01       8.95476e+00
  445  4.45e-03      1.33570e+01       2.71106e-01       8.99503e+00
  446  4.46e-03      1.33138e+01       2.93326e-01       8.97361e+00
  447  4.47e-03      1.33608e+01       2.82405e-01       9.00136e+00
  448  4.48e-03      1.33452e+01       2.99459e-01       8.99665e+00
  449  4.49e-03      1.34051e+01       3.15192e-01       9.04183e+00
  450  4.50e-03      1.32886e+01       2.98227e-01       8.95849e+00
  451  4.51e-03      1.33464e+01       3.12700e-01       9.00183e+00
  452  4.52e-03      1.32596e+01       3.00898e-01       8.94002e+00
  453  4.53e-03      1.32859e+01       3.61017e-01       8.97760e+00
  454  4.54e-03      1.33490e+01       3.73252e-01       9.02373e+00
  455  4.55e-03      1.35057e+01       3.65163e-01       9.12550e+00
  456  4.56e-03      1.35343e+01       3.20847e-01       9.12981e+00
  457  4.57e-03      1.36382e+01       3.68365e-01       9.21492e+00
  458  4.58e-03      1.35732e+01       3.14617e-01       9.15370e+00
  459  4.59e-03      1.36583e+01       2.59709e-01       9.19212e+00
  460  4.60e-03      1.36230e+01       3.36364e-01       9.19409e+00
  461  4.61e-03      1.34976e+01       3.29799e-01       9.10836e+00
  462  4.62e-03      1.34740e+01       3.08950e-01       9.08562e+00
  463  4.63e-03      1.34464e+01       3.14143e-01       9.06895e+00
  464  4.64e-03      1.35136e+01       2.85480e-01       9.10424e+00
  465  4.65e-03      1.35737e+01       2.88681e-01       9.14536e+00
  466  4.66e-03      1.37615e+01       2.66771e-01       9.26328e+00
  467  4.67e-03      1.36572e+01       2.72136e-01       9.19553e+00
  468  4.68e-03      1.38885e+01       3.38862e-01       9.37194e+00
  469  4.69e-03      1.40228e+01       2.96852e-01       9.44748e+00
  470  4.70e-03      1.40126e+01       2.82460e-01       9.43591e+00
  471  4.71e-03      1.40234e+01       2.54431e-01       9.43377e+00
  472  4.72e-03      1.41591e+01       2.53016e-01       9.52375e+00
  473  4.73e-03      1.43115e+01       2.65329e-01       9.62944e+00
  474  4.74e-03      1.43828e+01       2.96020e-01       9.68722e+00
  475  4.75e-03      1.44317e+01       2.60924e-01       9.70813e+00
  476  4.76e-03      1.43666e+01       2.73236e-01       9.66882e+00
  477  4.77e-03      1.42516e+01       3.02950e-01       9.60203e+00
  478  4.78e-03      1.41625e+01       2.76998e-01       9.53399e+00
  479  4.79e-03      1.41569e+01       2.90887e-01       9.53492e+00
  480  4.80e-03      1.42238e+01       2.91686e-01       9.57973e+00
  481  4.81e-03      1.44571e+01       3.13139e-01       9.74245e+00
  482  4.82e-03      1.44640e+01       3.17156e-01       9.74842e+00
  483  4.83e-03      1.45370e+01       3.09497e-01       9.79448e+00
  484  4.84e-03      1.46103e+01       2.96668e-01       9.83908e+00
  485  4.85e-03      1.46197e+01       2.88755e-01       9.84271e+00
  486  4.86e-03      1.47905e+01       3.04036e-01       9.96165e+00
  487  4.87e-03      1.47249e+01       3.34892e-01       9.92826e+00
  488  4.88e-03      1.48741e+01       3.06264e-01       1.00181e+01
  489  4.89e-03      1.48134e+01       2.93597e-01       9.97349e+00
  490  4.90e-03      1.50397e+01       2.81516e-01       1.01203e+01
  491  4.91e-03      1.50385e+01       2.50533e-01       1.01092e+01
  492  4.92e-03      1.49922e+01       2.78139e-01       1.00875e+01
  493  4.93e-03      1.48537e+01       2.73329e-01       9.99355e+00
  494  4.94e-03      1.49370e+01       2.69024e-01       1.00477e+01
  495  4.95e-03      1.50422e+01       2.96239e-01       1.01269e+01
  496  4.96e-03      1.49397e+01       2.55782e-01       1.00451e+01
  497  4.97e-03      1.51131e+01       3.32471e-01       1.01862e+01
  498  4.98e-03      1.49682e+01       2.72172e-01       1.00695e+01
  499  4.99e-03      1.51963e+01       2.42352e-01       1.02117e+01
  500  5.00e-03      1.50831e+01       3.05842e-01       1.01573e+01
  501  5.01e-03      1.51388e+01       2.40830e-01       1.01728e+01
  502  5.02e-03      1.51872e+01       2.70923e-01       1.02151e+01
  503  5.03e-03      1.52784e+01       3.22033e-01       1.02929e+01
  504  5.04e-03      1.54291e+01       2.74873e-01       1.03777e+01
  505  5.05e-03      1.52786e+01       2.66718e-01       1.02746e+01
  506  5.06e-03      1.54440e+01       2.87365e-01       1.03918e+01
  507  5.07e-03      1.54257e+01       3.12050e-01       1.03878e+01
  508  5.08e-03      1.55529e+01       2.76789e-01       1.04608e+01
  509  5.09e-03      1.54306e+01       2.87731e-01       1.03830e+01
  510  5.10e-03      1.55405e+01       2.78835e-01       1.04533e+01
  511  5.11e-03      1.54464e+01       2.52663e-01       1.03818e+01
  512  5.12e-03      1.54080e+01       3.21175e-01       1.03791e+01
  513  5.13e-03      1.54653e+01       2.63401e-01       1.03980e+01
  514  5.14e-03      1.54883e+01       2.48342e-01       1.04083e+01
  515  5.15e-03      1.55764e+01       2.80774e-01       1.04779e+01
  516  5.16e-03      1.54988e+01       2.76033e-01       1.04246e+01
  517  5.17e-03      1.56972e+01       2.94509e-01       1.05630e+01
  518  5.18e-03      1.57500e+01       3.29793e-01       1.06099e+01
  519  5.19e-03      1.57864e+01       3.16649e-01       1.06298e+01
  520  5.20e-03      1.57249e+01       3.11699e-01       1.05871e+01
  521  5.21e-03      1.58535e+01       2.77972e-01       1.06616e+01
  522  5.22e-03      1.58359e+01       3.45339e-01       1.06724e+01
  523  5.23e-03      1.58358e+01       3.17285e-01       1.06629e+01
  524  5.24e-03      1.57587e+01       2.71429e-01       1.05963e+01
  525  5.25e-03      1.55938e+01       2.82892e-01       1.04901e+01
  526  5.26e-03      1.57260e+01       3.12680e-01       1.05883e+01
  527  5.27e-03      1.57302e+01       3.03651e-01       1.05880e+01
  528  5.28e-03      1.58346e+01       2.83188e-01       1.06508e+01
  529  5.29e-03      1.57843e+01       3.05905e-01       1.06248e+01
  530  5.30e-03      1.59969e+01       2.77850e-01       1.07572e+01
  531  5.31e-03      1.59714e+01       2.76081e-01       1.07396e+01
  532  5.32e-03      1.62673e+01       2.81792e-01       1.09388e+01
  533  5.33e-03      1.65046e+01       2.51163e-01       1.10868e+01
  534  5.34e-03      1.63838e+01       2.89520e-01       1.10190e+01
  535  5.35e-03      1.64419e+01       2.82836e-01       1.10556e+01
  536  5.36e-03      1.63278e+01       3.43129e-01       1.09996e+01
  537  5.37e-03      1.63923e+01       3.46977e-01       1.10438e+01
  538  5.38e-03      1.64855e+01       3.28653e-01       1.10999e+01
  539  5.39e-03      1.65876e+01       3.58948e-01       1.11780e+01
  540  5.40e-03      1.65907e+01       3.34700e-01       1.11721e+01
  541  5.41e-03      1.67203e+01       2.91605e-01       1.12441e+01
  542  5.42e-03      1.67830e+01       2.56493e-01       1.12741e+01
  543  5.43e-03      1.65510e+01       2.68679e-01       1.11236e+01
  544  5.44e-03      1.66642e+01       2.70053e-01       1.11995e+01
  545  5.45e-03      1.66012e+01       2.74646e-01       1.11590e+01
  546  5.46e-03      1.66904e+01       3.03040e-01       1.12279e+01
  547  5.47e-03      1.66867e+01       3.41389e-01       1.12382e+01
  548  5.48e-03      1.69102e+01       2.93842e-01       1.13714e+01
  549  5.49e-03      1.68435e+01       2.67104e-01       1.13180e+01
  550  5.50e-03      1.68457e+01       2.66857e-01       1.13194e+01
  551  5.51e-03      1.67316e+01       3.04179e-01       1.12558e+01
  552  5.52e-03      1.67371e+01       2.35740e-01       1.12367e+01
  553  5.53e-03      1.67934e+01       2.91869e-01       1.12929e+01
  554  5.54e-03      1.66906e+01       3.00953e-01       1.12274e+01
  555  5.55e-03      1.68460e+01       3.46598e-01       1.13462e+01
  556  5.56e-03      1.67858e+01       3.11776e-01       1.12944e+01
  557  5.57e-03      1.68676e+01       2.91071e-01       1.13421e+01
  558  5.58e-03      1.67438e+01       3.26170e-01       1.12713e+01
  559  5.59e-03      1.66520e+01       3.02815e-01       1.12023e+01
  560  5.60e-03      1.67048e+01       3.23121e-01       1.12442e+01
  561  5.61e-03      1.66517e+01       3.08764e-01       1.12041e+01
  562  5.62e-03      1.66939e+01       3.72717e-01       1.12535e+01
  563  5.63e-03      1.63954e+01       3.63039e-01       1.10513e+01
  564  5.64e-03      1.65367e+01       3.61779e-01       1.11451e+01
  565  5.65e-03      1.62933e+01       3.22081e-01       1.09695e+01
  566  5.66e-03      1.66141e+01       3.50239e-01       1.11928e+01
  567  5.67e-03      1.65801e+01       3.82056e-01       1.11808e+01
  568  5.68e-03      1.66601e+01       3.05155e-01       1.12084e+01
  569  5.69e-03      1.67468e+01       3.62954e-01       1.12855e+01
  570  5.70e-03      1.68575e+01       3.57553e-01       1.13575e+01
  571  5.71e-03      1.71831e+01       3.15324e-01       1.15605e+01
  572  5.72e-03      1.70573e+01       2.71371e-01       1.14620e+01
  573  5.73e-03      1.72084e+01       3.18055e-01       1.15783e+01
  574  5.74e-03      1.69290e+01       3.18331e-01       1.13921e+01
  575  5.75e-03      1.72046e+01       3.29743e-01       1.15797e+01
  576  5.76e-03      1.70468e+01       2.94738e-01       1.14628e+01
  577  5.77e-03      1.71811e+01       2.91230e-01       1.15511e+01
  578  5.78e-03      1.72277e+01       2.93584e-01       1.15830e+01
  579  5.79e-03      1.72484e+01       2.76439e-01       1.15911e+01
  580  5.80e-03      1.72604e+01       2.91308e-01       1.16041e+01
  581  5.81e-03      1.71142e+01       2.74241e-01       1.15009e+01
  582  5.82e-03      1.71554e+01       2.96013e-01       1.15356e+01
  583  5.83e-03      1.70446e+01       2.92982e-01       1.14608e+01
  584  5.84e-03      1.71593e+01       2.65451e-01       1.15280e+01
  585  5.85e-03      1.72197e+01       3.73879e-01       1.16044e+01
  586  5.86e-03      1.74685e+01       2.68201e-01       1.17351e+01
  587  5.87e-03      1.73352e+01       2.57699e-01       1.16427e+01
  588  5.88e-03      1.73626e+01       3.48774e-01       1.16913e+01
  589  5.89e-03      1.75024e+01       3.09815e-01       1.17716e+01
  590  5.90e-03      1.77300e+01       3.71688e-01       1.19439e+01
  591  5.91e-03      1.78774e+01       3.55827e-01       1.20369e+01
  592  5.92e-03      1.76860e+01       2.67194e-01       1.18798e+01
  593  5.93e-03      1.77121e+01       3.16039e-01       1.19134e+01
  594  5.94e-03      1.75139e+01       3.50530e-01       1.17928e+01
  595  5.95e-03      1.76260e+01       2.80873e-01       1.18443e+01
  596  5.96e-03      1.75748e+01       2.53282e-01       1.18010e+01
  597  5.97e-03      1.76710e+01       3.02919e-01       1.18816e+01
  598  5.98e-03      1.76919e+01       2.78481e-01       1.18874e+01
  599  5.99e-03      1.74726e+01       2.39478e-01       1.17282e+01
  600  6.00e-03      1.76937e+01       3.26323e-01       1.19046e+01
  601  6.01e-03      1.74436e+01       2.81657e-01       1.17230e+01
  602  6.02e-03      1.76808e+01       3.27706e-01       1.18964e+01
  603  6.03e-03      1.75461e+01       3.68715e-01       1.18203e+01
  604  6.04e-03      1.77329e+01       3.17012e-01       1.19276e+01
  605  6.05e-03      1.78396e+01       2.99064e-01       1.19927e+01
  606  6.06e-03      1.81170e+01       2.76515e-01       1.21702e+01
  607  6.07e-03      1.81514e+01       3.00238e-01       1.22010e+01
  608  6.08e-03      1.82122e+01       3.49574e-01       1.22580e+01
  609  6.09e-03      1.81492e+01       3.44036e-01       1.22141e+01
  610  6.10e-03      1.81441e+01       2.88665e-01       1.21923e+01
  611  6.11e-03      1.82466e+01       3.07075e-01       1.22668e+01
  612  6.12e-03      1.79807e+01       2.33456e-01       1.20650e+01
  613  6.13e-03      1.83040e+01       3.52940e-01       1.23203e+01
  614  6.14e-03      1.83369e+01       3.28598e-01       1.23341e+01
  615  6.15e-03      1.84139e+01       2.79130e-01       1.23690e+01
  616  6.16e-03      1.85198e+01       3.12454e-01       1.24507e+01
  617  6.17e-03      1.85358e+01       3.22113e-01       1.24646e+01
  618  6.18e-03      1.87018e+01       3.06915e-01       1.25702e+01
  619  6.19e-03      1.87069e+01       3.17104e-01       1.25770e+01
  620  6.20e-03      1.88617e+01       3.21438e-01       1.26816e+01
  621  6.21e-03      1.87922e+01       2.99884e-01       1.26281e+01
  622  6.22e-03      1.89989e+01       3.47376e-01       1.27817e+01
  623  6.23e-03      1.88353e+01       3.04060e-01       1.26582e+01
  624  6.24e-03      1.89888e+01       2.89034e-01       1.27556e+01
  625  6.25e-03      1.89064e+01       2.34228e-01       1.26824e+01
  626  6.26e-03      1.90571e+01       3.12012e-01       1.28087e+01
  627  6.27e-03      1.91463e+01       2.86571e-01       1.28597e+01
  628  6.28e-03      1.91301e+01       2.66046e-01       1.28421e+01
  629  6.29e-03      1.93257e+01       3.68098e-01       1.30065e+01
  630  6.30e-03      1.90635e+01       2.89281e-01       1.28054e+01
  631  6.31e-03      1.92779e+01       2.65338e-01       1.29404e+01
  632  6.32e-03      1.95024e+01       2.88752e-01       1.30978e+01
  633  6.33e-03      1.95974e+01       2.73575e-01       1.31561e+01
  634  6.34e-03      1.95349e+01       3.08663e-01       1.31262e+01
  635  6.35e-03      1.94664e+01       3.06896e-01       1.30799e+01
  636  6.36e-03      1.95364e+01       2.80023e-01       1.31176e+01
  637  6.37e-03      1.93971e+01       2.98023e-01       1.30307e+01
  638  6.38e-03      1.96931e+01       2.47503e-01       1.32112e+01
  639  6.39e-03      1.95586e+01       2.80491e-01       1.31325e+01
  640  6.40e-03      1.97282e+01       2.44156e-01       1.32335e+01
  641  6.41e-03      1.95398e+01       2.95392e-01       1.31250e+01
  642  6.42e-03      1.97260e+01       2.56931e-01       1.32363e+01
  643  6.43e-03      1.96899e+01       3.00095e-01       1.32266e+01
  644  6.44e-03      1.96427e+01       2.56604e-01       1.31807e+01
  645  6.45e-03      1.96733e+01       3.22242e-01       1.32229e+01
  646  6.46e-03      1.96730e+01       2.99250e-01       1.32151e+01
  647  6.47e-03      1.97757e+01       2.84376e-01       1.32786e+01
  648  6.48e-03      1.93933e+01       3.77332e-01       1.30546e+01
  649  6.49e-03      1.97412e+01       2.97198e-01       1.32599e+01
  650  6.50e-03      1.97223e+01       2.59343e-01       1.32346e+01
  651  6.51e-03      1.99468e+01       3.36286e-01       1.34099e+01
  652  6.52e-03      1.98848e+01       3.07879e-01       1.33591e+01
  653  6.53e-03      1.99798e+01       2.57931e-01       1.34058e+01
  654  6.54e-03      1.99649e+01       3.55250e-01       1.34283e+01
  655  6.55e-03      1.97812e+01       3.10418e-01       1.32909e+01
  656  6.56e-03      1.99230e+01       3.72768e-01       1.34063e+01
  657  6.57e-03      1.98127e+01       3.44353e-01       1.33233e+01
  658  6.58e-03      2.00845e+01       3.51008e-01       1.35067e+01
  659  6.59e-03      2.00928e+01       3.75610e-01       1.35204e+01
  660  6.60e-03      2.03294e+01       3.25645e-01       1.36615e+01
  661  6.61e-03      2.02054e+01       2.94423e-01       1.35684e+01
  662  6.62e-03      2.02243e+01       3.19999e-01       1.35895e+01
  663  6.63e-03      2.03612e+01       2.92406e-01       1.36716e+01
  664  6.64e-03      2.02091e+01       2.50800e-01       1.35564e+01
  665  6.65e-03      2.02743e+01       3.26306e-01       1.36250e+01
  666  6.66e-03      2.00532e+01       3.03046e-01       1.34698e+01
  667  6.67e-03      2.03803e+01       3.02415e-01       1.36877e+01
  668  6.68e-03      2.03004e+01       2.98465e-01       1.36331e+01
  669  6.69e-03      2.04846e+01       3.41098e-01       1.37701e+01
  670  6.70e-03      2.02987e+01       3.07120e-01       1.36348e+01
  671  6.71e-03      2.04415e+01       3.09304e-01       1.37307e+01
  672  6.72e-03      2.05684e+01       2.83058e-01       1.38066e+01
  673  6.73e-03      2.04250e+01       2.30297e-01       1.36934e+01
  674  6.74e-03      2.06738e+01       2.40846e-01       1.38628e+01
  675  6.75e-03      2.05443e+01       2.84802e-01       1.37911e+01
  676  6.76e-03      2.07096e+01       3.28322e-01       1.39158e+01
  677  6.77e-03      2.07824e+01       2.90581e-01       1.39518e+01
  678  6.78e-03      2.10038e+01       2.92007e-01       1.40999e+01
  679  6.79e-03      2.09049e+01       3.33080e-01       1.40476e+01
  680  6.80e-03      2.10100e+01       3.55546e-01       1.41252e+01
  681  6.81e-03      2.09522e+01       2.85221e-01       1.40632e+01
  682  6.82e-03      2.09332e+01       2.79575e-01       1.40487e+01
  683  6.83e-03      2.10943e+01       2.49345e-01       1.41460e+01
  684  6.84e-03      2.10784e+01       2.64026e-01       1.41403e+01
  685  6.85e-03      2.17151e+01       2.62800e-01       1.45643e+01
  686  6.86e-03      2.14858e+01       2.83792e-01       1.44185e+01
  687  6.87e-03      2.15934e+01       2.98644e-01       1.44951e+01
  688  6.88e-03      2.14028e+01       2.88977e-01       1.43649e+01
  689  6.89e-03      2.15198e+01       2.80320e-01       1.44400e+01
  690  6.90e-03      2.16048e+01       2.71925e-01       1.44938e+01
  691  6.91e-03      2.15859e+01       2.76124e-01       1.44826e+01
  692  6.92e-03      2.17717e+01       3.00841e-01       1.46147e+01
  693  6.93e-03      2.17686e+01       2.76126e-01       1.46045e+01
  694  6.94e-03      2.17733e+01       2.40167e-01       1.45956e+01
  695  6.95e-03      2.14585e+01       2.78072e-01       1.43984e+01
  696  6.96e-03      2.17201e+01       2.10285e-01       1.45502e+01
  697  6.97e-03      2.15521e+01       2.24379e-01       1.44429e+01
  698  6.98e-03      2.20481e+01       2.50567e-01       1.47822e+01
  699  6.99e-03      2.19546e+01       2.61580e-01       1.47236e+01
  700  7.00e-03      2.20653e+01       2.50278e-01       1.47936e+01
  701  7.01e-03      2.20877e+01       2.72824e-01       1.48161e+01
  702  7.02e-03      2.18903e+01       2.73930e-01       1.46849e+01
  703  7.03e-03      2.20156e+01       3.24398e-01       1.47852e+01
  704  7.04e-03      2.16549e+01       3.27041e-01       1.45456e+01
  705  7.05e-03      2.20797e+01       3.35028e-01       1.48315e+01
  706  7.06e-03      2.15754e+01       3.71425e-01       1.45074e+01
  707  7.07e-03      2.17647e+01       3.90381e-01       1.46399e+01
  708  7.08e-03      2.17296e+01       3.35221e-01       1.45981e+01
  709  7.09e-03      2.20825e+01       3.11460e-01       1.48255e+01
  710  7.10e-03      2.22431e+01       3.33419e-01       1.49399e+01
  711  7.11e-03      2.22523e+01       2.95019e-01       1.49332e+01
  712  7.12e-03      2.24624e+01       2.47113e-01       1.50573e+01
  713  7.13e-03      2.22261e+01       3.30017e-01       1.49274e+01
  714  7.14e-03      2.24929e+01       2.84544e-01       1.50901e+01
  715  7.15e-03      2.21356e+01       3.32197e-01       1.48678e+01
  716  7.16e-03      2.23155e+01       3.96352e-01       1.50091e+01
  717  7.17e-03      2.21824e+01       2.98059e-01       1.48876e+01
  718  7.18e-03      2.21635e+01       3.69363e-01       1.48988e+01
  719  7.19e-03      2.21913e+01       3.40371e-01       1.49076e+01
  720  7.20e-03      2.23067e+01       3.29440e-01       1.49809e+01
  721  7.21e-03      2.23574e+01       4.14977e-01       1.50433e+01
  722  7.22e-03      2.21905e+01       3.25889e-01       1.49023e+01
  723  7.23e-03      2.24708e+01       2.97433e-01       1.50797e+01
  724  7.24e-03      2.23618e+01       2.89682e-01       1.50044e+01
  725  7.25e-03      2.26794e+01       3.87183e-01       1.52487e+01
  726  7.26e-03      2.25840e+01       3.25323e-01       1.51644e+01
  727  7.27e-03      2.25553e+01       3.19580e-01       1.51434e+01
  728  7.28e-03      2.26445e+01       2.98664e-01       1.51959e+01
  729  7.29e-03      2.24156e+01       3.77463e-01       1.50695e+01
  730  7.30e-03      2.26595e+01       3.04053e-01       1.52077e+01
  731  7.31e-03      2.24247e+01       2.29791e-01       1.50264e+01
  732  7.32e-03      2.27485e+01       2.97868e-01       1.52649e+01
  733  7.33e-03      2.25864e+01       2.48721e-01       1.51405e+01
  734  7.34e-03      2.28664e+01       2.67837e-01       1.53335e+01
  735  7.35e-03      2.27624e+01       2.97811e-01       1.52742e+01
  736  7.36e-03      2.30988e+01       2.76140e-01       1.54912e+01
  737  7.37e-03      2.30698e+01       2.72070e-01       1.54706e+01
  738  7.38e-03      2.29311e+01       2.87866e-01       1.53834e+01
  739  7.39e-03      2.31296e+01       2.62279e-01       1.55072e+01
  740  7.40e-03      2.28448e+01       3.36056e-01       1.53419e+01
  741  7.41e-03      2.29878e+01       2.73041e-01       1.54162e+01
  742  7.42e-03      2.29354e+01       2.45317e-01       1.53721e+01
  743  7.43e-03      2.31520e+01       2.36490e-01       1.55135e+01
  744  7.44e-03      2.30077e+01       2.43778e-01       1.54197e+01
  745  7.45e-03      2.31372e+01       2.87235e-01       1.55205e+01
  746  7.46e-03      2.29855e+01       2.82873e-01       1.54180e+01
  747  7.47e-03      2.31598e+01       2.76451e-01       1.55320e+01
  748  7.48e-03      2.34550e+01       2.89996e-01       1.57333e+01
  749  7.49e-03      2.35733e+01       3.21639e-01       1.58228e+01
  750  7.50e-03      2.38268e+01       3.03976e-01       1.59858e+01
  751  7.51e-03      2.38613e+01       2.81968e-01       1.60015e+01
  752  7.52e-03      2.41602e+01       3.14223e-01       1.62115e+01
  753  7.53e-03      2.39038e+01       2.78058e-01       1.60285e+01
  754  7.54e-03      2.40708e+01       2.75690e-01       1.61391e+01
  755  7.55e-03      2.39707e+01       2.85457e-01       1.60756e+01
  756  7.56e-03      2.42405e+01       2.43840e-01       1.62416e+01
  757  7.57e-03      2.42961e+01       2.25920e-01       1.62727e+01
  758  7.58e-03      2.42261e+01       2.45787e-01       1.62327e+01
  759  7.59e-03      2.44383e+01       2.93434e-01       1.63900e+01
  760  7.60e-03      2.43392e+01       2.93543e-01       1.63240e+01
  761  7.61e-03      2.45068e+01       2.59530e-01       1.64244e+01
  762  7.62e-03      2.43021e+01       2.94156e-01       1.62994e+01
  763  7.63e-03      2.45087e+01       2.70604e-01       1.64293e+01
  764  7.64e-03      2.43416e+01       2.64461e-01       1.63159e+01
  765  7.65e-03      2.43970e+01       3.21523e-01       1.63719e+01
  766  7.66e-03      2.45324e+01       3.19122e-01       1.64613e+01
  767  7.67e-03      2.47050e+01       2.55236e-01       1.65551e+01
  768  7.68e-03      2.48950e+01       2.56757e-01       1.66822e+01
  769  7.69e-03      2.46758e+01       3.07699e-01       1.65531e+01
  770  7.70e-03      2.48604e+01       3.05874e-01       1.66756e+01
  771  7.71e-03      2.49762e+01       3.14902e-01       1.67558e+01
  772  7.72e-03      2.53942e+01       3.25714e-01       1.70380e+01
  773  7.73e-03      2.53363e+01       3.11614e-01       1.69948e+01
  774  7.74e-03      2.54281e+01       2.74593e-01       1.70436e+01
  775  7.75e-03      2.54829e+01       3.20633e-01       1.70955e+01
  776  7.76e-03      2.54510e+01       2.64014e-01       1.70553e+01
  777  7.77e-03      2.57023e+01       2.76483e-01       1.72270e+01
  778  7.78e-03      2.54477e+01       2.67904e-01       1.70544e+01
  779  7.79e-03      2.54678e+01       2.34500e-01       1.70567e+01
  780  7.80e-03      2.52853e+01       3.00424e-01       1.69570e+01
  781  7.81e-03      2.57705e+01       2.57495e-01       1.72662e+01
  782  7.82e-03      2.57387e+01       3.15811e-01       1.72644e+01
  783  7.83e-03      2.56302e+01       2.42723e-01       1.71677e+01
  784  7.84e-03      2.55342e+01       3.80159e-01       1.71496e+01
  785  7.85e-03      2.55907e+01       3.43648e-01       1.71750e+01
  786  7.86e-03      2.56295e+01       3.22280e-01       1.71938e+01
  787  7.87e-03      2.55666e+01       2.61926e-01       1.71317e+01
  788  7.88e-03      2.58067e+01       2.71379e-01       1.72949e+01
  789  7.89e-03      2.56144e+01       3.67453e-01       1.71988e+01
  790  7.90e-03      2.59829e+01       2.72988e-01       1.74129e+01
  791  7.91e-03      2.58408e+01       2.95203e-01       1.73256e+01
  792  7.92e-03      2.59063e+01       3.01746e-01       1.73715e+01
  793  7.93e-03      2.59484e+01       3.10439e-01       1.74024e+01
  794  7.94e-03      2.59764e+01       2.61680e-01       1.74049e+01
  795  7.95e-03      2.62447e+01       3.41442e-01       1.76103e+01
  796  7.96e-03      2.63673e+01       2.99393e-01       1.76780e+01
  797  7.97e-03      2.66399e+01       2.88514e-01       1.78561e+01
  798  7.98e-03      2.64539e+01       2.73729e-01       1.77272e+01
  799  7.99e-03      2.66920e+01       3.17163e-01       1.79004e+01
  800  8.00e-03      2.64946e+01       2.48453e-01       1.77459e+01
  801  8.01e-03      2.65559e+01       2.27647e-01       1.77798e+01
  802  8.02e-03      2.65789e+01       2.72184e-01       1.78100e+01
  803  8.03e-03      2.66301e+01       2.56913e-01       1.78390e+01
  804  8.04e-03      2.66723e+01       2.72556e-01       1.78724e+01
  805  8.05e-03      2.63257e+01       3.00017e-01       1.76505e+01
  806  8.06e-03      2.66905e+01       2.38706e-01       1.78733e+01
  807  8.07e-03      2.63935e+01       2.73595e-01       1.76869e+01
  808  8.08e-03      2.67330e+01       2.96581e-01       1.79209e+01
  809  8.09e-03      2.65266e+01       3.28509e-01       1.77939e+01
  810  8.10e-03      2.68894e+01       2.68063e-01       1.80156e+01
  811  8.11e-03      2.69291e+01       2.83321e-01       1.80472e+01
  812  8.12e-03      2.69106e+01       2.92690e-01       1.80380e+01
  813  8.13e-03      2.71369e+01       3.09791e-01       1.81945e+01
  814  8.14e-03      2.69793e+01       3.17321e-01       1.80920e+01
  815  8.15e-03      2.73485e+01       2.38969e-01       1.83120e+01
  816  8.16e-03      2.70068e+01       2.88047e-01       1.81006e+01
  817  8.17e-03      2.73616e+01       2.50261e-01       1.83245e+01
  818  8.18e-03      2.70922e+01       2.75703e-01       1.81534e+01
  819  8.19e-03      2.72818e+01       2.92732e-01       1.82854e+01
  820  8.20e-03      2.71828e+01       2.97496e-01       1.82210e+01
  821  8.21e-03      2.73331e+01       3.45262e-01       1.83371e+01
  822  8.22e-03      2.72249e+01       3.06742e-01       1.82522e+01
  823  8.23e-03      2.72470e+01       3.28721e-01       1.82742e+01
  824  8.24e-03      2.70961e+01       2.61836e-01       1.81513e+01
  825  8.25e-03      2.68495e+01       2.55320e-01       1.79848e+01
  826  8.26e-03      2.72921e+01       3.04255e-01       1.82962e+01
  827  8.27e-03      2.72535e+01       3.44552e-01       1.82839e+01
  828  8.28e-03      2.75959e+01       3.32222e-01       1.85080e+01
  829  8.29e-03      2.72411e+01       2.86957e-01       1.82564e+01
  830  8.30e-03      2.75325e+01       2.67455e-01       1.84442e+01
  831  8.31e-03      2.75012e+01       3.12487e-01       1.84383e+01
  832  8.32e-03      2.75427e+01       2.89544e-01       1.84583e+01
  833  8.33e-03      2.75579e+01       2.63193e-01       1.84596e+01
  834  8.34e-03      2.74269e+01       2.78031e-01       1.83773e+01
  835  8.35e-03      2.77109e+01       3.40526e-01       1.85874e+01
  836  8.36e-03      2.76273e+01       2.52134e-01       1.85022e+01
  837  8.37e-03      2.78638e+01       2.56850e-01       1.86615e+01
  838  8.38e-03      2.75783e+01       2.92477e-01       1.84830e+01
  839  8.39e-03      2.77296e+01       2.89007e-01       1.85827e+01
  840  8.40e-03      2.75901e+01       2.56742e-01       1.84790e+01
  841  8.41e-03      2.76433e+01       3.03466e-01       1.85300e+01
  842  8.42e-03      2.78006e+01       3.39270e-01       1.86468e+01
  843  8.43e-03      2.78435e+01       2.73339e-01       1.86534e+01
  844  8.44e-03      2.80656e+01       3.17374e-01       1.88162e+01
  845  8.45e-03      2.78086e+01       3.31823e-01       1.86497e+01
  846  8.46e-03      2.79791e+01       3.16102e-01       1.87581e+01
  847  8.47e-03      2.79374e+01       3.29599e-01       1.87348e+01
  848  8.48e-03      2.81095e+01       2.86257e-01       1.88351e+01
  849  8.49e-03      2.82262e+01       2.65403e-01       1.89059e+01
  850  8.50e-03      2.83083e+01       2.72232e-01       1.89630e+01
  851  8.51e-03      2.82400e+01       2.98981e-01       1.89263e+01
  852  8.52e-03      2.81470e+01       3.25105e-01       1.88730e+01
  853  8.53e-03      2.84429e+01       2.86167e-01       1.90573e+01
  854  8.54e-03      2.81068e+01       2.98224e-01       1.88373e+01
  855  8.55e-03      2.84547e+01       3.18928e-01       1.90761e+01
  856  8.56e-03      2.81709e+01       3.67970e-01       1.89032e+01
  857  8.57e-03      2.83412e+01       3.18118e-01       1.90002e+01
  858  8.58e-03      2.80563e+01       3.09428e-01       1.88074e+01
  859  8.59e-03      2.80607e+01       2.66541e-01       1.87960e+01
  860  8.60e-03      2.81290e+01       3.06295e-01       1.88548e+01
  861  8.61e-03      2.79899e+01       3.35868e-01       1.87719e+01
  862  8.62e-03      2.82288e+01       3.21995e-01       1.89265e+01
  863  8.63e-03      2.83647e+01       3.25034e-01       1.90181e+01
  864  8.64e-03      2.85763e+01       2.75967e-01       1.91429e+01
  865  8.65e-03      2.85546e+01       3.27828e-01       1.91457e+01
  866  8.66e-03      2.87402e+01       3.50870e-01       1.92771e+01
  867  8.67e-03      2.86145e+01       2.94114e-01       1.91744e+01
  868  8.68e-03      2.86762e+01       3.25223e-01       1.92259e+01
  869  8.69e-03      2.87424e+01       3.37709e-01       1.92741e+01
  870  8.70e-03      2.87042e+01       3.52783e-01       1.92537e+01
  871  8.71e-03      2.88141e+01       2.42739e-01       1.92903e+01
  872  8.72e-03      2.88371e+01       3.11510e-01       1.93286e+01
  873  8.73e-03      2.91205e+01       2.77155e-01       1.95060e+01
  874  8.74e-03      2.90550e+01       2.91503e-01       1.94672e+01
  875  8.75e-03      2.92282e+01       3.39711e-01       1.95987e+01
  876  8.76e-03      2.89032e+01       3.13928e-01       1.93734e+01
  877  8.77e-03      2.89196e+01       2.80749e-01       1.93733e+01
  878  8.78e-03      2.86622e+01       3.14845e-01       1.92131e+01
  879  8.79e-03      2.83905e+01       2.69950e-01       1.90170e+01
  880  8.80e-03      2.84804e+01       2.78523e-01       1.90798e+01
  881  8.81e-03      2.83634e+01       3.35735e-01       1.90208e+01
  882  8.82e-03      2.83947e+01       2.68870e-01       1.90194e+01
  883  8.83e-03      2.80806e+01       2.69704e-01       1.88103e+01
  884  8.84e-03      2.83990e+01       3.10190e-01       1.90361e+01
  885  8.85e-03      2.82104e+01       3.02378e-01       1.89077e+01
  886  8.86e-03      2.84368e+01       2.65797e-01       1.90465e+01
  887  8.87e-03      2.83486e+01       3.03892e-01       1.90003e+01
  888  8.88e-03      2.82448e+01       2.84132e-01       1.89246e+01
  889  8.89e-03      2.86360e+01       2.46559e-01       1.91729e+01
  890  8.90e-03      2.85128e+01       3.47970e-01       1.91245e+01
  891  8.91e-03      2.87454e+01       2.92037e-01       1.92610e+01
  892  8.92e-03      2.85358e+01       2.84247e-01       1.91186e+01
  893  8.93e-03      2.87878e+01       2.16258e-01       1.92639e+01
  894  8.94e-03      2.86086e+01       3.16538e-01       1.91779e+01
  895  8.95e-03      2.89471e+01       3.26827e-01       1.94070e+01
  896  8.96e-03      2.90188e+01       3.06498e-01       1.94480e+01
  897  8.97e-03      2.89910e+01       3.08924e-01       1.94303e+01
  898  8.98e-03      2.89046e+01       2.95074e-01       1.93681e+01
  899  8.99e-03      2.87139e+01       3.10683e-01       1.92461e+01
  900  9.00e-03      2.89263e+01       3.05630e-01       1.93861e+01
  901  9.01e-03      2.86316e+01       3.23194e-01       1.91955e+01
  902  9.02e-03      2.87827e+01       3.20414e-01       1.92953e+01
  903  9.03e-03      2.85055e+01       2.80673e-01       1.90972e+01
  904  9.04e-03      2.88996e+01       2.81771e-01       1.93603e+01
  905  9.05e-03      2.89768e+01       3.06274e-01       1.94199e+01
  906  9.06e-03      2.89009e+01       2.65200e-01       1.93557e+01
  907  9.07e-03      2.92248e+01       2.93536e-01       1.95811e+01
  908  9.08e-03      2.91593e+01       3.14642e-01       1.95444e+01
  909  9.09e-03      2.95361e+01       2.49069e-01       1.97737e+01
  910  9.10e-03      2.93263e+01       2.51966e-01       1.96348e+01
  911  9.11e-03      2.93679e+01       2.97526e-01       1.96778e+01
  912  9.12e-03      2.92751e+01       3.45287e-01       1.96318e+01
  913  9.13e-03      2.93379e+01       3.57105e-01       1.96776e+01
  914  9.14e-03      2.94853e+01       3.05930e-01       1.97589e+01
  915  9.15e-03      2.96087e+01       3.69864e-01       1.98624e+01
  916  9.16e-03      2.96436e+01       3.10340e-01       1.98659e+01
  917  9.17e-03      2.95510e+01       3.35507e-01       1.98125e+01
  918  9.18e-03      2.99014e+01       2.70020e-01       2.00243e+01
  919  9.19e-03      2.97375e+01       3.20043e-01       1.99317e+01
  920  9.20e-03      2.97046e+01       2.75421e-01       1.98949e+01
  921  9.21e-03      2.96643e+01       2.86365e-01       1.98716e+01
  922  9.22e-03      3.00244e+01       3.19119e-01       2.01226e+01
  923  9.23e-03      2.97744e+01       2.81794e-01       1.99435e+01
  924  9.24e-03      2.99390e+01       3.29044e-01       2.00690e+01
  925  9.25e-03      2.98677e+01       2.76473e-01       2.00039e+01
  926  9.26e-03      2.96344e+01       3.44488e-01       1.98711e+01
  927  9.27e-03      2.96980e+01       2.74872e-01       1.98903e+01
  928  9.28e-03      2.92667e+01       3.04351e-01       1.96126e+01
  929  9.29e-03      2.95800e+01       2.95219e-01       1.98184e+01
  930  9.30e-03      2.96468e+01       3.32483e-01       1.98754e+01
  931  9.31e-03      2.99200e+01       2.94562e-01       2.00449e+01
  932  9.32e-03      3.00161e+01       3.12311e-01       2.01148e+01
  933  9.33e-03      2.99597e+01       3.12811e-01       2.00774e+01
  934  9.34e-03      3.00279e+01       2.99391e-01       2.01184e+01
  935  9.35e-03      2.97833e+01       2.96253e-01       1.99543e+01
  936  9.36e-03      3.02963e+01       3.08809e-01       2.03005e+01
  937  9.37e-03      2.98936e+01       2.41809e-01       2.00097e+01
  938  9.38e-03      3.02842e+01       2.93289e-01       2.02872e+01
  939  9.39e-03      3.01396e+01       2.75273e-01       2.01848e+01
  940  9.40e-03      3.05039e+01       3.41018e-01       2.04496e+01
  941  9.41e-03      3.02160e+01       3.40169e-01       2.02574e+01
  942  9.42e-03      3.03420e+01       2.72962e-01       2.03190e+01
  943  9.43e-03      3.04013e+01       3.09039e-01       2.03705e+01
  944  9.44e-03      3.02512e+01       3.56734e-01       2.02864e+01
  945  9.45e-03      3.04616e+01       3.02977e-01       2.04087e+01
  946  9.46e-03      3.05067e+01       2.88371e-01       2.04339e+01
  947  9.47e-03      3.08954e+01       3.18990e-01       2.07032e+01
  948  9.48e-03      3.06238e+01       3.24050e-01       2.05239e+01
  949  9.49e-03      3.06514e+01       3.57149e-01       2.05533e+01
  950  9.50e-03      3.05340e+01       3.24150e-01       2.04640e+01
  951  9.51e-03      3.06723e+01       3.58136e-01       2.05676e+01
  952  9.52e-03      3.08194e+01       3.24748e-01       2.06545e+01
  953  9.53e-03      3.09713e+01       3.24223e-01       2.07556e+01
  954  9.54e-03      3.12546e+01       3.54372e-01       2.09545e+01
  955  9.55e-03      3.12305e+01       3.05483e-01       2.09221e+01
  956  9.56e-03      3.14432e+01       3.07122e-01       2.10645e+01
  957  9.57e-03      3.13202e+01       3.32486e-01       2.09910e+01
  958  9.58e-03      3.16080e+01       2.84893e-01       2.11670e+01
  959  9.59e-03      3.12517e+01       2.55511e-01       2.09197e+01
  960  9.60e-03      3.13703e+01       2.98216e-01       2.10130e+01
  961  9.61e-03      3.15964e+01       2.80054e-01       2.11576e+01
  962  9.62e-03      3.15890e+01       2.76078e-01       2.11514e+01
  963  9.63e-03      3.16881e+01       3.00760e-01       2.12257e+01
  964  9.64e-03      3.17709e+01       3.46516e-01       2.12961e+01
  965  9.65e-03      3.20244e+01       2.92366e-01       2.14471e+01
  966  9.66e-03      3.20603e+01       3.42317e-01       2.14876e+01
  967  9.67e-03      3.23847e+01       3.58330e-01       2.17093e+01
  968  9.68e-03      3.23593e+01       2.64704e-01       2.16611e+01
  969  9.69e-03      3.23179e+01       2.72191e-01       2.16360e+01
  970  9.70e-03      3.25278e+01       3.19709e-01       2.17918e+01
  971  9.71e-03      3.27968e+01       3.14904e-01       2.19695e+01
  972  9.72e-03      3.29423e+01       2.91199e-01       2.20586e+01
  973  9.73e-03      3.30717e+01       3.29488e-01       2.21577e+01
  974  9.74e-03      3.32120e+01       3.32702e-01       2.22523e+01
  975  9.75e-03      3.29351e+01       3.98826e-01       2.20897e+01
  976  9.76e-03      3.33542e+01       3.46908e-01       2.23518e+01
  977  9.77e-03      3.31840e+01       2.96421e-01       2.22215e+01
  978  9.78e-03      3.37076e+01       3.44163e-01       2.25864e+01
  979  9.79e-03      3.35630e+01       3.17790e-01       2.24813e+01
  980  9.80e-03      3.35671e+01       2.25513e-01       2.24532e+01
  981  9.81e-03      3.34721e+01       2.64793e-01       2.24030e+01
  982  9.82e-03      3.34414e+01       3.47235e-01       2.24100e+01
  983  9.83e-03      3.34887e+01       3.23048e-01       2.24335e+01
  984  9.84e-03      3.33268e+01       2.72890e-01       2.23088e+01
  985  9.85e-03      3.35910e+01       3.26853e-01       2.25030e+01
  986  9.86e-03      3.35124e+01       3.08015e-01       2.24442e+01
  987  9.87e-03      3.36821e+01       2.74709e-01       2.25463e+01
  988  9.88e-03      3.36069e+01       3.01559e-01       2.25051e+01
  989  9.89e-03      3.34628e+01       2.86163e-01       2.24039e+01
  990  9.90e-03      3.35191e+01       2.75251e-01       2.24378e+01
  991  9.91e-03      3.34780e+01       2.52667e-01       2.24029e+01
  992  9.92e-03      3.34881e+01       2.59668e-01       2.24120e+01
  993  9.93e-03      3.31740e+01       2.64399e-01       2.22041e+01
  994  9.94e-03      3.35248e+01       2.53808e-01       2.24345e+01
  995  9.95e-03      3.32859e+01       2.77834e-01       2.22832e+01
  996  9.96e-03      3.35045e+01       3.23192e-01       2.24441e+01
  997  9.97e-03      3.33512e+01       2.90762e-01       2.23311e+01
  998  9.98e-03      3.36520e+01       2.98206e-01       2.25341e+01
  999  9.99e-03      3.37412e+01       2.60764e-01       2.25811e+01
