Delta = -3.684e-01 gamma
 step      t        T_in_plane/mK   T_out_of_plane/mK   T_tot/mK
    0  0.00e+00      1.88638e-29       0.00000e+00       1.25759e-29
    1  1.00e-05      4.06948e-02       4.62769e-02       4.25555e-02
    2  2.00e-05      7.07960e-02       6.89241e-02       7.01720e-02
    3  3.00e-05      9.86571e-02       1.02255e-01       9.98565e-02
    4  4.00e-05      1.36419e-01       1.57444e-01       1.43427e-01
    5  5.00e-05      1.67491e-01       1.76922e-01       1.70635e-01
    6  6.00e-05      2.16809e-01       1.89994e-01       2.07871e-01
    7  7.00e-05      2.47290e-01       2.06678e-01       2.33753e-01
    8  8.00e-05      2.58827e-01       2.27430e-01       2.48361e-01
    9  9.00e-05      3.02962e-01       2.12020e-01       2.72648e-01
   10  1.00e-04      3.38424e-01       2.32558e-01       3.03136e-01
   11  1.10e-04      3.69377e-01       2.47962e-01       3.28905e-01
   12  1.20e-04      4.21902e-01       2.91255e-01       3.78353e-01
   13  1.30e-04      4.64866e-01       2.76427e-01       4.02053e-01
   14  1.40e-04      4.67650e-01       2.58497e-01       3.97933e-01
   15  1.50e-04      5.01165e-01       2.92791e-01       4.31707e-01
   16  1.60e-04      5.20586e-01       3.05832e-01       4.49002e-01
   17  1.70e-04      5.63930e-01       2.56054e-01       4.61305e-01
   18  1.80e-04      6.20455e-01       2.50738e-01       4.97216e-01
   19  1.90e-04      6.53752e-01       2.62028e-01       5.23177e-01
   20  2.00e-04      6.80762e-01       2.63505e-01       5.41676e-01
   21  2.10e-04      7.20444e-01       2.77121e-01       5.72670e-01
   22  2.20e-04      7.40970e-01       2.94184e-01       5.92041e-01
   23  2.30e-04      7.62500e-01       2.67030e-01       5.97343e-01
   24  2.40e-04      7.69223e-01       2.81777e-01       6.06741e-01
   25  2.50e-04      7.99304e-01       2.69057e-01       6.22555e-01
   26  2.60e-04      8.29067e-01       2.44156e-01       6.34097e-01
   27  2.70e-04      8.41437e-01       2.04983e-01       6.29286e-01
   28  2.80e-04      8.89823e-01       2.89782e-01       6.89809e-01
   29  2.90e-04      9.01926e-01       2.34155e-01       6.79336e-01
   30  3.00e-04      9.13251e-01       2.47528e-01       6.91343e-01
   31  3.10e-04      9.47765e-01       2.45655e-01       7.13728e-01
   32  3.20e-04      9.76220e-01       2.58937e-01       7.37125e-01
   33  3.30e-04      9.99553e-01       2.73371e-01       7.57492e-01
   34  3.40e-04      1.02265e+00       3.18672e-01       7.87989e-01
   35  3.50e-04      1.05060e+00       2.89048e-01       7.96746e-01
   36  3.60e-04      1.10137e+00       3.18907e-01       8.40548e-01
   37  3.70e-04      1.10517e+00       2.73945e-01       8.28093e-01
   38  3.80e-04      1.14724e+00       3.23866e-01       8.72784e-01
   39  3.90e-04      1.16031e+00       2.88307e-01       8.69641e-01
   40  4.00e-04      1.20932e+00       3.04155e-01       9.07597e-01
   41  4.10e-04      1.20632e+00       2.78509e-01       8.97052e-01
   42  4.20e-04      1.33443e+00       3.22038e-01       9.96965e-01
   43  4.30e-04      1.41208e+00       2.97218e-01       1.04046e+00
   44  4.40e-04      1.41511e+00       2.36029e-01       1.02209e+00
   45  4.50e-04      1.42380e+00       3.13845e-01       1.05381e+00
   46  4.60e-04      1.47019e+00       2.63668e-01       1.06802e+00
   47  4.70e-04      1.53185e+00       2.95604e-01       1.11977e+00
   48  4.80e-04      1.60630e+00       2.45656e-01       1.15275e+00
   49  4.90e-04      1.66161e+00       2.88450e-01       1.20389e+00
   50  5.00e-04      1.73976e+00       3.03051e-01       1.26086e+00
   51  5.10e-04      1.80522e+00       2.79425e-01       1.29662e+00
   52  5.20e-04      1.83703e+00       2.85483e-01       1.31985e+00
   53  5.30e-04      1.91815e+00       2.83482e-01       1.37326e+00
   54  5.40e-04      1.91190e+00       2.68283e-01       1.36403e+00
   55  5.50e-04      1.94811e+00       2.86675e-01       1.39430e+00
   56  5.60e-04      1.98895e+00       2.76856e-01       1.41825e+00
   57  5.70e-04      2.02974e+00       2.47855e-01       1.43578e+00
   58  5.80e-04      2.05265e+00       2.60257e-01       1.45518e+00
   59  5.90e-04      2.11946e+00       3.01704e-01       1.51354e+00
   60  6.00e-04      2.17782e+00       2.51858e-01       1.53583e+00
   61  6.10e-04      2.20259e+00       2.80959e-01       1.56205e+00
   62  6.20e-04      2.27051e+00       2.35825e-01       1.59228e+00
   63  6.30e-04      2.38267e+00       3.02211e-01       1.68918e+00
   64  6.40e-04      2.39497e+00       2.79761e-01       1.68990e+00
   65  6.50e-04      2.42712e+00       2.74795e-01       1.70968e+00
   66  6.60e-04      2.50105e+00       2.39838e-01       1.74732e+00
   67  6.70e-04      2.50626e+00       2.18752e-01       1.74376e+00
   68  6.80e-04      2.57935e+00       2.39715e-01       1.79947e+00
   69  6.90e-04      2.59732e+00       2.02745e-01       1.79912e+00
   70  7.00e-04      2.67269e+00       2.25620e-01       1.85700e+00
   71  7.10e-04      2.73678e+00       2.21152e-01       1.89824e+00
   72  7.20e-04      2.70458e+00       2.24570e-01       1.87791e+00
   73  7.30e-04      2.72707e+00       2.73765e-01       1.90930e+00
   74  7.40e-04      2.80826e+00       2.32209e-01       1.94958e+00
   75  7.50e-04      2.86891e+00       2.86966e-01       2.00826e+00
   76  7.60e-04      2.91042e+00       2.64334e-01       2.02839e+00
   77  7.70e-04      2.91306e+00       2.50914e-01       2.02568e+00
   78  7.80e-04      2.94277e+00       2.23437e-01       2.03633e+00
   79  7.90e-04      2.96810e+00       2.91046e-01       2.07575e+00
   80  8.00e-04      2.94425e+00       2.53108e-01       2.04720e+00
   81  8.10e-04      2.98594e+00       3.25797e-01       2.09923e+00
   82  8.20e-04      3.01801e+00       2.48505e-01       2.09484e+00
   83  8.30e-04      3.07502e+00       3.30934e-01       2.16033e+00
   84  8.40e-04      3.11554e+00       2.96462e-01       2.17584e+00
   85  8.50e-04      3.12561e+00       3.62494e-01       2.20457e+00
   86  8.60e-04      3.23869e+00       3.05786e-01       2.26105e+00
   87  8.70e-04      3.20801e+00       3.42843e-01       2.25296e+00
   88  8.80e-04      3.30670e+00       2.85574e-01       2.29966e+00
   89  8.90e-04      3.32900e+00       3.11107e-01       2.32303e+00
   90  9.00e-04      3.35977e+00       2.98388e-01       2.33931e+00
   91  9.10e-04      3.40151e+00       3.00106e-01       2.36771e+00
   92  9.20e-04      3.46222e+00       2.70501e-01       2.39831e+00
   93  9.30e-04      3.42060e+00       2.65950e-01       2.36905e+00
   94  9.40e-04      3.46467e+00       2.37377e-01       2.38890e+00
   95  9.50e-04      3.47131e+00       2.67282e-01       2.40330e+00
   96  9.60e-04      3.51194e+00       2.40940e-01       2.42161e+00
   97  9.70e-04      3.55222e+00       2.74247e-01       2.45957e+00
   98  9.80e-04      3.52552e+00       3.57409e-01       2.46948e+00
   99  9.90e-04      3.54901e+00       3.05791e-01       2.46794e+00
  100  1.00e-03      3.62753e+00       2.52847e-01       2.50264e+00
  101  1.01e-03      3.65157e+00       2.73426e-01       2.52552e+00
  102  1.02e-03      3.59892e+00       2.43170e-01       2.48034e+00
  103  1.03e-03      3.60501e+00       2.74985e-01       2.49500e+00
  104  1.04e-03      3.58514e+00       2.42109e-01       2.47080e+00
  105  1.05e-03      3.60807e+00       2.70923e-01       2.49569e+00
  106  1.06e-03      3.65269e+00       3.22375e-01       2.54258e+00
  107  1.07e-03      3.69880e+00       3.02464e-01       2.56669e+00
  108  1.08e-03      3.70405e+00       2.93527e-01       2.56721e+00
  109  1.09e-03      3.85519e+00       2.65045e-01       2.65848e+00
  110  1.10e-03      3.93224e+00       2.46253e-01       2.70358e+00
  111  1.11e-03      3.97415e+00       2.95888e-01       2.74807e+00
  112  1.12e-03      4.02917e+00       3.08759e-01       2.78903e+00
  113  1.13e-03      4.13979e+00       1.89046e-01       2.82288e+00
  114  1.14e-03      4.23104e+00       2.55875e-01       2.90599e+00
  115  1.15e-03      4.20345e+00       2.80264e-01       2.89572e+00
  116  1.16e-03      4.26942e+00       2.66818e-01       2.93522e+00
  117  1.17e-03      4.27203e+00       2.95992e-01       2.94669e+00
  118  1.18e-03      4.26303e+00       2.62925e-01       2.92966e+00
  119  1.19e-03      4.34223e+00       2.89173e-01       2.99121e+00
  120  1.20e-03      4.43088e+00       3.27006e-01       3.06292e+00
  121  1.21e-03      4.35200e+00       3.35226e-01       3.01308e+00
  122  1.22e-03      4.34958e+00       3.42194e-01       3.01378e+00
  123  1.23e-03      4.42571e+00       2.87267e-01       3.04623e+00
  124  1.24e-03      4.52187e+00       3.28824e-01       3.12419e+00
  125  1.25e-03      4.51735e+00       3.15339e-01       3.11668e+00
  126  1.26e-03      4.54215e+00       2.97224e-01       3.12718e+00
  127  1.27e-03      4.57900e+00       2.66089e-01       3.14136e+00
  128  1.28e-03      4.53788e+00       3.43624e-01       3.13980e+00
  129  1.29e-03      4.70679e+00       3.83276e-01       3.26562e+00
  130  1.30e-03      4.70209e+00       3.36429e-01       3.24687e+00
  131  1.31e-03      4.74130e+00       3.08809e-01       3.26380e+00
  132  1.32e-03      4.71441e+00       2.84649e-01       3.23782e+00
  133  1.33e-03      4.81017e+00       2.91436e-01       3.30392e+00
  134  1.34e-03      4.76996e+00       3.34169e-01       3.29136e+00
  135  1.35e-03      4.81460e+00       3.59774e-01       3.32966e+00
  136  1.36e-03      4.78423e+00       3.04521e-01       3.29099e+00
  137  1.37e-03      4.79320e+00       3.63508e-01       3.31664e+00
  138  1.38e-03      4.89370e+00       2.69888e-01       3.35243e+00
  139  1.39e-03      4.89251e+00       2.91075e-01       3.35870e+00
  140  1.40e-03      4.97069e+00       3.36871e-01       3.42608e+00
  141  1.41e-03      4.99692e+00       2.60863e-01       3.41823e+00
  142  1.42e-03      5.01748e+00       3.27235e-01       3.45406e+00
  143  1.43e-03      5.01301e+00       2.88240e-01       3.43809e+00
  144  1.44e-03      5.05967e+00       3.52510e-01       3.49062e+00
  145  1.45e-03      5.06336e+00       3.37928e-01       3.48822e+00
  146  1.46e-03      5.04494e+00       3.68582e-01       3.48615e+00
  147  1.47e-03      5.05592e+00       4.04854e-01       3.50556e+00
  148  1.48e-03      5.01591e+00       3.05812e-01       3.44588e+00
  149  1.49e-03      5.08068e+00       2.95610e-01       3.48566e+00
  150  1.50e-03      5.10564e+00       4.45658e-01       3.55231e+00
  151  1.51e-03      5.26964e+00       3.16573e-01       3.61862e+00
  152  1.52e-03      5.17342e+00       3.09598e-01       3.55215e+00
  153  1.53e-03      5.20970e+00       3.26091e-01       3.58183e+00
  154  1.54e-03      5.20826e+00       2.82006e-01       3.56618e+00
  155  1.55e-03      5.23749e+00       2.83287e-01       3.58609e+00
  156  1.56e-03      5.32390e+00       3.13175e-01       3.65366e+00
  157  1.57e-03      5.30282e+00       3.05690e-01       3.63711e+00
  158  1.58e-03      5.35299e+00       3.46721e-01       3.68423e+00
  159  1.59e-03      5.28873e+00       2.82487e-01       3.61999e+00
  160  1.60e-03      5.42511e+00       3.22821e-01       3.72435e+00
  161  1.61e-03      5.44924e+00       2.91135e-01       3.72987e+00
  162  1.62e-03      5.48206e+00       3.05830e-01       3.75665e+00
  163  1.63e-03      5.55341e+00       2.72482e-01       3.79310e+00
  164  1.64e-03      5.55040e+00       3.05812e-01       3.80220e+00
  165  1.65e-03      5.57498e+00       3.12309e-01       3.82076e+00
  166  1.66e-03      5.53637e+00       3.12375e-01       3.79504e+00
  167  1.67e-03      5.57390e+00       3.13963e-01       3.82059e+00
  168  1.68e-03      5.61131e+00       3.29271e-01       3.85063e+00
  169  1.69e-03      5.64257e+00       3.25811e-01       3.87032e+00
  170  1.70e-03      5.70319e+00       3.46335e-01       3.91757e+00
  171  1.71e-03      5.75298e+00       2.88404e-01       3.93146e+00
  172  1.72e-03      5.78289e+00       3.41241e-01       3.96901e+00
  173  1.73e-03      5.84003e+00       2.97565e-01       3.99254e+00
  174  1.74e-03      5.88095e+00       2.74566e-01       4.01216e+00
  175  1.75e-03      5.95635e+00       3.42767e-01       4.08515e+00
  176  1.76e-03      6.03298e+00       3.24393e-01       4.13012e+00
  177  1.77e-03      6.02698e+00       3.19492e-01       4.12449e+00
  178  1.78e-03      6.02783e+00       3.21538e-01       4.12573e+00
  179  1.79e-03      5.87886e+00       2.75557e-01       4.01109e+00
  180  1.80e-03      6.06796e+00       2.57019e-01       4.13098e+00
  181  1.81e-03      6.07004e+00       2.81794e-01       4.14063e+00
  182  1.82e-03      6.26579e+00       2.41693e-01       4.25776e+00
  183  1.83e-03      6.32087e+00       3.45688e-01       4.32914e+00
  184  1.84e-03      6.35864e+00       2.95235e-01       4.33751e+00
  185  1.85e-03      6.40072e+00       2.62304e-01       4.35458e+00
  186  1.86e-03      6.45912e+00       3.07675e-01       4.40864e+00
  187  1.87e-03      6.54995e+00       2.80859e-01       4.46025e+00
  188  1.88e-03      6.61640e+00       2.57826e-01       4.49687e+00
  189  1.89e-03      6.66535e+00       2.77038e-01       4.53591e+00
  190  1.90e-03      6.71583e+00       3.05647e-01       4.57910e+00
  191  1.91e-03      6.73320e+00       2.42380e-01       4.56960e+00
  192  1.92e-03      6.76073e+00       3.12386e-01       4.61128e+00
  193  1.93e-03      6.76679e+00       3.10053e-01       4.61455e+00
  194  1.94e-03      6.77945e+00       3.11793e-01       4.62357e+00
  195  1.95e-03      6.77983e+00       2.83821e-01       4.61449e+00
  196  1.96e-03      6.89141e+00       2.89585e-01       4.69080e+00
  197  1.97e-03      7.04380e+00       2.82735e-01       4.79011e+00
  198  1.98e-03      7.12351e+00       2.54950e-01       4.83399e+00
  199  1.99e-03      7.17343e+00       3.03763e-01       4.88354e+00
  200  2.00e-03      7.32845e+00       2.92801e-01       4.98324e+00
  201  2.01e-03      7.37582e+00       2.85374e-01       5.01233e+00
  202  2.02e-03      7.39087e+00       3.42049e-01       5.04127e+00
  203  2.03e-03      7.41682e+00       3.16935e-01       5.05019e+00
  204  2.04e-03      7.48812e+00       3.25392e-01       5.10054e+00
  205  2.05e-03      7.52262e+00       3.10896e-01       5.11871e+00
  206  2.06e-03      7.40154e+00       3.10649e-01       5.03791e+00
  207  2.07e-03      7.45236e+00       2.99464e-01       5.06806e+00
  208  2.08e-03      7.44431e+00       3.00500e-01       5.06304e+00
  209  2.09e-03      7.59594e+00       3.29663e-01       5.17385e+00
  210  2.10e-03      7.53643e+00       2.81502e-01       5.11812e+00
  211  2.11e-03      7.57426e+00       2.85912e-01       5.14481e+00
  212  2.12e-03      7.64517e+00       2.83763e-01       5.19137e+00
  213  2.13e-03      7.67275e+00       2.84158e-01       5.20988e+00
  214  2.14e-03      7.73101e+00       2.54765e-01       5.23893e+00
  215  2.15e-03      7.82629e+00       3.14743e-01       5.32244e+00
  216  2.16e-03      7.93344e+00       3.04800e-01       5.39056e+00
  217  2.17e-03      7.92666e+00       2.74403e-01       5.37591e+00
  218  2.18e-03      7.85955e+00       2.72927e-01       5.33068e+00
  219  2.19e-03      7.82416e+00       2.87212e-01       5.31184e+00
  220  2.20e-03      7.99609e+00       2.69578e-01       5.42059e+00
  221  2.21e-03      8.04351e+00       2.77404e-01       5.45481e+00
  222  2.22e-03      8.10679e+00       2.66503e-01       5.49336e+00
  223  2.23e-03      8.15432e+00       2.78449e-01       5.52903e+00
  224  2.24e-03      8.23799e+00       3.22198e-01       5.59940e+00
  225  2.25e-03      8.29220e+00       2.93407e-01       5.62594e+00
  226  2.26e-03      8.30689e+00       2.83628e-01       5.63247e+00
  227  2.27e-03      8.45745e+00       2.79829e-01       5.73158e+00
  228  2.28e-03      8.47435e+00       2.53774e-01       5.73416e+00
  229  2.29e-03      8.69524e+00       2.70300e-01       5.88693e+00
  230  2.30e-03      8.57443e+00       2.92774e-01       5.81388e+00
  231  2.31e-03      8.62588e+00       2.86019e-01       5.84593e+00
  232  2.32e-03      8.48174e+00       3.52931e-01       5.77214e+00
  233  2.33e-03      8.60840e+00       3.42272e-01       5.85303e+00
  234  2.34e-03      8.63713e+00       2.91992e-01       5.85542e+00
  235  2.35e-03      8.59371e+00       2.45632e-01       5.81102e+00
  236  2.36e-03      8.57481e+00       3.49725e-01       5.83311e+00
  237  2.37e-03      8.45982e+00       3.03902e-01       5.74118e+00
  238  2.38e-03      8.54250e+00       3.32550e-01       5.80585e+00
  239  2.39e-03      8.47423e+00       3.08007e-01       5.75216e+00
  240  2.40e-03      8.58239e+00       2.86108e-01       5.81696e+00
  241  2.41e-03      8.48533e+00       3.89830e-01       5.78683e+00
  242  2.42e-03      8.45571e+00       2.60368e-01       5.72393e+00
  243  2.43e-03      8.50903e+00       2.89061e-01       5.76904e+00
  244  2.44e-03      8.56005e+00       2.51649e-01       5.79058e+00
  245  2.45e-03      8.66433e+00       2.38754e-01       5.85581e+00
  246  2.46e-03      8.60275e+00       2.92893e-01       5.83279e+00
  247  2.47e-03      8.62236e+00       2.81056e-01       5.84193e+00
  248  2.48e-03      8.59466e+00       2.94412e-01       5.82791e+00
  249  2.49e-03      8.73211e+00       2.38794e-01       5.90100e+00
  250  2.50e-03      8.82172e+00       3.11086e-01       5.98484e+00
  251  2.51e-03      8.79503e+00       3.34081e-01       5.97472e+00
  252  2.52e-03      8.88574e+00       3.07632e-01       6.02637e+00
  253  2.53e-03      8.99663e+00       3.21923e-01       6.10506e+00
  254  2.54e-03      9.04947e+00       3.23077e-01       6.14067e+00
  255  2.55e-03      9.13489e+00       3.53240e-01       6.20767e+00
  256  2.56e-03      9.04696e+00       3.21919e-01       6.13861e+00
  257  2.57e-03      8.99262e+00       3.06240e-01       6.09716e+00
  258  2.58e-03      9.09717e+00       2.91801e-01       6.16205e+00
  259  2.59e-03      9.02199e+00       3.20432e-01       6.12147e+00
  260  2.60e-03      9.00712e+00       3.07759e-01       6.10733e+00
  261  2.61e-03      9.15878e+00       2.96306e-01       6.20462e+00
  262  2.62e-03      9.13777e+00       3.45311e-01       6.20695e+00
  263  2.63e-03      9.26656e+00       3.44902e-01       6.29267e+00
  264  2.64e-03      9.18978e+00       3.72725e-01       6.25076e+00
  265  2.65e-03      9.23210e+00       3.10851e-01       6.25835e+00
  266  2.66e-03      9.36349e+00       3.14955e-01       6.34731e+00
  267  2.67e-03      9.45723e+00       2.99191e-01       6.40455e+00
  268  2.68e-03      9.43328e+00       3.21526e-01       6.39603e+00
  269  2.69e-03      9.44379e+00       3.42154e-01       6.40991e+00
  270  2.70e-03      9.33213e+00       2.83958e-01       6.31608e+00
  271  2.71e-03      9.44013e+00       3.03583e-01       6.39462e+00
  272  2.72e-03      9.41100e+00       3.45201e-01       6.38906e+00
  273  2.73e-03      9.34748e+00       3.55601e-01       6.35019e+00
  274  2.74e-03      9.50494e+00       3.15829e-01       6.44190e+00
  275  2.75e-03      9.40237e+00       3.02371e-01       6.36904e+00
  276  2.76e-03      9.44649e+00       2.64447e-01       6.38581e+00
  277  2.77e-03      9.39656e+00       2.92490e-01       6.36187e+00
  278  2.78e-03      9.46336e+00       2.71643e-01       6.39946e+00
  279  2.79e-03      9.56177e+00       2.86845e-01       6.47013e+00
  280  2.80e-03      9.63793e+00       2.70925e-01       6.51560e+00
  281  2.81e-03      9.80299e+00       2.30747e-01       6.61225e+00
  282  2.82e-03      9.87033e+00       2.88624e-01       6.67643e+00
  283  2.83e-03      9.87034e+00       2.43207e-01       6.66129e+00
  284  2.84e-03      9.82670e+00       2.26225e-01       6.62654e+00
  285  2.85e-03      9.95352e+00       2.55193e-01       6.72075e+00
  286  2.86e-03      9.86254e+00       2.87420e-01       6.67083e+00
  287  2.87e-03      9.95346e+00       2.86657e-01       6.73119e+00
  288  2.88e-03      1.00266e+01       3.41245e-01       6.79815e+00
  289  2.89e-03      1.00476e+01       2.67265e-01       6.78750e+00
  290  2.90e-03      1.01489e+01       2.86916e-01       6.86156e+00
  291  2.91e-03      1.00715e+01       2.49755e-01       6.79757e+00
  292  2.92e-03      1.01714e+01       2.35699e-01       6.85953e+00
  293  2.93e-03      1.01728e+01       2.72373e-01       6.87267e+00
  294  2.94e-03      1.02773e+01       2.63850e-01       6.93947e+00
  295  2.95e-03      1.03025e+01       2.89863e-01       6.96497e+00
  296  2.96e-03      1.03780e+01       3.05803e-01       7.02060e+00
  297  2.97e-03      1.02899e+01       2.67589e-01       6.94916e+00
  298  2.98e-03      1.02411e+01       2.55806e-01       6.91268e+00
  299  2.99e-03      1.02646e+01       2.29631e-01       6.91961e+00
  300  3.00e-03      1.04180e+01       2.78053e-01       7.03799e+00
  301  3.01e-03      1.05795e+01       3.13629e-01       7.15755e+00
  302  3.02e-03      1.05480e+01       2.64201e-01       7.12009e+00
  303  3.03e-03      1.04777e+01       2.72716e-01       7.07604e+00
  304  3.04e-03      1.03920e+01       3.31587e-01       7.03851e+00
  305  3.05e-03      1.04830e+01       2.90592e-01       7.08556e+00
  306  3.06e-03      1.05547e+01       2.70865e-01       7.12678e+00
  307  3.07e-03      1.05132e+01       2.91798e-01       7.10608e+00
  308  3.08e-03      1.04583e+01       2.79982e-01       7.06552e+00
  309  3.09e-03      1.05849e+01       2.83020e-01       7.15096e+00
  310  3.10e-03      1.07252e+01       3.13711e-01       7.25467e+00
  311  3.11e-03      1.06632e+01       3.13306e-01       7.21323e+00
  312  3.12e-03      1.07161e+01       3.23446e-01       7.25188e+00
  313  3.13e-03      1.07088e+01       2.37071e-01       7.21822e+00
  314  3.14e-03      1.08667e+01       2.85250e-01       7.33957e+00
  315  3.15e-03      1.08174e+01       3.42459e-01       7.32572e+00
  316  3.16e-03      1.08082e+01       2.79579e-01       7.29864e+00
  317  3.17e-03      1.07408e+01       3.07071e-01       7.26289e+00
  318  3.18e-03      1.08960e+01       2.86637e-01       7.35955e+00
  319  3.19e-03      1.09709e+01       2.74850e-01       7.40552e+00
  320  3.20e-03      1.09710e+01       3.33097e-01       7.42504e+00
  321  3.21e-03      1.11520e+01       3.18357e-01       7.54080e+00
  322  3.22e-03      1.12351e+01       2.85800e-01       7.58532e+00
  323  3.23e-03      1.13453e+01       3.44286e-01       7.67831e+00
  324  3.24e-03      1.13373e+01       2.92296e-01       7.65560e+00
  325  3.25e-03      1.13662e+01       2.76858e-01       7.66973e+00
  326  3.26e-03      1.14648e+01       2.85704e-01       7.73841e+00
  327  3.27e-03      1.15161e+01       2.97009e-01       7.77641e+00
  328  3.28e-03      1.15011e+01       3.06012e-01       7.76941e+00
  329  3.29e-03      1.15065e+01       3.46179e-01       7.78642e+00
  330  3.30e-03      1.16037e+01       3.81867e-01       7.86310e+00
  331  3.31e-03      1.17186e+01       3.45095e-01       7.92742e+00
  332  3.32e-03      1.18149e+01       3.35449e-01       7.98842e+00
  333  3.33e-03      1.16846e+01       2.70282e-01       7.87982e+00
  334  3.34e-03      1.16911e+01       2.15946e-01       7.86605e+00
  335  3.35e-03      1.17817e+01       3.07281e-01       7.95692e+00
  336  3.36e-03      1.17587e+01       3.15493e-01       7.94430e+00
  337  3.37e-03      1.17643e+01       3.24870e-01       7.95118e+00
  338  3.38e-03      1.19958e+01       3.18268e-01       8.10331e+00
  339  3.39e-03      1.19898e+01       3.07783e-01       8.09578e+00
  340  3.40e-03      1.20916e+01       3.10323e-01       8.16451e+00
  341  3.41e-03      1.22811e+01       2.69293e-01       8.27717e+00
  342  3.42e-03      1.21319e+01       2.88721e-01       8.18414e+00
  343  3.43e-03      1.22359e+01       3.76397e-01       8.28275e+00
  344  3.44e-03      1.21848e+01       3.28764e-01       8.23280e+00
  345  3.45e-03      1.23497e+01       3.13811e-01       8.33774e+00
  346  3.46e-03      1.23711e+01       3.08217e-01       8.35011e+00
  347  3.47e-03      1.23959e+01       2.97834e-01       8.36323e+00
  348  3.48e-03      1.24834e+01       3.97024e-01       8.45460e+00
  349  3.49e-03      1.26431e+01       3.33349e-01       8.53982e+00
  350  3.50e-03      1.29012e+01       2.77541e-01       8.69332e+00
  351  3.51e-03      1.28280e+01       2.91198e-01       8.64904e+00
  352  3.52e-03      1.27999e+01       2.58265e-01       8.61932e+00
  353  3.53e-03      1.27875e+01       2.71964e-01       8.61565e+00
  354  3.54e-03      1.28765e+01       3.19415e-01       8.69079e+00
  355  3.55e-03      1.29015e+01       2.46134e-01       8.68305e+00
  356  3.56e-03      1.30174e+01       2.85158e-01       8.77335e+00
  357  3.57e-03      1.30868e+01       3.41195e-01       8.83829e+00
  358  3.58e-03      1.29868e+01       2.95717e-01       8.75647e+00
  359  3.59e-03      1.31342e+01       3.23161e-01       8.86386e+00
  360  3.60e-03      1.31477e+01       3.02667e-01       8.86604e+00
  361  3.61e-03      1.34111e+01       2.93984e-01       9.03873e+00
  362  3.62e-03      1.34760e+01       3.23956e-01       9.09198e+00
  363  3.63e-03      1.35656e+01       3.89753e-01       9.17366e+00
  364  3.64e-03      1.35069e+01       3.32096e-01       9.11532e+00
  365  3.65e-03      1.33978e+01       3.57043e-01       9.05089e+00
  366  3.66e-03      1.34112e+01       3.87213e-01       9.06990e+00
  367  3.67e-03      1.33872e+01       3.55244e-01       9.04323e+00
  368  3.68e-03      1.35275e+01       3.65419e-01       9.14014e+00
  369  3.69e-03      1.34354e+01       3.26846e-01       9.06588e+00
  370  3.70e-03      1.37020e+01       3.20252e-01       9.24141e+00
  371  3.71e-03      1.36013e+01       3.32322e-01       9.17828e+00
  372  3.72e-03      1.36287e+01       3.28566e-01       9.19535e+00
  373  3.73e-03      1.36665e+01       3.59518e-01       9.23084e+00
  374  3.74e-03      1.40151e+01       3.18574e-01       9.44957e+00
  375  3.75e-03      1.39448e+01       3.68254e-01       9.41926e+00
  376  3.76e-03      1.39274e+01       4.33108e-01       9.42930e+00
  377  3.77e-03      1.41244e+01       3.41196e-01       9.52999e+00
  378  3.78e-03      1.42372e+01       3.70959e-01       9.61513e+00
  379  3.79e-03      1.45951e+01       3.73745e-01       9.85465e+00
  380  3.80e-03      1.47811e+01       3.17397e-01       9.95984e+00
  381  3.81e-03      1.50327e+01       3.62662e-01       1.01427e+01
  382  3.82e-03      1.48741e+01       3.76428e-01       1.00415e+01
  383  3.83e-03      1.47636e+01       3.42584e-01       9.95662e+00
  384  3.84e-03      1.48721e+01       3.04164e-01       1.00161e+01
  385  3.85e-03      1.48809e+01       3.31705e-01       1.00312e+01
  386  3.86e-03      1.48824e+01       3.06838e-01       1.00239e+01
  387  3.87e-03      1.46160e+01       2.98302e-01       9.84346e+00
  388  3.88e-03      1.46264e+01       2.63378e-01       9.83870e+00
  389  3.89e-03      1.46029e+01       3.07438e-01       9.83773e+00
  390  3.90e-03      1.46740e+01       3.03652e-01       9.88391e+00
  391  3.91e-03      1.45261e+01       3.22356e-01       9.79155e+00
  392  3.92e-03      1.46443e+01       3.39971e-01       9.87622e+00
  393  3.93e-03      1.47634e+01       2.85082e-01       9.93727e+00
  394  3.94e-03      1.48388e+01       2.89466e-01       9.98905e+00
  395  3.95e-03      1.49810e+01       3.40538e-01       1.01008e+01
  396  3.96e-03      1.49213e+01       3.72839e-01       1.00718e+01
  397  3.97e-03      1.49978e+01       3.02323e-01       1.00993e+01
  398  3.98e-03      1.49419e+01       2.96445e-01       1.00601e+01
  399  3.99e-03      1.48822e+01       3.11292e-01       1.00252e+01
  400  4.00e-03      1.49188e+01       2.78557e-01       1.00387e+01
  401  4.01e-03      1.51434e+01       2.95395e-01       1.01940e+01
  402  4.02e-03      1.51965e+01       2.51086e-01       1.02147e+01
  403  4.03e-03      1.52855e+01       2.75759e-01       1.02822e+01
  404  4.04e-03      1.54284e+01       3.02780e-01       1.03865e+01
  405  4.05e-03      1.54429e+01       2.89861e-01       1.03919e+01
  406  4.06e-03      1.56141e+01       3.02212e-01       1.05101e+01
  407  4.07e-03      1.57826e+01       3.12537e-01       1.06259e+01
  408  4.08e-03      1.58758e+01       2.96758e-01       1.06828e+01
  409  4.09e-03      1.58075e+01       2.88351e-01       1.06344e+01
  410  4.10e-03      1.60903e+01       3.04161e-01       1.08283e+01
  411  4.11e-03      1.60046e+01       3.02946e-01       1.07707e+01
  412  4.12e-03      1.61986e+01       2.78485e-01       1.08919e+01
  413  4.13e-03      1.62447e+01       3.23301e-01       1.09376e+01
  414  4.14e-03      1.61131e+01       3.03870e-01       1.08434e+01
  415  4.15e-03      1.62266e+01       2.62036e-01       1.09051e+01
  416  4.16e-03      1.60739e+01       2.77122e-01       1.08083e+01
  417  4.17e-03      1.62802e+01       2.59351e-01       1.09399e+01
  418  4.18e-03      1.61258e+01       2.67390e-01       1.08397e+01
  419  4.19e-03      1.62164e+01       3.14134e-01       1.09156e+01
  420  4.20e-03      1.61254e+01       2.69517e-01       1.08401e+01
  421  4.21e-03      1.61964e+01       2.22225e-01       1.08717e+01
  422  4.22e-03      1.64421e+01       2.62385e-01       1.10488e+01
  423  4.23e-03      1.66553e+01       2.61335e-01       1.11907e+01
  424  4.24e-03      1.68534e+01       2.09015e-01       1.13053e+01
  425  4.25e-03      1.67157e+01       3.51972e-01       1.12611e+01
  426  4.26e-03      1.69694e+01       2.80681e-01       1.14065e+01
  427  4.27e-03      1.68231e+01       3.57826e-01       1.13347e+01
  428  4.28e-03      1.69575e+01       3.23103e-01       1.14127e+01
  429  4.29e-03      1.70777e+01       3.55863e-01       1.15037e+01
  430  4.30e-03      1.71847e+01       3.63364e-01       1.15776e+01
  431  4.31e-03      1.73759e+01       2.74493e-01       1.16754e+01
  432  4.32e-03      1.73864e+01       3.52613e-01       1.17085e+01
  433  4.33e-03      1.72755e+01       2.97006e-01       1.16160e+01
  434  4.34e-03      1.72387e+01       2.62213e-01       1.15799e+01
  435  4.35e-03      1.72404e+01       3.20665e-01       1.16005e+01
  436  4.36e-03      1.72229e+01       3.69143e-01       1.16050e+01
  437  4.37e-03      1.75291e+01       2.71747e-01       1.17766e+01
  438  4.38e-03      1.76127e+01       3.52013e-01       1.18591e+01
  439  4.39e-03      1.77724e+01       3.32085e-01       1.19590e+01
  440  4.40e-03      1.75214e+01       3.57709e-01       1.18002e+01
  441  4.41e-03      1.75307e+01       2.91472e-01       1.17843e+01
  442  4.42e-03      1.74571e+01       3.42768e-01       1.17523e+01
  443  4.43e-03      1.74631e+01       3.30366e-01       1.17522e+01
  444  4.44e-03      1.75913e+01       3.41682e-01       1.18414e+01
  445  4.45e-03      1.74420e+01       3.29340e-01       1.17378e+01
  446  4.46e-03      1.74984e+01       2.58523e-01       1.17517e+01
  447  4.47e-03      1.74079e+01       2.78675e-01       1.16982e+01
  448  4.48e-03      1.75861e+01       2.84677e-01       1.18189e+01
  449  4.49e-03      1.76132e+01       2.77110e-01       1.18345e+01
  450  4.50e-03      1.77863e+01       2.76499e-01       1.19497e+01
  451  4.51e-03      1.78690e+01       3.24084e-01       1.20207e+01
  452  4.52e-03      1.78204e+01       3.16067e-01       1.19856e+01
  453  4.53e-03      1.80376e+01       2.80658e-01       1.21186e+01
  454  4.54e-03      1.80195e+01       2.75840e-01       1.21049e+01
  455  4.55e-03      1.82253e+01       3.20520e-01       1.22570e+01
  456  4.56e-03      1.80623e+01       2.93910e-01       1.21395e+01
  457  4.57e-03      1.82627e+01       2.99333e-01       1.22749e+01
  458  4.58e-03      1.82766e+01       2.73784e-01       1.22756e+01
  459  4.59e-03      1.83466e+01       2.75019e-01       1.23228e+01
  460  4.60e-03      1.86807e+01       3.23801e-01       1.25617e+01
  461  4.61e-03      1.85577e+01       2.97393e-01       1.24709e+01
  462  4.62e-03      1.88325e+01       3.38668e-01       1.26679e+01
  463  4.63e-03      1.88969e+01       3.06601e-01       1.27001e+01
  464  4.64e-03      1.93678e+01       3.40418e-01       1.30254e+01
  465  4.65e-03      1.91920e+01       3.07872e-01       1.28973e+01
  466  4.66e-03      1.93344e+01       2.82344e-01       1.29837e+01
  467  4.67e-03      1.93272e+01       2.81560e-01       1.29787e+01
  468  4.68e-03      1.93887e+01       2.69214e-01       1.30155e+01
  469  4.69e-03      1.94897e+01       2.85997e-01       1.30885e+01
  470  4.70e-03      1.94221e+01       2.60438e-01       1.30349e+01
  471  4.71e-03      1.97135e+01       2.07066e-01       1.32113e+01
  472  4.72e-03      1.96515e+01       2.09575e-01       1.31708e+01
  473  4.73e-03      1.95151e+01       2.26484e-01       1.30856e+01
  474  4.74e-03      1.96480e+01       2.71330e-01       1.31891e+01
  475  4.75e-03      1.97420e+01       2.37837e-01       1.32406e+01
  476  4.76e-03      1.96117e+01       2.46033e-01       1.31565e+01
  477  4.77e-03      1.97548e+01       3.18740e-01       1.32761e+01
  478  4.78e-03      1.98402e+01       2.73550e-01       1.33180e+01
  479  4.79e-03      1.97314e+01       2.49522e-01       1.32375e+01
  480  4.80e-03      1.99413e+01       2.93904e-01       1.33922e+01
  481  4.81e-03      1.98229e+01       2.60603e-01       1.33021e+01
  482  4.82e-03      2.00721e+01       2.99708e-01       1.34813e+01
  483  4.83e-03      1.99205e+01       3.00097e-01       1.33804e+01
  484  4.84e-03      2.01450e+01       2.56836e-01       1.35156e+01
  485  4.85e-03      2.00538e+01       2.75245e-01       1.34610e+01
  486  4.86e-03      2.01507e+01       2.89051e-01       1.35301e+01
  487  4.87e-03      2.02489e+01       2.96827e-01       1.35982e+01
  488  4.88e-03      2.01679e+01       3.49715e-01       1.35618e+01
  489  4.89e-03      2.02415e+01       3.14431e-01       1.35991e+01
  490  4.90e-03      2.01547e+01       2.92289e-01       1.35339e+01
  491  4.91e-03      2.03094e+01       2.77707e-01       1.36322e+01
  492  4.92e-03      2.02288e+01       2.72254e-01       1.35766e+01
  493  4.93e-03      2.05584e+01       2.89254e-01       1.38020e+01
  494  4.94e-03      2.03283e+01       2.78322e-01       1.36450e+01
  495  4.95e-03      2.04474e+01       3.30671e-01       1.37419e+01
  496  4.96e-03      2.03404e+01       3.61982e-01       1.36810e+01
  497  4.97e-03      2.02608e+01       3.47481e-01       1.36230e+01
  498  4.98e-03      1.99257e+01       2.79396e-01       1.33769e+01
  499  4.99e-03      2.00489e+01       2.84257e-01       1.34607e+01
  500  5.00e-03      2.01032e+01       2.72927e-01       1.34931e+01
  501  5.01e-03      2.00482e+01       2.68763e-01       1.34551e+01
  502  5.02e-03      2.02962e+01       3.16060e-01       1.36362e+01
  503  5.03e-03      2.01001e+01       3.41241e-01       1.35138e+01
  504  5.04e-03      2.02611e+01       3.62145e-01       1.36281e+01
  505  5.05e-03      2.01316e+01       2.77065e-01       1.35134e+01
  506  5.06e-03      2.03325e+01       3.92708e-01       1.36859e+01
  507  5.07e-03      2.03583e+01       3.59559e-01       1.36921e+01
  508  5.08e-03      2.02774e+01       3.05848e-01       1.36202e+01
  509  5.09e-03      2.02139e+01       3.28492e-01       1.35854e+01
  510  5.10e-03      2.01338e+01       3.40391e-01       1.35360e+01
  511  5.11e-03      2.02764e+01       2.85307e-01       1.36127e+01
  512  5.12e-03      2.00070e+01       3.18346e-01       1.34441e+01
  513  5.13e-03      2.01828e+01       3.63921e-01       1.35765e+01
  514  5.14e-03      2.01238e+01       3.25708e-01       1.35245e+01
  515  5.15e-03      2.00572e+01       3.30703e-01       1.34817e+01
  516  5.16e-03      1.99425e+01       3.36252e-01       1.34071e+01
  517  5.17e-03      1.98167e+01       3.48926e-01       1.33275e+01
  518  5.18e-03      1.99958e+01       3.12070e-01       1.34346e+01
  519  5.19e-03      1.98966e+01       2.64479e-01       1.33526e+01
  520  5.20e-03      2.01615e+01       2.84688e-01       1.35359e+01
  521  5.21e-03      1.98267e+01       3.06703e-01       1.33200e+01
  522  5.22e-03      1.99364e+01       3.29807e-01       1.34009e+01
  523  5.23e-03      1.97703e+01       3.49864e-01       1.32968e+01
  524  5.24e-03      1.98438e+01       3.47609e-01       1.33451e+01
  525  5.25e-03      1.98263e+01       3.26864e-01       1.33265e+01
  526  5.26e-03      1.98064e+01       3.82556e-01       1.33318e+01
  527  5.27e-03      2.01176e+01       3.46457e-01       1.35272e+01
  528  5.28e-03      2.01337e+01       3.01025e-01       1.35228e+01
  529  5.29e-03      2.04508e+01       2.92493e-01       1.37314e+01
  530  5.30e-03      2.03853e+01       3.49042e-01       1.37066e+01
  531  5.31e-03      2.04229e+01       3.05862e-01       1.37172e+01
  532  5.32e-03      2.01925e+01       2.98889e-01       1.35613e+01
  533  5.33e-03      2.04070e+01       2.58267e-01       1.36908e+01
  534  5.34e-03      2.03481e+01       3.58859e-01       1.36850e+01
  535  5.35e-03      2.02846e+01       3.45164e-01       1.36381e+01
  536  5.36e-03      2.05309e+01       2.79068e-01       1.37803e+01
  537  5.37e-03      2.03148e+01       2.40106e-01       1.36232e+01
  538  5.38e-03      2.07607e+01       3.07358e-01       1.39429e+01
  539  5.39e-03      2.07733e+01       2.96076e-01       1.39476e+01
  540  5.40e-03      2.09140e+01       3.44106e-01       1.40573e+01
  541  5.41e-03      2.07715e+01       2.83288e-01       1.39421e+01
  542  5.42e-03      2.08390e+01       3.41718e-01       1.40066e+01
  543  5.43e-03      2.06641e+01       2.82047e-01       1.38701e+01
  544  5.44e-03      2.09547e+01       3.00243e-01       1.40699e+01
  545  5.45e-03      2.08039e+01       3.11970e-01       1.39733e+01
  546  5.46e-03      2.08173e+01       2.79420e-01       1.39713e+01
  547  5.47e-03      2.10424e+01       3.25819e-01       1.41369e+01
  548  5.48e-03      2.09348e+01       2.98209e-01       1.40560e+01
  549  5.49e-03      2.12476e+01       2.53939e-01       1.42497e+01
  550  5.50e-03      2.11988e+01       2.54104e-01       1.42172e+01
  551  5.51e-03      2.14139e+01       2.56404e-01       1.43614e+01
  552  5.52e-03      2.10215e+01       2.95540e-01       1.41129e+01
  553  5.53e-03      2.13497e+01       2.54410e-01       1.43179e+01
  554  5.54e-03      2.12577e+01       2.69117e-01       1.42615e+01
  555  5.55e-03      2.13865e+01       3.53933e-01       1.43756e+01
  556  5.56e-03      2.14505e+01       3.42527e-01       1.44145e+01
  557  5.57e-03      2.13823e+01       2.85850e-01       1.43501e+01
  558  5.58e-03      2.15246e+01       3.70894e-01       1.44733e+01
  559  5.59e-03      2.14115e+01       3.15313e-01       1.43794e+01
  560  5.60e-03      2.16471e+01       3.11239e-01       1.45351e+01
  561  5.61e-03      2.15383e+01       3.08461e-01       1.44617e+01
  562  5.62e-03      2.18357e+01       3.09731e-01       1.46604e+01
  563  5.63e-03      2.15421e+01       3.17051e-01       1.44671e+01
  564  5.64e-03      2.17199e+01       3.06654e-01       1.45822e+01
  565  5.65e-03      2.20060e+01       3.06402e-01       1.47728e+01
  566  5.66e-03      2.19216e+01       3.28299e-01       1.47238e+01
  567  5.67e-03      2.23811e+01       3.58359e-01       1.50402e+01
  568  5.68e-03      2.21192e+01       3.60537e-01       1.48663e+01
  569  5.69e-03      2.25230e+01       3.74598e-01       1.51402e+01
  570  5.70e-03      2.21359e+01       3.57643e-01       1.48765e+01
  571  5.71e-03      2.23098e+01       3.19405e-01       1.49797e+01
  572  5.72e-03      2.22248e+01       3.05401e-01       1.49183e+01
  573  5.73e-03      2.24150e+01       3.54350e-01       1.50615e+01
  574  5.74e-03      2.27512e+01       2.96762e-01       1.52664e+01
  575  5.75e-03      2.27040e+01       2.77029e-01       1.52284e+01
  576  5.76e-03      2.28571e+01       3.93146e-01       1.53691e+01
  577  5.77e-03      2.26672e+01       3.18098e-01       1.52175e+01
  578  5.78e-03      2.28387e+01       2.94665e-01       1.53240e+01
  579  5.79e-03      2.25425e+01       4.14086e-01       1.51664e+01
  580  5.80e-03      2.27031e+01       3.46547e-01       1.52509e+01
  581  5.81e-03      2.25758e+01       3.52660e-01       1.51681e+01
  582  5.82e-03      2.27437e+01       3.06500e-01       1.52647e+01
  583  5.83e-03      2.27711e+01       3.64548e-01       1.53022e+01
  584  5.84e-03      2.27980e+01       3.94723e-01       1.53302e+01
  585  5.85e-03      2.28676e+01       3.58674e-01       1.53646e+01
  586  5.86e-03      2.27640e+01       3.50507e-01       1.52928e+01
  587  5.87e-03      2.30538e+01       2.87874e-01       1.54652e+01
  588  5.88e-03      2.28728e+01       3.00139e-01       1.53486e+01
  589  5.89e-03      2.28840e+01       3.23383e-01       1.53638e+01
  590  5.90e-03      2.26688e+01       3.10305e-01       1.52160e+01
  591  5.91e-03      2.27682e+01       3.30783e-01       1.52891e+01
  592  5.92e-03      2.29097e+01       3.02450e-01       1.53739e+01
  593  5.93e-03      2.31016e+01       2.91557e-01       1.54982e+01
  594  5.94e-03      2.30895e+01       2.89670e-01       1.54896e+01
  595  5.95e-03      2.27990e+01       3.07947e-01       1.53020e+01
  596  5.96e-03      2.30731e+01       2.99397e-01       1.54819e+01
  597  5.97e-03      2.28666e+01       2.96477e-01       1.53432e+01
  598  5.98e-03      2.31899e+01       2.48831e-01       1.55429e+01
  599  5.99e-03      2.29947e+01       3.39258e-01       1.54429e+01
  600  6.00e-03      2.31577e+01       2.90690e-01       1.55354e+01
  601  6.01e-03      2.31628e+01       2.70887e-01       1.55322e+01
  602  6.02e-03      2.29456e+01       3.14397e-01       1.54019e+01
  603  6.03e-03      2.30415e+01       2.93085e-01       1.54587e+01
  604  6.04e-03      2.28354e+01       2.88033e-01       1.53196e+01
  605  6.05e-03      2.31719e+01       2.71066e-01       1.55383e+01
  606  6.06e-03      2.30335e+01       2.89805e-01       1.54523e+01
  607  6.07e-03      2.34320e+01       2.54550e-01       1.57062e+01
  608  6.08e-03      2.33637e+01       2.75092e-01       1.56675e+01
  609  6.09e-03      2.35131e+01       2.94735e-01       1.57737e+01
  610  6.10e-03      2.35147e+01       2.43226e-01       1.57575e+01
  611  6.11e-03      2.36141e+01       2.92499e-01       1.58403e+01
  612  6.12e-03      2.35963e+01       3.01801e-01       1.58315e+01
  613  6.13e-03      2.34926e+01       2.74446e-01       1.57532e+01
  614  6.14e-03      2.35482e+01       2.99453e-01       1.57986e+01
  615  6.15e-03      2.33161e+01       2.48763e-01       1.56270e+01
  616  6.16e-03      2.36316e+01       2.91804e-01       1.58517e+01
  617  6.17e-03      2.34842e+01       2.86871e-01       1.57517e+01
  618  6.18e-03      2.37327e+01       2.84672e-01       1.59167e+01
  619  6.19e-03      2.36671e+01       3.61204e-01       1.58985e+01
  620  6.20e-03      2.37612e+01       2.88919e-01       1.59371e+01
  621  6.21e-03      2.40716e+01       3.10797e-01       1.61513e+01
  622  6.22e-03      2.40392e+01       3.44999e-01       1.61412e+01
  623  6.23e-03      2.41669e+01       3.14103e-01       1.62160e+01
  624  6.24e-03      2.42631e+01       3.62658e-01       1.62963e+01
  625  6.25e-03      2.44389e+01       3.63827e-01       1.64139e+01
  626  6.26e-03      2.42899e+01       2.97538e-01       1.62924e+01
  627  6.27e-03      2.44671e+01       3.39320e-01       1.64245e+01
  628  6.28e-03      2.44433e+01       3.09157e-01       1.63986e+01
  629  6.29e-03      2.46154e+01       2.74204e-01       1.65017e+01
  630  6.30e-03      2.48384e+01       3.13497e-01       1.66634e+01
  631  6.31e-03      2.48093e+01       3.19177e-01       1.66459e+01
  632  6.32e-03      2.50538e+01       2.65765e-01       1.67911e+01
  633  6.33e-03      2.49306e+01       2.55225e-01       1.67055e+01
  634  6.34e-03      2.52356e+01       2.90454e-01       1.69206e+01
  635  6.35e-03      2.49328e+01       2.90392e-01       1.67187e+01
  636  6.36e-03      2.51553e+01       2.90716e-01       1.68671e+01
  637  6.37e-03      2.50992e+01       3.13544e-01       1.68373e+01
  638  6.38e-03      2.50771e+01       2.16987e-01       1.67904e+01
  639  6.39e-03      2.51163e+01       3.00437e-01       1.68444e+01
  640  6.40e-03      2.52411e+01       3.05274e-01       1.69292e+01
  641  6.41e-03      2.54646e+01       2.71599e-01       1.70669e+01
  642  6.42e-03      2.54431e+01       2.94524e-01       1.70603e+01
  643  6.43e-03      2.57595e+01       3.00166e-01       1.72730e+01
  644  6.44e-03      2.55046e+01       3.19278e-01       1.71095e+01
  645  6.45e-03      2.57827e+01       2.52094e-01       1.72725e+01
  646  6.46e-03      2.53035e+01       2.60944e-01       1.69560e+01
  647  6.47e-03      2.55367e+01       2.85416e-01       1.71196e+01
  648  6.48e-03      2.54634e+01       2.57663e-01       1.70615e+01
  649  6.49e-03      2.56269e+01       2.82831e-01       1.71789e+01
  650  6.50e-03      2.58594e+01       3.00665e-01       1.73398e+01
  651  6.51e-03      2.59531e+01       2.94766e-01       1.74003e+01
  652  6.52e-03      2.59563e+01       2.42083e-01       1.73849e+01
  653  6.53e-03      2.57814e+01       2.56632e-01       1.72731e+01
  654  6.54e-03      2.59421e+01       2.50803e-01       1.73783e+01
  655  6.55e-03      2.57290e+01       2.54501e-01       1.72375e+01
  656  6.56e-03      2.59758e+01       2.43643e-01       1.73984e+01
  657  6.57e-03      2.59174e+01       2.45723e-01       1.73602e+01
  658  6.58e-03      2.61449e+01       2.46165e-01       1.75120e+01
  659  6.59e-03      2.62691e+01       2.36848e-01       1.75917e+01
  660  6.60e-03      2.61128e+01       2.54956e-01       1.74935e+01
  661  6.61e-03      2.61015e+01       2.13443e-01       1.74722e+01
  662  6.62e-03      2.63077e+01       2.53947e-01       1.76231e+01
  663  6.63e-03      2.65161e+01       2.56264e-01       1.77628e+01
  664  6.64e-03      2.64779e+01       2.03348e-01       1.77197e+01
  665  6.65e-03      2.67787e+01       2.39313e-01       1.79323e+01
  666  6.66e-03      2.65979e+01       2.44636e-01       1.78134e+01
  667  6.67e-03      2.68780e+01       2.15870e-01       1.79906e+01
  668  6.68e-03      2.69528e+01       2.59360e-01       1.80550e+01
  669  6.69e-03      2.70147e+01       2.32059e-01       1.80871e+01
  670  6.70e-03      2.70993e+01       2.32781e-01       1.81438e+01
  671  6.71e-03      2.67571e+01       2.41058e-01       1.79184e+01
  672  6.72e-03      2.70378e+01       2.40096e-01       1.81053e+01
  673  6.73e-03      2.68750e+01       2.97298e-01       1.80157e+01
  674  6.74e-03      2.75293e+01       3.16429e-01       1.84583e+01
  675  6.75e-03      2.72061e+01       2.48541e-01       1.82203e+01
  676  6.76e-03      2.72482e+01       2.40090e-01       1.82455e+01
  677  6.77e-03      2.70990e+01       2.54124e-01       1.81507e+01
  678  6.78e-03      2.69918e+01       2.53973e-01       1.80792e+01
  679  6.79e-03      2.70302e+01       2.73144e-01       1.81112e+01
  680  6.80e-03      2.69427e+01       2.37929e-01       1.80411e+01
  681  6.81e-03      2.70385e+01       2.60763e-01       1.81126e+01
  682  6.82e-03      2.68116e+01       2.78145e-01       1.79671e+01
  683  6.83e-03      2.72683e+01       2.69210e-01       1.82686e+01
  684  6.84e-03      2.71845e+01       2.69557e-01       1.82129e+01
  685  6.85e-03      2.73745e+01       3.26274e-01       1.83584e+01
  686  6.86e-03      2.73528e+01       3.44256e-01       1.83500e+01
  687  6.87e-03      2.73562e+01       3.60131e-01       1.83575e+01
  688  6.88e-03      2.73836e+01       3.20027e-01       1.83624e+01
  689  6.89e-03      2.72941e+01       2.39558e-01       1.82759e+01
  690  6.90e-03      2.75032e+01       3.64397e-01       1.84569e+01
  691  6.91e-03      2.73752e+01       2.98811e-01       1.83497e+01
  692  6.92e-03      2.75706e+01       3.03020e-01       1.84814e+01
  693  6.93e-03      2.73978e+01       2.27955e-01       1.83412e+01
  694  6.94e-03      2.75649e+01       2.35193e-01       1.84550e+01
  695  6.95e-03      2.74345e+01       3.46025e-01       1.84050e+01
  696  6.96e-03      2.77460e+01       3.04494e-01       1.85988e+01
  697  6.97e-03      2.78666e+01       2.92309e-01       1.86751e+01
  698  6.98e-03      2.76572e+01       3.32101e-01       1.85489e+01
  699  6.99e-03      2.79391e+01       3.51115e-01       1.87431e+01
  700  7.00e-03      2.77856e+01       3.27027e-01       1.86327e+01
  701  7.01e-03      2.80986e+01       2.78111e-01       1.88251e+01
  702  7.02e-03      2.77573e+01       2.91285e-01       1.86020e+01
  703  7.03e-03      2.79045e+01       2.79360e-01       1.86961e+01
  704  7.04e-03      2.78065e+01       2.94860e-01       1.86360e+01
  705  7.05e-03      2.82694e+01       3.07749e-01       1.89489e+01
  706  7.06e-03      2.81628e+01       3.27875e-01       1.88845e+01
  707  7.07e-03      2.80825e+01       2.80484e-01       1.88152e+01
  708  7.08e-03      2.82847e+01       2.70595e-01       1.89466e+01
  709  7.09e-03      2.82011e+01       2.57663e-01       1.88866e+01
  710  7.10e-03      2.83241e+01       3.45178e-01       1.89978e+01
  711  7.11e-03      2.81272e+01       3.28486e-01       1.88610e+01
  712  7.12e-03      2.84969e+01       2.89924e-01       1.90946e+01
  713  7.13e-03      2.84104e+01       2.97546e-01       1.90394e+01
  714  7.14e-03      2.83546e+01       2.85431e-01       1.89982e+01
  715  7.15e-03      2.83272e+01       2.82715e-01       1.89791e+01
  716  7.16e-03      2.83973e+01       2.75334e-01       1.90233e+01
  717  7.17e-03      2.86082e+01       3.15147e-01       1.91772e+01
  718  7.18e-03      2.86904e+01       3.18662e-01       1.92332e+01
  719  7.19e-03      2.89857e+01       2.31892e-01       1.94011e+01
  720  7.20e-03      2.87516e+01       2.85433e-01       1.92629e+01
  721  7.21e-03      2.89597e+01       2.97021e-01       1.94055e+01
  722  7.22e-03      2.89144e+01       3.14557e-01       1.93811e+01
  723  7.23e-03      2.91093e+01       2.57325e-01       1.94920e+01
  724  7.24e-03      2.91258e+01       3.12422e-01       1.95213e+01
  725  7.25e-03      2.91895e+01       2.71312e-01       1.95501e+01
  726  7.26e-03      2.92800e+01       3.35839e-01       1.96319e+01
  727  7.27e-03      2.91764e+01       3.45107e-01       1.95659e+01
  728  7.28e-03      2.94842e+01       3.22304e-01       1.97635e+01
  729  7.29e-03      2.95426e+01       3.27395e-01       1.98042e+01
  730  7.30e-03      2.98730e+01       3.17996e-01       2.00214e+01
  731  7.31e-03      2.97902e+01       3.18056e-01       1.99662e+01
  732  7.32e-03      2.99820e+01       3.53116e-01       2.01057e+01
  733  7.33e-03      2.99541e+01       2.29882e-01       2.00460e+01
  734  7.34e-03      3.01319e+01       2.60380e-01       2.01747e+01
  735  7.35e-03      3.02223e+01       3.09791e-01       2.02514e+01
  736  7.36e-03      3.02611e+01       2.60252e-01       2.02608e+01
  737  7.37e-03      3.02708e+01       3.75414e-01       2.03057e+01
  738  7.38e-03      2.99000e+01       2.79147e-01       2.00264e+01
  739  7.39e-03      3.02774e+01       3.10275e-01       2.02884e+01
  740  7.40e-03      2.98825e+01       3.58388e-01       2.00411e+01
  741  7.41e-03      3.02144e+01       3.61523e-01       2.02635e+01
  742  7.42e-03      2.99705e+01       2.87825e-01       2.00762e+01
  743  7.43e-03      3.00106e+01       3.52715e-01       2.01247e+01
  744  7.44e-03      3.01526e+01       3.05192e-01       2.02035e+01
  745  7.45e-03      3.01167e+01       2.96598e-01       2.01767e+01
  746  7.46e-03      3.03412e+01       3.56766e-01       2.03464e+01
  747  7.47e-03      3.01087e+01       3.12542e-01       2.01767e+01
  748  7.48e-03      3.07371e+01       2.89120e-01       2.05878e+01
  749  7.49e-03      3.03756e+01       3.02628e-01       2.03513e+01
  750  7.50e-03      3.05631e+01       2.95281e-01       2.04739e+01
  751  7.51e-03      3.03339e+01       2.64406e-01       2.03107e+01
  752  7.52e-03      3.03895e+01       3.04239e-01       2.03611e+01
  753  7.53e-03      3.05070e+01       3.72836e-01       2.04623e+01
  754  7.54e-03      3.05168e+01       3.65292e-01       2.04663e+01
  755  7.55e-03      3.08670e+01       3.36104e-01       2.06901e+01
  756  7.56e-03      3.04573e+01       3.37694e-01       2.04174e+01
  757  7.57e-03      3.07254e+01       3.26239e-01       2.05924e+01
  758  7.58e-03      3.05702e+01       3.21098e-01       2.04872e+01
  759  7.59e-03      3.11034e+01       3.02044e-01       2.08363e+01
  760  7.60e-03      3.10894e+01       3.62025e-01       2.08469e+01
  761  7.61e-03      3.09509e+01       3.48571e-01       2.07502e+01
  762  7.62e-03      3.13368e+01       2.99962e-01       2.09912e+01
  763  7.63e-03      3.11472e+01       3.15500e-01       2.08700e+01
  764  7.64e-03      3.12374e+01       3.44212e-01       2.09397e+01
  765  7.65e-03      3.09999e+01       2.92920e-01       2.07643e+01
  766  7.66e-03      3.10929e+01       3.64776e-01       2.08502e+01
  767  7.67e-03      3.08013e+01       3.61289e-01       2.06546e+01
  768  7.68e-03      3.12249e+01       3.16723e-01       2.09221e+01
  769  7.69e-03      3.11076e+01       3.06511e-01       2.08406e+01
  770  7.70e-03      3.12877e+01       2.64078e-01       2.09465e+01
  771  7.71e-03      3.12079e+01       3.14825e-01       2.09102e+01
  772  7.72e-03      3.11766e+01       3.42888e-01       2.08987e+01
  773  7.73e-03      3.12063e+01       3.13340e-01       2.09086e+01
  774  7.74e-03      3.08105e+01       2.90808e-01       2.06373e+01
  775  7.75e-03      3.10601e+01       3.74816e-01       2.08317e+01
  776  7.76e-03      3.05977e+01       3.24509e-01       2.05067e+01
  777  7.77e-03      3.09060e+01       2.91614e-01       2.07012e+01
  778  7.78e-03      3.05911e+01       2.87909e-01       2.04901e+01
  779  7.79e-03      3.08604e+01       3.07644e-01       2.06761e+01
  780  7.80e-03      3.08624e+01       2.89897e-01       2.06716e+01
  781  7.81e-03      3.09578e+01       2.29251e-01       2.07150e+01
  782  7.82e-03      3.11347e+01       2.69014e-01       2.08462e+01
  783  7.83e-03      3.10658e+01       2.98369e-01       2.08100e+01
  784  7.84e-03      3.14176e+01       2.68432e-01       2.10345e+01
  785  7.85e-03      3.10520e+01       2.76398e-01       2.07935e+01
  786  7.86e-03      3.14249e+01       2.85182e-01       2.10450e+01
  787  7.87e-03      3.09927e+01       2.21662e-01       2.07357e+01
  788  7.88e-03      3.13455e+01       2.56028e-01       2.09823e+01
  789  7.89e-03      3.11538e+01       2.42196e-01       2.08499e+01
  790  7.90e-03      3.11520e+01       2.66837e-01       2.08569e+01
  791  7.91e-03      3.11503e+01       2.58973e-01       2.08532e+01
  792  7.92e-03      3.09328e+01       2.90049e-01       2.07185e+01
  793  7.93e-03      3.11688e+01       2.83250e-01       2.08736e+01
  794  7.94e-03      3.09500e+01       2.81004e-01       2.07270e+01
  795  7.95e-03      3.14443e+01       2.26991e-01       2.10386e+01
  796  7.96e-03      3.13692e+01       2.71738e-01       2.10034e+01
  797  7.97e-03      3.15849e+01       2.80312e-01       2.11500e+01
  798  7.98e-03      3.14688e+01       2.58626e-01       2.10654e+01
  799  7.99e-03      3.15840e+01       3.48422e-01       2.11721e+01
  800  8.00e-03      3.18625e+01       3.32809e-01       2.13526e+01
  801  8.01e-03      3.18878e+01       3.69160e-01       2.13816e+01
  802  8.02e-03      3.21733e+01       3.51015e-01       2.15659e+01
  803  8.03e-03      3.18395e+01       2.76998e-01       2.13186e+01
  804  8.04e-03      3.20655e+01       2.77152e-01       2.14694e+01
  805  8.05e-03      3.15570e+01       3.25499e-01       2.11465e+01
  806  8.06e-03      3.18645e+01       2.97797e-01       2.13423e+01
  807  8.07e-03      3.18605e+01       2.84419e-01       2.13351e+01
  808  8.08e-03      3.19233e+01       2.69443e-01       2.13720e+01
  809  8.09e-03      3.19982e+01       3.47945e-01       2.14481e+01
  810  8.10e-03      3.20290e+01       3.11690e-01       2.14566e+01
  811  8.11e-03      3.23241e+01       3.23921e-01       2.16574e+01
  812  8.12e-03      3.21578e+01       3.09199e-01       2.15416e+01
  813  8.13e-03      3.24464e+01       3.65174e-01       2.17526e+01
  814  8.14e-03      3.21519e+01       3.14081e-01       2.15393e+01
  815  8.15e-03      3.25421e+01       3.04505e-01       2.17963e+01
  816  8.16e-03      3.24052e+01       3.04843e-01       2.17051e+01
  817  8.17e-03      3.24172e+01       2.87901e-01       2.17074e+01
  818  8.18e-03      3.24352e+01       2.47661e-01       2.17060e+01
  819  8.19e-03      3.23529e+01       3.15169e-01       2.16736e+01
  820  8.20e-03      3.25999e+01       2.90445e-01       2.18301e+01
  821  8.21e-03      3.24704e+01       2.99647e-01       2.17468e+01
  822  8.22e-03      3.28920e+01       2.71305e-01       2.20185e+01
  823  8.23e-03      3.27372e+01       2.94011e-01       2.19228e+01
  824  8.24e-03      3.32348e+01       2.75074e-01       2.22482e+01
  825  8.25e-03      3.30645e+01       2.79359e-01       2.21361e+01
  826  8.26e-03      3.31027e+01       2.97453e-01       2.21676e+01
  827  8.27e-03      3.28082e+01       2.87972e-01       2.19681e+01
  828  8.28e-03      3.27378e+01       2.43995e-01       2.19065e+01
  829  8.29e-03      3.28366e+01       2.78336e-01       2.19838e+01
  830  8.30e-03      3.25686e+01       3.48405e-01       2.18286e+01
  831  8.31e-03      3.30366e+01       3.06675e-01       2.21267e+01
  832  8.32e-03      3.27240e+01       2.77215e-01       2.19084e+01
  833  8.33e-03      3.30010e+01       2.84878e-01       2.20956e+01
  834  8.34e-03      3.25558e+01       3.03878e-01       2.18051e+01
  835  8.35e-03      3.28189e+01       2.57101e-01       2.19649e+01
  836  8.36e-03      3.27076e+01       2.41595e-01       2.18856e+01
  837  8.37e-03      3.27106e+01       2.44591e-01       2.18886e+01
  838  8.38e-03      3.28154e+01       2.58405e-01       2.19631e+01
  839  8.39e-03      3.24847e+01       2.83956e-01       2.17511e+01
  840  8.40e-03      3.29276e+01       3.31726e-01       2.20623e+01
  841  8.41e-03      3.25110e+01       2.56132e-01       2.17594e+01
  842  8.42e-03      3.26293e+01       2.87948e-01       2.18489e+01
  843  8.43e-03      3.22933e+01       3.09693e-01       2.16321e+01
  844  8.44e-03      3.27705e+01       2.88922e-01       2.19433e+01
  845  8.45e-03      3.26230e+01       2.41134e-01       2.18291e+01
  846  8.46e-03      3.27531e+01       3.09459e-01       2.19385e+01
  847  8.47e-03      3.25997e+01       2.40955e-01       2.18135e+01
  848  8.48e-03      3.21928e+01       2.17303e-01       2.15343e+01
  849  8.49e-03      3.27481e+01       2.04206e-01       2.19001e+01
  850  8.50e-03      3.23596e+01       2.14087e-01       2.16444e+01
  851  8.51e-03      3.29281e+01       2.98914e-01       2.20517e+01
  852  8.52e-03      3.27011e+01       3.19828e-01       2.19074e+01
  853  8.53e-03      3.29775e+01       2.47390e-01       2.20675e+01
  854  8.54e-03      3.29847e+01       3.03534e-01       2.20910e+01
  855  8.55e-03      3.31014e+01       3.30427e-01       2.21778e+01
  856  8.56e-03      3.30899e+01       3.13033e-01       2.21643e+01
  857  8.57e-03      3.30239e+01       3.21748e-01       2.21232e+01
  858  8.58e-03      3.33988e+01       2.58046e-01       2.23519e+01
  859  8.59e-03      3.29916e+01       2.82009e-01       2.20884e+01
  860  8.60e-03      3.33715e+01       3.48063e-01       2.23637e+01
  861  8.61e-03      3.29794e+01       3.68296e-01       2.21090e+01
  862  8.62e-03      3.32856e+01       3.33412e-01       2.23016e+01
  863  8.63e-03      3.30053e+01       3.32899e-01       2.21145e+01
  864  8.64e-03      3.30977e+01       3.50864e-01       2.21821e+01
  865  8.65e-03      3.31788e+01       3.46201e-01       2.22346e+01
  866  8.66e-03      3.26817e+01       3.47793e-01       2.19037e+01
  867  8.67e-03      3.31361e+01       3.00318e-01       2.21909e+01
  868  8.68e-03      3.28973e+01       2.57403e-01       2.20173e+01
  869  8.69e-03      3.33168e+01       3.24773e-01       2.23195e+01
  870  8.70e-03      3.28756e+01       3.46910e-01       2.20327e+01
  871  8.71e-03      3.31823e+01       3.60542e-01       2.22417e+01
  872  8.72e-03      3.28324e+01       3.03712e-01       2.19895e+01
  873  8.73e-03      3.29591e+01       3.84760e-01       2.21010e+01
  874  8.74e-03      3.29444e+01       2.73261e-01       2.20540e+01
  875  8.75e-03      3.28496e+01       3.03604e-01       2.20009e+01
  876  8.76e-03      3.32453e+01       3.10057e-01       2.22669e+01
  877  8.77e-03      3.29983e+01       2.90415e-01       2.20957e+01
  878  8.78e-03      3.35127e+01       2.91334e-01       2.24389e+01
  879  8.79e-03      3.30858e+01       3.26566e-01       2.21661e+01
  880  8.80e-03      3.33769e+01       3.39206e-01       2.23644e+01
  881  8.81e-03      3.32451e+01       2.76057e-01       2.22554e+01
  882  8.82e-03      3.32786e+01       3.81659e-01       2.23129e+01
  883  8.83e-03      3.32969e+01       3.73702e-01       2.23225e+01
  884  8.84e-03      3.31641e+01       3.24563e-01       2.22176e+01
  885  8.85e-03      3.36321e+01       3.27885e-01       2.25307e+01
  886  8.86e-03      3.31808e+01       3.59995e-01       2.22405e+01
  887  8.87e-03      3.36729e+01       3.48980e-01       2.25650e+01
  888  8.88e-03      3.33048e+01       3.03866e-01       2.23045e+01
  889  8.89e-03      3.37641e+01       3.08380e-01       2.26122e+01
  890  8.90e-03      3.34619e+01       3.13824e-01       2.24125e+01
  891  8.91e-03      3.35134e+01       3.54835e-01       2.24606e+01
  892  8.92e-03      3.33779e+01       2.87892e-01       2.23479e+01
  893  8.93e-03      3.33477e+01       2.44233e-01       2.23132e+01
  894  8.94e-03      3.37722e+01       3.54645e-01       2.26330e+01
  895  8.95e-03      3.36579e+01       3.25127e-01       2.25470e+01
  896  8.96e-03      3.43989e+01       3.02072e-01       2.30333e+01
  897  8.97e-03      3.39822e+01       2.88444e-01       2.27510e+01
  898  8.98e-03      3.44616e+01       2.94938e-01       2.30727e+01
  899  8.99e-03      3.39487e+01       2.94666e-01       2.27307e+01
  900  9.00e-03      3.41294e+01       2.89527e-01       2.28494e+01
  901  9.01e-03      3.39587e+01       2.98992e-01       2.27388e+01
  902  9.02e-03      3.41219e+01       3.00535e-01       2.28481e+01
  903  9.03e-03      3.42384e+01       2.80318e-01       2.29190e+01
  904  9.04e-03      3.36654e+01       3.41348e-01       2.25574e+01
  905  9.05e-03      3.40313e+01       2.62063e-01       2.27749e+01
  906  9.06e-03      3.33655e+01       2.93039e-01       2.23414e+01
  907  9.07e-03      3.37768e+01       2.85271e-01       2.26130e+01
  908  9.08e-03      3.35029e+01       3.31607e-01       2.24458e+01
  909  9.09e-03      3.36545e+01       3.16113e-01       2.25417e+01
  910  9.10e-03      3.36124e+01       2.63451e-01       2.24961e+01
  911  9.11e-03      3.36554e+01       3.04172e-01       2.25383e+01
  912  9.12e-03      3.37733e+01       3.44440e-01       2.26303e+01
  913  9.13e-03      3.34210e+01       3.36421e-01       2.23928e+01
  914  9.14e-03      3.39564e+01       2.97675e-01       2.27369e+01
  915  9.15e-03      3.34052e+01       3.02934e-01       2.23711e+01
  916  9.16e-03      3.41940e+01       3.05424e-01       2.28978e+01
  917  9.17e-03      3.37141e+01       3.09940e-01       2.25794e+01
  918  9.18e-03      3.40860e+01       3.17416e-01       2.28298e+01
  919  9.19e-03      3.39585e+01       2.80491e-01       2.27325e+01
  920  9.20e-03      3.41411e+01       3.10532e-01       2.28643e+01
  921  9.21e-03      3.41682e+01       2.45282e-01       2.28606e+01
  922  9.22e-03      3.41087e+01       3.43565e-01       2.28536e+01
  923  9.23e-03      3.44363e+01       3.41530e-01       2.30714e+01
  924  9.24e-03      3.38728e+01       3.04581e-01       2.26834e+01
  925  9.25e-03      3.40810e+01       3.05218e-01       2.28224e+01
  926  9.26e-03      3.37746e+01       3.06799e-01       2.26187e+01
  927  9.27e-03      3.41697e+01       3.29876e-01       2.28898e+01
  928  9.28e-03      3.41090e+01       3.89231e-01       2.28691e+01
  929  9.29e-03      3.40703e+01       3.17067e-01       2.28192e+01
  930  9.30e-03      3.41045e+01       2.95768e-01       2.28349e+01
  931  9.31e-03      3.41174e+01       3.07970e-01       2.28476e+01
  932  9.32e-03      3.44593e+01       2.61358e-01       2.30600e+01
  933  9.33e-03      3.39502e+01       2.71800e-01       2.27241e+01
  934  9.34e-03      3.44967e+01       2.58067e-01       2.30838e+01
  935  9.35e-03      3.41380e+01       2.78248e-01       2.28514e+01
  936  9.36e-03      3.43075e+01       3.00497e-01       2.29718e+01
  937  9.37e-03      3.42787e+01       3.40895e-01       2.29661e+01
  938  9.38e-03      3.43070e+01       2.97139e-01       2.29704e+01
  939  9.39e-03      3.44088e+01       3.07706e-01       2.30418e+01
  940  9.40e-03      3.43400e+01       3.19178e-01       2.29997e+01
  941  9.41e-03      3.45570e+01       2.70593e-01       2.31282e+01
  942  9.42e-03      3.44298e+01       2.55986e-01       2.30386e+01
  943  9.43e-03      3.50599e+01       2.89757e-01       2.34699e+01
  944  9.44e-03      3.44952e+01       3.03435e-01       2.30979e+01
  945  9.45e-03      3.51265e+01       3.17850e-01       2.35236e+01
  946  9.46e-03      3.49890e+01       3.08834e-01       2.34290e+01
  947  9.47e-03      3.50676e+01       2.26027e-01       2.34538e+01
  948  9.48e-03      3.47915e+01       2.71322e-01       2.32848e+01
  949  9.49e-03      3.44694e+01       2.69021e-01       2.30693e+01
  950  9.50e-03      3.46897e+01       2.98240e-01       2.32259e+01
  951  9.51e-03      3.44997e+01       3.21645e-01       2.31070e+01
  952  9.52e-03      3.51019e+01       2.87624e-01       2.34971e+01
  953  9.53e-03      3.47850e+01       2.40909e-01       2.32703e+01
  954  9.54e-03      3.50094e+01       2.46662e-01       2.34218e+01
  955  9.55e-03      3.47051e+01       2.60529e-01       2.32236e+01
  956  9.56e-03      3.50080e+01       2.84752e-01       2.34336e+01
  957  9.57e-03      3.48715e+01       2.87511e-01       2.33435e+01
  958  9.58e-03      3.49204e+01       2.75846e-01       2.33722e+01
  959  9.59e-03      3.53600e+01       2.33679e-01       2.36512e+01
  960  9.60e-03      3.49962e+01       2.24784e-01       2.34057e+01
  961  9.61e-03      3.55954e+01       2.42806e-01       2.38112e+01
  962  9.62e-03      3.50278e+01       2.56533e-01       2.34374e+01
  963  9.63e-03      3.53597e+01       2.46860e-01       2.36554e+01
  964  9.64e-03      3.47367e+01       2.51482e-01       2.32417e+01
  965  9.65e-03      3.49560e+01       2.61956e-01       2.33913e+01
  966  9.66e-03      3.48851e+01       2.92306e-01       2.33541e+01
  967  9.67e-03      3.47897e+01       2.25229e-01       2.32682e+01
  968  9.68e-03      3.48669e+01       3.05211e-01       2.33463e+01
  969  9.69e-03      3.45176e+01       3.47338e-01       2.31275e+01
  970  9.70e-03      3.50480e+01       2.62570e-01       2.34529e+01
  971  9.71e-03      3.43803e+01       2.97635e-01       2.30194e+01
  972  9.72e-03      3.47527e+01       2.64383e-01       2.32566e+01
  973  9.73e-03      3.43544e+01       2.65885e-01       2.29916e+01
  974  9.74e-03      3.48806e+01       3.02530e-01       2.33546e+01
  975  9.75e-03      3.47193e+01       2.39723e-01       2.32261e+01
  976  9.76e-03      3.47609e+01       2.73697e-01       2.32652e+01
  977  9.77e-03      3.48786e+01       2.82366e-01       2.33465e+01
  978  9.78e-03      3.44277e+01       3.28508e-01       2.30613e+01
  979  9.79e-03      3.48442e+01       2.49503e-01       2.33126e+01
  980  9.80e-03      3.41658e+01       2.60193e-01       2.28639e+01
  981  9.81e-03      3.46838e+01       2.71403e-01       2.32130e+01
  982  9.82e-03      3.40792e+01       2.96092e-01       2.28182e+01
  983  9.83e-03      3.43530e+01       3.04423e-01       2.30035e+01
  984  9.84e-03      3.40793e+01       2.68608e-01       2.28091e+01
  985  9.85e-03      3.42223e+01       3.06180e-01       2.29169e+01
  986  9.86e-03      3.44934e+01       3.43094e-01       2.31100e+01
  987  9.87e-03      3.43363e+01       3.13424e-01       2.29954e+01
  988  9.88e-03      3.48345e+01       2.54435e-01       2.33078e+01
  989  9.89e-03      3.41970e+01       2.99162e-01       2.28977e+01
  990  9.90e-03      3.48282e+01       3.14991e-01       2.33238e+01
  991  9.91e-03      3.45655e+01       2.96427e-01       2.31425e+01
  992  9.92e-03      3.51539e+01       2.78945e-01       2.35289e+01
  993  9.93e-03      3.49065e+01       3.11204e-01       2.33748e+01
  994  9.94e-03      3.49275e+01       3.20735e-01       2.33919e+01
  995  9.95e-03      3.51510e+01       3.05502e-01       2.35358e+01
  996  9.96e-03      3.51854e+01       3.66565e-01       2.35791e+01
  997  9.97e-03      3.55803e+01       3.53429e-01       2.38380e+01
  998  9.98e-03      3.51732e+01       3.38446e-01       2.35616e+01
  999  9.99e-03      3.56945e+01       3.54642e-01       2.39145e+01
