Delta = -3.103e+00 gamma
 step      t        T_in_plane/mK   T_out_of_plane/mK   T_tot/mK
    0  0.00e+00      4.95421e+00       0.00000e+00       3.30281e+00
    1  2.00e-06      4.86056e+00       1.74328e-03       3.24095e+00
    2  4.00e-06      4.89752e+00       3.35728e-03       3.26613e+00
    3  6.00e-06      4.92099e+00       5.51803e-03       3.28250e+00
    4  8.00e-06      4.91411e+00       7.68776e-03       3.27863e+00
    5  1.00e-05      4.87827e+00       9.89728e-03       3.25548e+00
    6  1.20e-05      4.87735e+00       1.11320e-02       3.25528e+00
    7  1.40e-05      4.88336e+00       1.42740e-02       3.26033e+00
    8  1.60e-05      4.89648e+00       1.65961e-02       3.26985e+00
    9  1.80e-05      4.87703e+00       1.87869e-02       3.25761e+00
   10  2.00e-05      4.86128e+00       2.09594e-02       3.24784e+00
   11  2.20e-05      4.89268e+00       1.92015e-02       3.26818e+00
   12  2.40e-05      4.93538e+00       2.34806e-02       3.29808e+00
   13  2.60e-05      4.91736e+00       2.32977e-02       3.28600e+00
   14  2.80e-05      4.87577e+00       2.52387e-02       3.25892e+00
   15  3.00e-05      4.85834e+00       2.93493e-02       3.24868e+00
   16  3.20e-05      4.88632e+00       2.85409e-02       3.26706e+00
   17  3.40e-05      4.89335e+00       3.23703e-02       3.27303e+00
   18  3.60e-05      4.89803e+00       3.69674e-02       3.27767e+00
   19  3.80e-05      4.92717e+00       3.76237e-02       3.29732e+00
   20  4.00e-05      4.91899e+00       3.81686e-02       3.29205e+00
   21  4.20e-05      4.87807e+00       3.26168e-02       3.26292e+00
   22  4.40e-05      4.88801e+00       3.72131e-02       3.27108e+00
   23  4.60e-05      4.90965e+00       4.48314e-02       3.28805e+00
   24  4.80e-05      4.92151e+00       4.01715e-02       3.29440e+00
   25  5.00e-05      4.91633e+00       4.66220e-02       3.29309e+00
   26  5.20e-05      4.87373e+00       4.51262e-02       3.26420e+00
   27  5.40e-05      4.91640e+00       4.68574e-02       3.29322e+00
   28  5.60e-05      4.86373e+00       5.44864e-02       3.26065e+00
   29  5.80e-05      4.85804e+00       4.77951e-02       3.25462e+00
   30  6.00e-05      4.93101e+00       5.85289e-02       3.30685e+00
   31  6.20e-05      4.93462e+00       5.62015e-02       3.30848e+00
   32  6.40e-05      4.92314e+00       6.13155e-02       3.30253e+00
   33  6.60e-05      4.89791e+00       5.30517e-02       3.28296e+00
   34  6.80e-05      4.89353e+00       5.79042e-02       3.28165e+00
   35  7.00e-05      4.88097e+00       7.19755e-02       3.27797e+00
   36  7.20e-05      4.84206e+00       5.23990e-02       3.24551e+00
   37  7.40e-05      4.81339e+00       6.99497e-02       3.23224e+00
   38  7.60e-05      4.77960e+00       5.93597e-02       3.20619e+00
   39  7.80e-05      4.82404e+00       6.56199e-02       3.23790e+00
   40  8.00e-05      4.80174e+00       5.98921e-02       3.22113e+00
   41  8.20e-05      4.77670e+00       7.75848e-02       3.21033e+00
   42  8.40e-05      4.79601e+00       7.90228e-02       3.22368e+00
   43  8.60e-05      4.77382e+00       5.90451e-02       3.20223e+00
   44  8.80e-05      4.75620e+00       7.14669e-02       3.19462e+00
   45  9.00e-05      4.73633e+00       7.58944e-02       3.18285e+00
   46  9.20e-05      4.75763e+00       7.43250e-02       3.19653e+00
   47  9.40e-05      4.79519e+00       9.41731e-02       3.22818e+00
   48  9.60e-05      4.79448e+00       8.59998e-02       3.22499e+00
   49  9.80e-05      4.73018e+00       9.19464e-02       3.18410e+00
   50  1.00e-04      4.69654e+00       1.06398e-01       3.16649e+00
   51  1.02e-04      4.65854e+00       1.20421e-01       3.14583e+00
   52  1.04e-04      4.69385e+00       9.27833e-02       3.16016e+00
   53  1.06e-04      4.67000e+00       9.22160e-02       3.14407e+00
   54  1.08e-04      4.69607e+00       9.51094e-02       3.16242e+00
   55  1.10e-04      4.70804e+00       9.91273e-02       3.17174e+00
   56  1.12e-04      4.66704e+00       1.15364e-01       3.14982e+00
   57  1.14e-04      4.68309e+00       1.07948e-01       3.15804e+00
   58  1.16e-04      4.69806e+00       9.07895e-02       3.16230e+00
   59  1.18e-04      4.68435e+00       1.14174e-01       3.16096e+00
   60  1.20e-04      4.69078e+00       1.09312e-01       3.16362e+00
   61  1.22e-04      4.70375e+00       1.05719e-01       3.17108e+00
   62  1.24e-04      4.71215e+00       1.06728e-01       3.17701e+00
   63  1.26e-04      4.72927e+00       1.14385e-01       3.19098e+00
   64  1.28e-04      4.73667e+00       1.07654e-01       3.19367e+00
   65  1.30e-04      4.71426e+00       1.11924e-01       3.18015e+00
   66  1.32e-04      4.69912e+00       1.27071e-01       3.17511e+00
   67  1.34e-04      4.72628e+00       1.34766e-01       3.19577e+00
   68  1.36e-04      4.70056e+00       1.33295e-01       3.17814e+00
   69  1.38e-04      4.71726e+00       1.33826e-01       3.18945e+00
   70  1.40e-04      4.70531e+00       1.16397e-01       3.17567e+00
   71  1.42e-04      4.70464e+00       1.40224e-01       3.18317e+00
   72  1.44e-04      4.71624e+00       1.58466e-01       3.19698e+00
   73  1.46e-04      4.68921e+00       1.19820e-01       3.16608e+00
   74  1.48e-04      4.67997e+00       1.37325e-01       3.16576e+00
   75  1.50e-04      4.76657e+00       1.35935e-01       3.22303e+00
   76  1.52e-04      4.75508e+00       1.52565e-01       3.22091e+00
   77  1.54e-04      4.77596e+00       1.40159e-01       3.23069e+00
   78  1.56e-04      4.81452e+00       1.75359e-01       3.26814e+00
   79  1.58e-04      4.82259e+00       1.84035e-01       3.27641e+00
   80  1.60e-04      4.78492e+00       1.54210e-01       3.24135e+00
   81  1.62e-04      4.84940e+00       1.74024e-01       3.29094e+00
   82  1.64e-04      4.82932e+00       1.74790e-01       3.27781e+00
   83  1.66e-04      4.79008e+00       1.40950e-01       3.24037e+00
   84  1.68e-04      4.75962e+00       1.50121e-01       3.22312e+00
   85  1.70e-04      4.75273e+00       1.37394e-01       3.21428e+00
   86  1.72e-04      4.78488e+00       1.45646e-01       3.23847e+00
   87  1.74e-04      4.84604e+00       1.49511e-01       3.28053e+00
   88  1.76e-04      4.82993e+00       1.60368e-01       3.27341e+00
   89  1.78e-04      4.81010e+00       1.84359e-01       3.26819e+00
   90  1.80e-04      4.76711e+00       1.66259e-01       3.23349e+00
   91  1.82e-04      4.75008e+00       2.00586e-01       3.23358e+00
   92  1.84e-04      4.72641e+00       2.02176e-01       3.21833e+00
   93  1.86e-04      4.76325e+00       1.57468e-01       3.22799e+00
   94  1.88e-04      4.78739e+00       1.72291e-01       3.24902e+00
   95  1.90e-04      4.76514e+00       1.67368e-01       3.23255e+00
   96  1.92e-04      4.72171e+00       1.80559e-01       3.20799e+00
   97  1.94e-04      4.70849e+00       1.62492e-01       3.19316e+00
   98  1.96e-04      4.68251e+00       1.78506e-01       3.18118e+00
   99  1.98e-04      4.68898e+00       1.78680e-01       3.18554e+00
  100  2.00e-04      4.65273e+00       1.66397e-01       3.15729e+00
  101  2.02e-04      4.64143e+00       1.94988e-01       3.15928e+00
  102  2.04e-04      4.65350e+00       1.74989e-01       3.16066e+00
  103  2.06e-04      4.65158e+00       1.87342e-01       3.16350e+00
  104  2.08e-04      4.64121e+00       1.97986e-01       3.16013e+00
  105  2.10e-04      4.63791e+00       1.82938e-01       3.15292e+00
  106  2.12e-04      4.63339e+00       1.90078e-01       3.15229e+00
  107  2.14e-04      4.64673e+00       1.75765e-01       3.15641e+00
  108  2.16e-04      4.62391e+00       1.80480e-01       3.14276e+00
  109  2.18e-04      4.63421e+00       1.85141e-01       3.15119e+00
  110  2.20e-04      4.66347e+00       1.43391e-01       3.15678e+00
  111  2.22e-04      4.67466e+00       1.82692e-01       3.17734e+00
  112  2.24e-04      4.67343e+00       2.07229e-01       3.18470e+00
  113  2.26e-04      4.63088e+00       1.95844e-01       3.15253e+00
  114  2.28e-04      4.65998e+00       2.07809e-01       3.17593e+00
  115  2.30e-04      4.62358e+00       2.40452e-01       3.16254e+00
  116  2.32e-04      4.62175e+00       2.13943e-01       3.15248e+00
  117  2.34e-04      4.62595e+00       1.82804e-01       3.14490e+00
  118  2.36e-04      4.65722e+00       2.05337e-01       3.17326e+00
  119  2.38e-04      4.65788e+00       2.19006e-01       3.17825e+00
  120  2.40e-04      4.67516e+00       1.98596e-01       3.18297e+00
  121  2.42e-04      4.63310e+00       2.25843e-01       3.16402e+00
  122  2.44e-04      4.64009e+00       2.21488e-01       3.16722e+00
  123  2.46e-04      4.56936e+00       2.08947e-01       3.11589e+00
  124  2.48e-04      4.52723e+00       2.13262e-01       3.08924e+00
  125  2.50e-04      4.56606e+00       2.31841e-01       3.12132e+00
  126  2.52e-04      4.55618e+00       2.27290e-01       3.11321e+00
  127  2.54e-04      4.53709e+00       2.01847e-01       3.09201e+00
  128  2.56e-04      4.50658e+00       2.30568e-01       3.08125e+00
  129  2.58e-04      4.52031e+00       2.29084e-01       3.08990e+00
  130  2.60e-04      4.55230e+00       2.07292e-01       3.10396e+00
  131  2.62e-04      4.51774e+00       2.33069e-01       3.08952e+00
  132  2.64e-04      4.60433e+00       1.91088e-01       3.13325e+00
  133  2.66e-04      4.56053e+00       2.02374e-01       3.10781e+00
  134  2.68e-04      4.58230e+00       2.23443e-01       3.12935e+00
  135  2.70e-04      4.56291e+00       2.51446e-01       3.12576e+00
  136  2.72e-04      4.59435e+00       2.30216e-01       3.13964e+00
  137  2.74e-04      4.60872e+00       2.08408e-01       3.14195e+00
  138  2.76e-04      4.65525e+00       2.22236e-01       3.17758e+00
  139  2.78e-04      4.68090e+00       2.73834e-01       3.21188e+00
  140  2.80e-04      4.70258e+00       2.28732e-01       3.21129e+00
  141  2.82e-04      4.69465e+00       2.08250e-01       3.19919e+00
  142  2.84e-04      4.69340e+00       2.27844e-01       3.20488e+00
  143  2.86e-04      4.71718e+00       2.26318e-01       3.22022e+00
  144  2.88e-04      4.75117e+00       2.64076e-01       3.25547e+00
  145  2.90e-04      4.73427e+00       2.87146e-01       3.25189e+00
  146  2.92e-04      4.71816e+00       2.10277e-01       3.21553e+00
  147  2.94e-04      4.72068e+00       2.35172e-01       3.22551e+00
  148  2.96e-04      4.77690e+00       2.63386e-01       3.27239e+00
  149  2.98e-04      4.79276e+00       2.49814e-01       3.27845e+00
  150  3.00e-04      4.78700e+00       2.18145e-01       3.26405e+00
  151  3.02e-04      4.80115e+00       2.68232e-01       3.29018e+00
  152  3.04e-04      4.81084e+00       2.19202e-01       3.28030e+00
  153  3.06e-04      4.83757e+00       2.33473e-01       3.30287e+00
  154  3.08e-04      4.82109e+00       2.42026e-01       3.29474e+00
  155  3.10e-04      4.85657e+00       2.56984e-01       3.32338e+00
  156  3.12e-04      4.83570e+00       2.53511e-01       3.30830e+00
  157  3.14e-04      4.83869e+00       2.30795e-01       3.30273e+00
  158  3.16e-04      4.81581e+00       2.43763e-01       3.29179e+00
  159  3.18e-04      4.81373e+00       2.70255e-01       3.29924e+00
  160  3.20e-04      4.79677e+00       2.63748e-01       3.28576e+00
  161  3.22e-04      4.77930e+00       2.94678e-01       3.28443e+00
  162  3.24e-04      4.76683e+00       2.69863e-01       3.26784e+00
  163  3.26e-04      4.75899e+00       2.19076e-01       3.24568e+00
  164  3.28e-04      4.74694e+00       2.49941e-01       3.24794e+00
  165  3.30e-04      4.75533e+00       2.71110e-01       3.26059e+00
  166  3.32e-04      4.74764e+00       2.92554e-01       3.26261e+00
  167  3.34e-04      4.77149e+00       2.66086e-01       3.26969e+00
  168  3.36e-04      4.73258e+00       2.63437e-01       3.24286e+00
  169  3.38e-04      4.71989e+00       2.96876e-01       3.24555e+00
  170  3.40e-04      4.69519e+00       2.42551e-01       3.21097e+00
  171  3.42e-04      4.70869e+00       2.63090e-01       3.22683e+00
  172  3.44e-04      4.67126e+00       2.64318e-01       3.20228e+00
  173  3.46e-04      4.66574e+00       2.68776e-01       3.20009e+00
  174  3.48e-04      4.64164e+00       2.62001e-01       3.18176e+00
  175  3.50e-04      4.60227e+00       2.94677e-01       3.16640e+00
  176  3.52e-04      4.54750e+00       2.71178e-01       3.12206e+00
  177  3.54e-04      4.50804e+00       2.74311e-01       3.09680e+00
  178  3.56e-04      4.49478e+00       3.35253e-01       3.10827e+00
  179  3.58e-04      4.48784e+00       3.25447e-01       3.10038e+00
  180  3.60e-04      4.46550e+00       2.36877e-01       3.05596e+00
  181  3.62e-04      4.47658e+00       2.78697e-01       3.07729e+00
  182  3.64e-04      4.45582e+00       2.72690e-01       3.06144e+00
  183  3.66e-04      4.47086e+00       2.98613e-01       3.08011e+00
  184  3.68e-04      4.49430e+00       3.20205e-01       3.10294e+00
  185  3.70e-04      4.49111e+00       2.67779e-01       3.08333e+00
  186  3.72e-04      4.44077e+00       2.70776e-01       3.05077e+00
  187  3.74e-04      4.42967e+00       2.93996e-01       3.05111e+00
  188  3.76e-04      4.43924e+00       3.55131e-01       3.07787e+00
  189  3.78e-04      4.41709e+00       2.89881e-01       3.04136e+00
  190  3.80e-04      4.37350e+00       2.39046e-01       2.99535e+00
  191  3.82e-04      4.38129e+00       3.27798e-01       3.03012e+00
  192  3.84e-04      4.35132e+00       3.28181e-01       3.01028e+00
  193  3.86e-04      4.39312e+00       3.02064e-01       3.02943e+00
  194  3.88e-04      4.40306e+00       2.85901e-01       3.03068e+00
  195  3.90e-04      4.43729e+00       2.66775e-01       3.04712e+00
  196  3.92e-04      4.38309e+00       3.27416e-01       3.03120e+00
  197  3.94e-04      4.42239e+00       3.37736e-01       3.06084e+00
  198  3.96e-04      4.41741e+00       3.02280e-01       3.04570e+00
  199  3.98e-04      4.39204e+00       3.27679e-01       3.03725e+00
  200  4.00e-04      4.41196e+00       3.08272e-01       3.04406e+00
  201  4.02e-04      4.38486e+00       3.54073e-01       3.04127e+00
  202  4.04e-04      4.39816e+00       3.94018e-01       3.06344e+00
  203  4.06e-04      4.36622e+00       3.13845e-01       3.01543e+00
  204  4.08e-04      4.40692e+00       3.01272e-01       3.03837e+00
  205  4.10e-04      4.40465e+00       3.54564e-01       3.05462e+00
  206  4.12e-04      4.42861e+00       3.52546e-01       3.06992e+00
  207  4.14e-04      4.43981e+00       2.95487e-01       3.05837e+00
  208  4.16e-04      4.46332e+00       3.36768e-01       3.08780e+00
  209  4.18e-04      4.40474e+00       3.61964e-01       3.05715e+00
  210  4.20e-04      4.42643e+00       3.70096e-01       3.07432e+00
  211  4.22e-04      4.42989e+00       4.18045e-01       3.09261e+00
  212  4.24e-04      4.42658e+00       2.98148e-01       3.05043e+00
  213  4.26e-04      4.43816e+00       3.69457e-01       3.08192e+00
  214  4.28e-04      4.50064e+00       3.86897e-01       3.12939e+00
  215  4.30e-04      4.46709e+00       3.31491e-01       3.08856e+00
  216  4.32e-04      4.49108e+00       3.57965e-01       3.11337e+00
  217  4.34e-04      4.41657e+00       2.97255e-01       3.04346e+00
  218  4.36e-04      4.46858e+00       3.10691e-01       3.08262e+00
  219  4.38e-04      4.43984e+00       4.07623e-01       3.09577e+00
  220  4.40e-04      4.46565e+00       3.90300e-01       3.10720e+00
  221  4.42e-04      4.45058e+00       4.19270e-01       3.10681e+00
  222  4.44e-04      4.47973e+00       3.99830e-01       3.11977e+00
  223  4.46e-04      4.45538e+00       3.95071e-01       3.10194e+00
  224  4.48e-04      4.47180e+00       3.69564e-01       3.10439e+00
  225  4.50e-04      4.50619e+00       3.93718e-01       3.13537e+00
  226  4.52e-04      4.46901e+00       3.60190e-01       3.09940e+00
  227  4.54e-04      4.50207e+00       3.55023e-01       3.11972e+00
  228  4.56e-04      4.50160e+00       3.72318e-01       3.12517e+00
  229  4.58e-04      4.52712e+00       4.41497e-01       3.16525e+00
  230  4.60e-04      4.54633e+00       4.69661e-01       3.18744e+00
  231  4.62e-04      4.55658e+00       3.86432e-01       3.16653e+00
  232  4.64e-04      4.59001e+00       3.97757e-01       3.19259e+00
  233  4.66e-04      4.60441e+00       3.93758e-01       3.20086e+00
  234  4.68e-04      4.60376e+00       3.95192e-01       3.20090e+00
  235  4.70e-04      4.65782e+00       3.76814e-01       3.23082e+00
  236  4.72e-04      4.68248e+00       3.80308e-01       3.24843e+00
  237  4.74e-04      4.68474e+00       3.30047e-01       3.23317e+00
  238  4.76e-04      4.69811e+00       4.40587e-01       3.27894e+00
  239  4.78e-04      4.69422e+00       4.70340e-01       3.28626e+00
  240  4.80e-04      4.67074e+00       3.48478e-01       3.22998e+00
  241  4.82e-04      4.63762e+00       4.27172e-01       3.23414e+00
  242  4.84e-04      4.61189e+00       4.71328e-01       3.23170e+00
  243  4.86e-04      4.62767e+00       4.40362e-01       3.23190e+00
  244  4.88e-04      4.62506e+00       3.92163e-01       3.21409e+00
  245  4.90e-04      4.63654e+00       3.76769e-01       3.21661e+00
  246  4.92e-04      4.59169e+00       4.01518e-01       3.19496e+00
  247  4.94e-04      4.60887e+00       4.33080e-01       3.21694e+00
  248  4.96e-04      4.62772e+00       4.73629e-01       3.24302e+00
  249  4.98e-04      4.61722e+00       4.30846e-01       3.22176e+00
  250  5.00e-04      4.62500e+00       4.27052e-01       3.22568e+00
  251  5.02e-04      4.63655e+00       4.10607e-01       3.22790e+00
  252  5.04e-04      4.60615e+00       4.60318e-01       3.22420e+00
  253  5.06e-04      4.63929e+00       4.13361e-01       3.23065e+00
  254  5.08e-04      4.65608e+00       4.30845e-01       3.24767e+00
  255  5.10e-04      4.65355e+00       4.51565e-01       3.25289e+00
  256  5.12e-04      4.61552e+00       4.88439e-01       3.23982e+00
  257  5.14e-04      4.64748e+00       4.40270e-01       3.24508e+00
  258  5.16e-04      4.62839e+00       4.35025e-01       3.23060e+00
  259  5.18e-04      4.63543e+00       4.51891e-01       3.24091e+00
  260  5.20e-04      4.62343e+00       4.55797e-01       3.23422e+00
  261  5.22e-04      4.64234e+00       4.36875e-01       3.24052e+00
  262  5.24e-04      4.59912e+00       4.53321e-01       3.21719e+00
  263  5.26e-04      4.60547e+00       4.19478e-01       3.21014e+00
  264  5.28e-04      4.59830e+00       4.72276e-01       3.22296e+00
  265  5.30e-04      4.57869e+00       4.50044e-01       3.20248e+00
  266  5.32e-04      4.50206e+00       5.21416e-01       3.17518e+00
  267  5.34e-04      4.55754e+00       5.26567e-01       3.21388e+00
  268  5.36e-04      4.55032e+00       4.75685e-01       3.19211e+00
  269  5.38e-04      4.51544e+00       4.90593e-01       3.17383e+00
  270  5.40e-04      4.50542e+00       4.61283e-01       3.15737e+00
  271  5.42e-04      4.51542e+00       4.04887e-01       3.14524e+00
  272  5.44e-04      4.54105e+00       4.28148e-01       3.17008e+00
  273  5.46e-04      4.58701e+00       4.86919e-01       3.22031e+00
  274  5.48e-04      4.56376e+00       4.92190e-01       3.20657e+00
  275  5.50e-04      4.59857e+00       4.67958e-01       3.22170e+00
  276  5.52e-04      4.58130e+00       5.57909e-01       3.24017e+00
  277  5.54e-04      4.57927e+00       4.72324e-01       3.21028e+00
  278  5.56e-04      4.55074e+00       4.49551e-01       3.18368e+00
  279  5.58e-04      4.56886e+00       4.73667e-01       3.20380e+00
  280  5.60e-04      4.54810e+00       5.24481e-01       3.20689e+00
  281  5.62e-04      4.58893e+00       4.24214e-01       3.20069e+00
  282  5.64e-04      4.61303e+00       5.04773e-01       3.24361e+00
  283  5.66e-04      4.61237e+00       4.85746e-01       3.23683e+00
  284  5.68e-04      4.68377e+00       5.35981e-01       3.30117e+00
  285  5.70e-04      4.66849e+00       5.52033e-01       3.29634e+00
  286  5.72e-04      4.66340e+00       5.41334e-01       3.28938e+00
  287  5.74e-04      4.64037e+00       5.19483e-01       3.26674e+00
  288  5.76e-04      4.62103e+00       4.24619e-01       3.22223e+00
  289  5.78e-04      4.60515e+00       5.79128e-01       3.26314e+00
  290  5.80e-04      4.61578e+00       5.35675e-01       3.25575e+00
  291  5.82e-04      4.61597e+00       4.85945e-01       3.23930e+00
  292  5.84e-04      4.60883e+00       5.05233e-01       3.24096e+00
  293  5.86e-04      4.61467e+00       5.98498e-01       3.27595e+00
  294  5.88e-04      4.67890e+00       5.19221e-01       3.29234e+00
  295  5.90e-04      4.62532e+00       4.77136e-01       3.24259e+00
  296  5.92e-04      4.60830e+00       5.44693e-01       3.25377e+00
  297  5.94e-04      4.60643e+00       5.11848e-01       3.24157e+00
  298  5.96e-04      4.64525e+00       5.06666e-01       3.26572e+00
  299  5.98e-04      4.68040e+00       5.65959e-01       3.30892e+00
  300  6.00e-04      4.69388e+00       4.88904e-01       3.29222e+00
  301  6.02e-04      4.68332e+00       4.60847e-01       3.27583e+00
  302  6.04e-04      4.68829e+00       5.29247e-01       3.30194e+00
  303  6.06e-04      4.65705e+00       5.82825e-01       3.29898e+00
  304  6.08e-04      4.68753e+00       4.90296e-01       3.28845e+00
  305  6.10e-04      4.66823e+00       4.94415e-01       3.27696e+00
  306  6.12e-04      4.67606e+00       6.25242e-01       3.32579e+00
  307  6.14e-04      4.67025e+00       6.48107e-01       3.32954e+00
  308  6.16e-04      4.68664e+00       5.66088e-01       3.31312e+00
  309  6.18e-04      4.66157e+00       6.53023e-01       3.32539e+00
  310  6.20e-04      4.69288e+00       6.00470e-01       3.32874e+00
  311  6.22e-04      4.68701e+00       6.25767e-01       3.33326e+00
  312  6.24e-04      4.72478e+00       6.04355e-01       3.35130e+00
  313  6.26e-04      4.69473e+00       5.63884e-01       3.31778e+00
  314  6.28e-04      4.69928e+00       5.66997e-01       3.32185e+00
  315  6.30e-04      4.69561e+00       5.15816e-01       3.30235e+00
  316  6.32e-04      4.71041e+00       5.13643e-01       3.31149e+00
  317  6.34e-04      4.62459e+00       6.32314e-01       3.29383e+00
  318  6.36e-04      4.68955e+00       6.33622e-01       3.33757e+00
  319  6.38e-04      4.67817e+00       6.31059e-01       3.32913e+00
  320  6.40e-04      4.67348e+00       5.80868e-01       3.30927e+00
  321  6.42e-04      4.69978e+00       5.95689e-01       3.33175e+00
  322  6.44e-04      4.72972e+00       5.88123e-01       3.34919e+00
  323  6.46e-04      4.70075e+00       6.08668e-01       3.33672e+00
  324  6.48e-04      4.74822e+00       5.71069e-01       3.35584e+00
  325  6.50e-04      4.75514e+00       5.19698e-01       3.34333e+00
  326  6.52e-04      4.75701e+00       6.21061e-01       3.37836e+00
  327  6.54e-04      4.73222e+00       7.22052e-01       3.39550e+00
  328  6.56e-04      4.71007e+00       6.41562e-01       3.35390e+00
  329  6.58e-04      4.67975e+00       6.01649e-01       3.32038e+00
  330  6.60e-04      4.68573e+00       7.24413e-01       3.36529e+00
  331  6.62e-04      4.66763e+00       6.53238e-01       3.32950e+00
  332  6.64e-04      4.67997e+00       6.25395e-01       3.32844e+00
  333  6.66e-04      4.69631e+00       5.60335e-01       3.31765e+00
  334  6.68e-04      4.68975e+00       7.45362e-01       3.37496e+00
  335  6.70e-04      4.69436e+00       6.17195e-01       3.33531e+00
  336  6.72e-04      4.68636e+00       6.71224e-01       3.34798e+00
  337  6.74e-04      4.71152e+00       7.29378e-01       3.38414e+00
  338  6.76e-04      4.71114e+00       5.33636e-01       3.31864e+00
  339  6.78e-04      4.71025e+00       6.01738e-01       3.34075e+00
  340  6.80e-04      4.70136e+00       7.11528e-01       3.37142e+00
  341  6.82e-04      4.74380e+00       6.00923e-01       3.36284e+00
  342  6.84e-04      4.75586e+00       5.64161e-01       3.35863e+00
  343  6.86e-04      4.78228e+00       6.37022e-01       3.40053e+00
  344  6.88e-04      4.76775e+00       7.20289e-01       3.41860e+00
  345  6.90e-04      4.80456e+00       7.11124e-01       3.44008e+00
  346  6.92e-04      4.76868e+00       6.40964e-01       3.39277e+00
  347  6.94e-04      4.76452e+00       6.38489e-01       3.38918e+00
  348  6.96e-04      4.74565e+00       6.80294e-01       3.39053e+00
  349  6.98e-04      4.74676e+00       5.35106e-01       3.34287e+00
  350  7.00e-04      4.75911e+00       5.70782e-01       3.36300e+00
  351  7.02e-04      4.77642e+00       6.75013e-01       3.40928e+00
  352  7.04e-04      4.75095e+00       5.21784e-01       3.34123e+00
  353  7.06e-04      4.81559e+00       6.53821e-01       3.42834e+00
  354  7.08e-04      4.80747e+00       7.31252e-01       3.44873e+00
  355  7.10e-04      4.86845e+00       7.18285e-01       3.48506e+00
  356  7.12e-04      4.83533e+00       5.88341e-01       3.41967e+00
  357  7.14e-04      4.85839e+00       7.33257e-01       3.48335e+00
  358  7.16e-04      4.86822e+00       7.21883e-01       3.48611e+00
  359  7.18e-04      4.87258e+00       6.09319e-01       3.45149e+00
  360  7.20e-04      4.81904e+00       5.66853e-01       3.40164e+00
  361  7.22e-04      4.86521e+00       5.73819e-01       3.43475e+00
  362  7.24e-04      4.82709e+00       7.07100e-01       3.45376e+00
  363  7.26e-04      4.89499e+00       6.27429e-01       3.47247e+00
  364  7.28e-04      4.84050e+00       5.83405e-01       3.42147e+00
  365  7.30e-04      4.88298e+00       6.55567e-01       3.47384e+00
  366  7.32e-04      4.86135e+00       6.25219e-01       3.44931e+00
  367  7.34e-04      4.84067e+00       6.42359e-01       3.44123e+00
  368  7.36e-04      4.82971e+00       6.43298e-01       3.43424e+00
  369  7.38e-04      4.89754e+00       6.26257e-01       3.47378e+00
  370  7.40e-04      4.91792e+00       5.10878e-01       3.44891e+00
  371  7.42e-04      4.90041e+00       7.60606e-01       3.52047e+00
  372  7.44e-04      4.90415e+00       7.27190e-01       3.51183e+00
  373  7.46e-04      4.92373e+00       6.84129e-01       3.51053e+00
  374  7.48e-04      4.90791e+00       6.57978e-01       3.49127e+00
  375  7.50e-04      4.95692e+00       7.68184e-01       3.56068e+00
  376  7.52e-04      4.87435e+00       7.28323e-01       3.49234e+00
  377  7.54e-04      4.85601e+00       6.81814e-01       3.46461e+00
  378  7.56e-04      4.85994e+00       7.12766e-01       3.47755e+00
  379  7.58e-04      4.87426e+00       6.54495e-01       3.46767e+00
  380  7.60e-04      4.90054e+00       7.10834e-01       3.50397e+00
  381  7.62e-04      4.92423e+00       7.06209e-01       3.51822e+00
  382  7.64e-04      4.92646e+00       6.60824e-01       3.50458e+00
  383  7.66e-04      4.88916e+00       5.61645e-01       3.44665e+00
  384  7.68e-04      4.89968e+00       6.18366e-01       3.47258e+00
  385  7.70e-04      4.89177e+00       7.02651e-01       3.49540e+00
  386  7.72e-04      4.85966e+00       6.81728e-01       3.46702e+00
  387  7.74e-04      4.82386e+00       6.74111e-01       3.44061e+00
  388  7.76e-04      4.81817e+00       7.25510e-01       3.45395e+00
  389  7.78e-04      4.83924e+00       7.41977e-01       3.47348e+00
  390  7.80e-04      4.87230e+00       5.99321e-01       3.44797e+00
  391  7.82e-04      4.84405e+00       6.96484e-01       3.46152e+00
  392  7.84e-04      4.86347e+00       5.82542e-01       3.43649e+00
  393  7.86e-04      4.88191e+00       5.69457e-01       3.44443e+00
  394  7.88e-04      4.87067e+00       7.37778e-01       3.49304e+00
  395  7.90e-04      4.87350e+00       7.25070e-01       3.49069e+00
  396  7.92e-04      4.90419e+00       7.68373e-01       3.52558e+00
  397  7.94e-04      4.92465e+00       6.90524e-01       3.51328e+00
  398  7.96e-04      4.96607e+00       7.25754e-01       3.55263e+00
  399  7.98e-04      4.90354e+00       7.54692e-01       3.52059e+00
  400  8.00e-04      4.93961e+00       7.25280e-01       3.53483e+00
  401  8.02e-04      4.92122e+00       6.75985e-01       3.50614e+00
  402  8.04e-04      4.96341e+00       7.59367e-01       3.56206e+00
  403  8.06e-04      4.90882e+00       7.84228e-01       3.53396e+00
  404  8.08e-04      4.93447e+00       6.80241e-01       3.51639e+00
  405  8.10e-04      4.92877e+00       8.23967e-01       3.56050e+00
  406  8.12e-04      4.97733e+00       6.77546e-01       3.54407e+00
  407  8.14e-04      4.95329e+00       6.77304e-01       3.52796e+00
  408  8.16e-04      5.03196e+00       7.45810e-01       3.60324e+00
  409  8.18e-04      5.00013e+00       9.08351e-01       3.63621e+00
  410  8.20e-04      4.98854e+00       7.35903e-01       3.57100e+00
  411  8.22e-04      4.95730e+00       6.25782e-01       3.51346e+00
  412  8.24e-04      4.99265e+00       7.41103e-01       3.57547e+00
  413  8.26e-04      4.99236e+00       7.94290e-01       3.59300e+00
  414  8.28e-04      4.98565e+00       8.51192e-01       3.60750e+00
  415  8.30e-04      4.92523e+00       6.60273e-01       3.50357e+00
  416  8.32e-04      4.96809e+00       7.37269e-01       3.55782e+00
  417  8.34e-04      4.94628e+00       7.26495e-01       3.53969e+00
  418  8.36e-04      4.91966e+00       6.11640e-01       3.48365e+00
  419  8.38e-04      4.91601e+00       6.41317e-01       3.49111e+00
  420  8.40e-04      4.97094e+00       7.56489e-01       3.56613e+00
  421  8.42e-04      4.95637e+00       7.73519e-01       3.56209e+00
  422  8.44e-04      4.96679e+00       7.97535e-01       3.57704e+00
  423  8.46e-04      4.99021e+00       8.80432e-01       3.62028e+00
  424  8.48e-04      4.94574e+00       8.55289e-01       3.58226e+00
  425  8.50e-04      4.96697e+00       7.47530e-01       3.56049e+00
  426  8.52e-04      5.04298e+00       7.82689e-01       3.62288e+00
  427  8.54e-04      5.02509e+00       7.99807e-01       3.61666e+00
  428  8.56e-04      5.01259e+00       6.14035e-01       3.54640e+00
  429  8.58e-04      5.00018e+00       5.03443e-01       3.50127e+00
  430  8.60e-04      5.00592e+00       7.36634e-01       3.58283e+00
  431  8.62e-04      5.02459e+00       7.11790e-01       3.58699e+00
  432  8.64e-04      5.03237e+00       7.72767e-01       3.61251e+00
  433  8.66e-04      5.03299e+00       7.42072e-01       3.60268e+00
  434  8.68e-04      5.00227e+00       8.24529e-01       3.60969e+00
  435  8.70e-04      5.05705e+00       7.49103e-01       3.62107e+00
  436  8.72e-04      5.02997e+00       7.59720e-01       3.60656e+00
  437  8.74e-04      5.01152e+00       8.39467e-01       3.62083e+00
  438  8.76e-04      4.98417e+00       6.68507e-01       3.54562e+00
  439  8.78e-04      4.97280e+00       7.13652e-01       3.55308e+00
  440  8.80e-04      4.95671e+00       7.91459e-01       3.56829e+00
  441  8.82e-04      4.97901e+00       7.33343e-01       3.56378e+00
  442  8.84e-04      4.92957e+00       7.35127e-01       3.53142e+00
  443  8.86e-04      4.93899e+00       8.66842e-01       3.58161e+00
  444  8.88e-04      4.91417e+00       6.24970e-01       3.48443e+00
  445  8.90e-04      4.97422e+00       6.87708e-01       3.54539e+00
  446  8.92e-04      4.93548e+00       8.69363e-01       3.58011e+00
  447  8.94e-04      4.96391e+00       8.81388e-01       3.60307e+00
  448  8.96e-04      4.96843e+00       7.77256e-01       3.57137e+00
  449  8.98e-04      4.95179e+00       7.57799e-01       3.55380e+00
  450  9.00e-04      4.93027e+00       7.57746e-01       3.53943e+00
  451  9.02e-04      5.00988e+00       7.08576e-01       3.57611e+00
  452  9.04e-04      4.96001e+00       7.55826e-01       3.55862e+00
  453  9.06e-04      4.96807e+00       5.92492e-01       3.50954e+00
  454  9.08e-04      4.92822e+00       7.33612e-01       3.53002e+00
  455  9.10e-04      4.98503e+00       8.88440e-01       3.61950e+00
  456  9.12e-04      4.90220e+00       7.75746e-01       3.52672e+00
  457  9.14e-04      4.96118e+00       8.70478e-01       3.59761e+00
  458  9.16e-04      4.96842e+00       7.33935e-01       3.55693e+00
  459  9.18e-04      4.97985e+00       9.02982e-01       3.62089e+00
  460  9.20e-04      4.96197e+00       8.70749e-01       3.59823e+00
  461  9.22e-04      4.97595e+00       7.58641e-01       3.57018e+00
  462  9.24e-04      4.93462e+00       6.51078e-01       3.50678e+00
  463  9.26e-04      4.93698e+00       7.79705e-01       3.55122e+00
  464  9.28e-04      4.93091e+00       8.02791e-01       3.55487e+00
  465  9.30e-04      5.03004e+00       8.64504e-01       3.64153e+00
  466  9.32e-04      4.99303e+00       8.31814e-01       3.60596e+00
  467  9.34e-04      4.98558e+00       7.15630e-01       3.56226e+00
  468  9.36e-04      4.93778e+00       8.00362e-01       3.55864e+00
  469  9.38e-04      5.01813e+00       8.40613e-01       3.62563e+00
  470  9.40e-04      4.96382e+00       6.73046e-01       3.53357e+00
  471  9.42e-04      4.96289e+00       7.18653e-01       3.54814e+00
  472  9.44e-04      4.90897e+00       8.55427e-01       3.55779e+00
  473  9.46e-04      4.94361e+00       8.89091e-01       3.59211e+00
  474  9.48e-04      4.95900e+00       8.37665e-01       3.58522e+00
  475  9.50e-04      4.96778e+00       9.16541e-01       3.61736e+00
  476  9.52e-04      4.94836e+00       7.15053e-01       3.53726e+00
  477  9.54e-04      4.96454e+00       7.65409e-01       3.56483e+00
  478  9.56e-04      4.96226e+00       6.80527e-01       3.53502e+00
  479  9.58e-04      4.96532e+00       6.94406e-01       3.54168e+00
  480  9.60e-04      4.95637e+00       7.11341e-01       3.54136e+00
  481  9.62e-04      4.94009e+00       8.16243e-01       3.56548e+00
  482  9.64e-04      4.99812e+00       8.82025e-01       3.62609e+00
  483  9.66e-04      5.02209e+00       8.76281e-01       3.64016e+00
  484  9.68e-04      5.01641e+00       9.04711e-01       3.64585e+00
  485  9.70e-04      4.97884e+00       8.51918e-01       3.60320e+00
  486  9.72e-04      4.96484e+00       8.68329e-01       3.59933e+00
  487  9.74e-04      4.97912e+00       7.65477e-01       3.57457e+00
  488  9.76e-04      5.02462e+00       7.32591e-01       3.59394e+00
  489  9.78e-04      5.02775e+00       7.88186e-01       3.61456e+00
  490  9.80e-04      5.07709e+00       8.52292e-01       3.66883e+00
  491  9.82e-04      5.05867e+00       8.41900e-01       3.65308e+00
  492  9.84e-04      5.09744e+00       9.10102e-01       3.70166e+00
  493  9.86e-04      5.10835e+00       8.40688e-01       3.68580e+00
  494  9.88e-04      5.14699e+00       8.14279e-01       3.70275e+00
  495  9.90e-04      5.17997e+00       7.99979e-01       3.71997e+00
  496  9.92e-04      5.20675e+00       8.30793e-01       3.74810e+00
  497  9.94e-04      5.16926e+00       8.43073e-01       3.72720e+00
  498  9.96e-04      5.24330e+00       7.88073e-01       3.75822e+00
  499  9.98e-04      5.19942e+00       8.86833e-01       3.76189e+00
  500  1.00e-03      5.20738e+00       9.62148e-01       3.79230e+00
  501  1.00e-03      5.14397e+00       7.31060e-01       3.67300e+00
  502  1.00e-03      5.16114e+00       8.71330e-01       3.73120e+00
  503  1.01e-03      5.16729e+00       8.43945e-01       3.72617e+00
  504  1.01e-03      5.20277e+00       8.18981e-01       3.74151e+00
  505  1.01e-03      5.13954e+00       8.13682e-01       3.69759e+00
  506  1.01e-03      5.12526e+00       9.71137e-01       3.74055e+00
  507  1.01e-03      5.06720e+00       9.87164e-01       3.70719e+00
  508  1.02e-03      5.11883e+00       9.04347e-01       3.71400e+00
  509  1.02e-03      5.08593e+00       8.00712e-01       3.65753e+00
  510  1.02e-03      5.12998e+00       7.77029e-01       3.67900e+00
  511  1.02e-03      5.11921e+00       9.10557e-01       3.71632e+00
  512  1.02e-03      5.10746e+00       8.78796e-01       3.69791e+00
  513  1.03e-03      5.06307e+00       7.26599e-01       3.61758e+00
  514  1.03e-03      5.10643e+00       8.81331e-01       3.69807e+00
  515  1.03e-03      5.10325e+00       1.15819e+00       3.78823e+00
  516  1.03e-03      5.18113e+00       9.67215e-01       3.77649e+00
  517  1.03e-03      5.20570e+00       9.49772e-01       3.78706e+00
  518  1.04e-03      5.16371e+00       1.02065e+00       3.78269e+00
  519  1.04e-03      5.18109e+00       8.40652e-01       3.73428e+00
  520  1.04e-03      5.22468e+00       8.48645e-01       3.76600e+00
  521  1.04e-03      5.20489e+00       8.08942e-01       3.73957e+00
  522  1.04e-03      5.20760e+00       9.55098e-01       3.79010e+00
  523  1.05e-03      5.19211e+00       9.08250e-01       3.76416e+00
  524  1.05e-03      5.19021e+00       1.01152e+00       3.79732e+00
  525  1.05e-03      5.19938e+00       1.00678e+00       3.80184e+00
  526  1.05e-03      5.24676e+00       8.63404e-01       3.78564e+00
  527  1.05e-03      5.20565e+00       9.19861e-01       3.77706e+00
  528  1.06e-03      5.25334e+00       9.41243e-01       3.81598e+00
  529  1.06e-03      5.22185e+00       8.70872e-01       3.77152e+00
  530  1.06e-03      5.19670e+00       8.15191e-01       3.73620e+00
  531  1.06e-03      5.18828e+00       8.92931e-01       3.75650e+00
  532  1.06e-03      5.21372e+00       9.42970e-01       3.79013e+00
  533  1.07e-03      5.25129e+00       1.02096e+00       3.84118e+00
  534  1.07e-03      5.26050e+00       8.82600e-01       3.80120e+00
  535  1.07e-03      5.29033e+00       8.19874e-01       3.80018e+00
  536  1.07e-03      5.28751e+00       7.71092e-01       3.78204e+00
  537  1.07e-03      5.33560e+00       9.26828e-01       3.86601e+00
  538  1.08e-03      5.32457e+00       9.27331e-01       3.85882e+00
  539  1.08e-03      5.28614e+00       8.66446e-01       3.81291e+00
  540  1.08e-03      5.25681e+00       9.62293e-01       3.82531e+00
  541  1.08e-03      5.27434e+00       8.48093e-01       3.79893e+00
  542  1.08e-03      5.23951e+00       9.45782e-01       3.80827e+00
  543  1.09e-03      5.25234e+00       9.80905e-01       3.82853e+00
  544  1.09e-03      5.25848e+00       8.33542e-01       3.78350e+00
  545  1.09e-03      5.26685e+00       9.27175e-01       3.82029e+00
  546  1.09e-03      5.22843e+00       8.98484e-01       3.78511e+00
  547  1.09e-03      5.33664e+00       8.89881e-01       3.85439e+00
  548  1.10e-03      5.29920e+00       9.05931e-01       3.83478e+00
  549  1.10e-03      5.28819e+00       1.00050e+00       3.85896e+00
  550  1.10e-03      5.23076e+00       1.11834e+00       3.85995e+00
  551  1.10e-03      5.25620e+00       1.00551e+00       3.83930e+00
  552  1.10e-03      5.23096e+00       8.63670e-01       3.77520e+00
  553  1.11e-03      5.25497e+00       8.61671e-01       3.79054e+00
  554  1.11e-03      5.26371e+00       8.95051e-01       3.80749e+00
  555  1.11e-03      5.33809e+00       9.74448e-01       3.88354e+00
  556  1.11e-03      5.31832e+00       1.04296e+00       3.89320e+00
  557  1.11e-03      5.39337e+00       9.99715e-01       3.92882e+00
  558  1.12e-03      5.36918e+00       9.70914e-01       3.90309e+00
  559  1.12e-03      5.38497e+00       8.63094e-01       3.87768e+00
  560  1.12e-03      5.36808e+00       9.23182e-01       3.88645e+00
  561  1.12e-03      5.40687e+00       9.46990e-01       3.92024e+00
  562  1.12e-03      5.38052e+00       9.29297e-01       3.89678e+00
  563  1.13e-03      5.35998e+00       8.99571e-01       3.87318e+00
  564  1.13e-03      5.32910e+00       1.01057e+00       3.88959e+00
  565  1.13e-03      5.36659e+00       1.07330e+00       3.93549e+00
  566  1.13e-03      5.42613e+00       1.03626e+00       3.96284e+00
  567  1.13e-03      5.43001e+00       9.29831e-01       3.92995e+00
  568  1.14e-03      5.38181e+00       9.62366e-01       3.90866e+00
  569  1.14e-03      5.42299e+00       8.63938e-01       3.90331e+00
  570  1.14e-03      5.35194e+00       8.78717e-01       3.86087e+00
  571  1.14e-03      5.41562e+00       1.06639e+00       3.96588e+00
  572  1.14e-03      5.36408e+00       1.01656e+00       3.91491e+00
  573  1.15e-03      5.38569e+00       1.02238e+00       3.93125e+00
  574  1.15e-03      5.36513e+00       1.07871e+00       3.93632e+00
  575  1.15e-03      5.37269e+00       1.16720e+00       3.97086e+00
  576  1.15e-03      5.37698e+00       1.16508e+00       3.97302e+00
  577  1.15e-03      5.43162e+00       8.91043e-01       3.91809e+00
  578  1.16e-03      5.38913e+00       9.90254e-01       3.92284e+00
  579  1.16e-03      5.44644e+00       9.20614e-01       3.93783e+00
  580  1.16e-03      5.40629e+00       7.89239e-01       3.86727e+00
  581  1.16e-03      5.37437e+00       9.89078e-01       3.91261e+00
  582  1.16e-03      5.38721e+00       1.02984e+00       3.93475e+00
  583  1.17e-03      5.38029e+00       1.02353e+00       3.92803e+00
  584  1.17e-03      5.42141e+00       1.01450e+00       3.95244e+00
  585  1.17e-03      5.41930e+00       1.01741e+00       3.95200e+00
  586  1.17e-03      5.42977e+00       9.68974e-01       3.94284e+00
  587  1.17e-03      5.40531e+00       9.42776e-01       3.91780e+00
  588  1.18e-03      5.42696e+00       1.12057e+00       3.99149e+00
  589  1.18e-03      5.43268e+00       1.11007e+00       3.99181e+00
  590  1.18e-03      5.48520e+00       1.01363e+00       3.99468e+00
  591  1.18e-03      5.40292e+00       1.07425e+00       3.96003e+00
  592  1.18e-03      5.46155e+00       9.51268e-01       3.95813e+00
  593  1.19e-03      5.48833e+00       1.09053e+00       4.02240e+00
  594  1.19e-03      5.47803e+00       1.05010e+00       4.00205e+00
  595  1.19e-03      5.40282e+00       8.59350e-01       3.88833e+00
  596  1.19e-03      5.37587e+00       1.09362e+00       3.94845e+00
  597  1.19e-03      5.40121e+00       1.15229e+00       3.98490e+00
  598  1.20e-03      5.44973e+00       1.10388e+00       4.00111e+00
  599  1.20e-03      5.36052e+00       1.12800e+00       3.94968e+00
  600  1.20e-03      5.44608e+00       1.13040e+00       4.00752e+00
  601  1.20e-03      5.47433e+00       1.11662e+00       4.02176e+00
  602  1.20e-03      5.46762e+00       9.60522e-01       3.96525e+00
  603  1.21e-03      5.42273e+00       1.18087e+00       4.00878e+00
  604  1.21e-03      5.42445e+00       8.78917e-01       3.90927e+00
  605  1.21e-03      5.35690e+00       8.50348e-01       3.85471e+00
  606  1.21e-03      5.44495e+00       1.08655e+00       3.99215e+00
  607  1.21e-03      5.42234e+00       1.23401e+00       4.02623e+00
  608  1.22e-03      5.42339e+00       1.07324e+00       3.97334e+00
  609  1.22e-03      5.36349e+00       1.13777e+00       3.95492e+00
  610  1.22e-03      5.41188e+00       1.05663e+00       3.96013e+00
  611  1.22e-03      5.34361e+00       1.01518e+00       3.90080e+00
  612  1.22e-03      5.34033e+00       1.01932e+00       3.89999e+00
  613  1.23e-03      5.32916e+00       1.06029e+00       3.90621e+00
  614  1.23e-03      5.35307e+00       1.06112e+00       3.92242e+00
  615  1.23e-03      5.35053e+00       1.10469e+00       3.93525e+00
  616  1.23e-03      5.45640e+00       1.17434e+00       4.02905e+00
  617  1.23e-03      5.47423e+00       1.16034e+00       4.03626e+00
  618  1.24e-03      5.45044e+00       9.10302e-01       3.93706e+00
  619  1.24e-03      5.45377e+00       1.15256e+00       4.02003e+00
  620  1.24e-03      5.48223e+00       9.29915e-01       3.96479e+00
  621  1.24e-03      5.51088e+00       1.14785e+00       4.05654e+00
  622  1.24e-03      5.51885e+00       1.12860e+00       4.05543e+00
  623  1.25e-03      5.50073e+00       9.92092e-01       3.99785e+00
  624  1.25e-03      5.52733e+00       1.12994e+00       4.06153e+00
  625  1.25e-03      5.45856e+00       1.15003e+00       4.02238e+00
  626  1.25e-03      5.46343e+00       8.91187e-01       3.93935e+00
  627  1.25e-03      5.50752e+00       9.75697e-01       3.99691e+00
  628  1.26e-03      5.49088e+00       1.07114e+00       4.01763e+00
  629  1.26e-03      5.48306e+00       9.29749e-01       3.96529e+00
  630  1.26e-03      5.41785e+00       9.47335e-01       3.92768e+00
  631  1.26e-03      5.46640e+00       1.27547e+00       4.06942e+00
  632  1.26e-03      5.42465e+00       1.17944e+00       4.00958e+00
  633  1.27e-03      5.44167e+00       1.14950e+00       4.01095e+00
  634  1.27e-03      5.44094e+00       1.26012e+00       4.04733e+00
  635  1.27e-03      5.49116e+00       1.23988e+00       4.07407e+00
  636  1.27e-03      5.50375e+00       1.10263e+00       4.03671e+00
  637  1.27e-03      5.54255e+00       1.10214e+00       4.06242e+00
  638  1.28e-03      5.49245e+00       1.00040e+00       3.99510e+00
  639  1.28e-03      5.51372e+00       1.10423e+00       4.04389e+00
  640  1.28e-03      5.48007e+00       1.30318e+00       4.08777e+00
  641  1.28e-03      5.49127e+00       1.13712e+00       4.03988e+00
  642  1.28e-03      5.45563e+00       1.07032e+00       3.99386e+00
  643  1.29e-03      5.51078e+00       1.17965e+00       4.06707e+00
  644  1.29e-03      5.40212e+00       9.46733e-01       3.91699e+00
  645  1.29e-03      5.43486e+00       1.20532e+00       4.02502e+00
  646  1.29e-03      5.43894e+00       1.25641e+00       4.04476e+00
  647  1.29e-03      5.47215e+00       1.16981e+00       4.03803e+00
  648  1.30e-03      5.43041e+00       1.11886e+00       3.99322e+00
  649  1.30e-03      5.51907e+00       1.20243e+00       4.08019e+00
  650  1.30e-03      5.40996e+00       1.35251e+00       4.05747e+00
  651  1.30e-03      5.49497e+00       9.11700e-01       3.96722e+00
  652  1.30e-03      5.44267e+00       9.93553e-01       3.95963e+00
  653  1.31e-03      5.48496e+00       1.11018e+00       4.02670e+00
  654  1.31e-03      5.38517e+00       1.04465e+00       3.93833e+00
  655  1.31e-03      5.46394e+00       1.09344e+00       4.00711e+00
  656  1.31e-03      5.40110e+00       1.30408e+00       4.03543e+00
  657  1.31e-03      5.44722e+00       1.37676e+00       4.09040e+00
  658  1.32e-03      5.39032e+00       1.25247e+00       4.01104e+00
  659  1.32e-03      5.46309e+00       1.17544e+00       4.03387e+00
  660  1.32e-03      5.46288e+00       1.14758e+00       4.02445e+00
  661  1.32e-03      5.48484e+00       1.11570e+00       4.02846e+00
  662  1.32e-03      5.45787e+00       1.12863e+00       4.01479e+00
  663  1.33e-03      5.44680e+00       1.16315e+00       4.01891e+00
  664  1.33e-03      5.40112e+00       1.07602e+00       3.95942e+00
  665  1.33e-03      5.44307e+00       1.27288e+00       4.05301e+00
  666  1.33e-03      5.43506e+00       1.08368e+00       3.98460e+00
  667  1.33e-03      5.41340e+00       1.13520e+00       3.98733e+00
  668  1.34e-03      5.39529e+00       1.34936e+00       4.04665e+00
  669  1.34e-03      5.37387e+00       9.42368e-01       3.89670e+00
  670  1.34e-03      5.34955e+00       1.12541e+00       3.94150e+00
  671  1.34e-03      5.37321e+00       1.30744e+00       4.01796e+00
  672  1.34e-03      5.38690e+00       1.38950e+00       4.05443e+00
  673  1.35e-03      5.42904e+00       1.12075e+00       3.99294e+00
  674  1.35e-03      5.47636e+00       9.98209e-01       3.98365e+00
  675  1.35e-03      5.41420e+00       1.20895e+00       4.01245e+00
  676  1.35e-03      5.46881e+00       1.02392e+00       3.98718e+00
  677  1.35e-03      5.45264e+00       1.08996e+00       3.99841e+00
  678  1.36e-03      5.45310e+00       1.06160e+00       3.98927e+00
  679  1.36e-03      5.50059e+00       1.25905e+00       4.08674e+00
  680  1.36e-03      5.51162e+00       1.25316e+00       4.09213e+00
  681  1.36e-03      5.49254e+00       1.26657e+00       4.08388e+00
  682  1.36e-03      5.54569e+00       1.38687e+00       4.15942e+00
  683  1.37e-03      5.54142e+00       1.17586e+00       4.08623e+00
  684  1.37e-03      5.53564e+00       1.16792e+00       4.07973e+00
  685  1.37e-03      5.53037e+00       9.58695e-01       4.00648e+00
  686  1.37e-03      5.49702e+00       1.11231e+00       4.03545e+00
  687  1.37e-03      5.46289e+00       1.10178e+00       4.00919e+00
  688  1.38e-03      5.52016e+00       1.06728e+00       4.03587e+00
  689  1.38e-03      5.49785e+00       1.31645e+00       4.10405e+00
  690  1.38e-03      5.57730e+00       1.26613e+00       4.14024e+00
  691  1.38e-03      5.51378e+00       1.21454e+00       4.08070e+00
  692  1.38e-03      5.55424e+00       1.20588e+00       4.10479e+00
  693  1.39e-03      5.52093e+00       1.18040e+00       4.07409e+00
  694  1.39e-03      5.56870e+00       1.28237e+00       4.13993e+00
  695  1.39e-03      5.57213e+00       1.11067e+00       4.08498e+00
  696  1.39e-03      5.71085e+00       1.29413e+00       4.23861e+00
  697  1.39e-03      5.64548e+00       1.03464e+00       4.10853e+00
  698  1.40e-03      5.67894e+00       1.25469e+00       4.20419e+00
  699  1.40e-03      5.65657e+00       1.04264e+00       4.11859e+00
  700  1.40e-03      5.61789e+00       1.06080e+00       4.09886e+00
  701  1.40e-03      5.59424e+00       1.30309e+00       4.16386e+00
  702  1.40e-03      5.63791e+00       1.25087e+00       4.17556e+00
  703  1.41e-03      5.54813e+00       1.12175e+00       4.07267e+00
  704  1.41e-03      5.64014e+00       1.41471e+00       4.23167e+00
  705  1.41e-03      5.55751e+00       1.43776e+00       4.18426e+00
  706  1.41e-03      5.61004e+00       1.20640e+00       4.14216e+00
  707  1.41e-03      5.62992e+00       1.03143e+00       4.09709e+00
  708  1.42e-03      5.67144e+00       1.16103e+00       4.16797e+00
  709  1.42e-03      5.60186e+00       1.09828e+00       4.10067e+00
  710  1.42e-03      5.67859e+00       1.25774e+00       4.20497e+00
  711  1.42e-03      5.59954e+00       1.17515e+00       4.12475e+00
  712  1.42e-03      5.68076e+00       1.21965e+00       4.19372e+00
  713  1.43e-03      5.69884e+00       1.19986e+00       4.19918e+00
  714  1.43e-03      5.75811e+00       1.36347e+00       4.29323e+00
  715  1.43e-03      5.67933e+00       1.22202e+00       4.19356e+00
  716  1.43e-03      5.76284e+00       1.22437e+00       4.25002e+00
  717  1.43e-03      5.77878e+00       1.12779e+00       4.22845e+00
  718  1.44e-03      5.76195e+00       1.05046e+00       4.19145e+00
  719  1.44e-03      5.73046e+00       1.31947e+00       4.26013e+00
  720  1.44e-03      5.80490e+00       1.25496e+00       4.28825e+00
  721  1.44e-03      5.76380e+00       1.25509e+00       4.26090e+00
  722  1.44e-03      5.81115e+00       1.29185e+00       4.30471e+00
  723  1.45e-03      5.81438e+00       1.33598e+00       4.32158e+00
  724  1.45e-03      5.82267e+00       1.15882e+00       4.26806e+00
  725  1.45e-03      5.80492e+00       1.08265e+00       4.23083e+00
  726  1.45e-03      5.87276e+00       1.15702e+00       4.30085e+00
  727  1.45e-03      5.87493e+00       1.40938e+00       4.38641e+00
  728  1.46e-03      5.86415e+00       1.22273e+00       4.31701e+00
  729  1.46e-03      5.84627e+00       1.22316e+00       4.30523e+00
  730  1.46e-03      5.85070e+00       1.40892e+00       4.37011e+00
  731  1.46e-03      5.83941e+00       1.27515e+00       4.31799e+00
  732  1.46e-03      5.84717e+00       1.20769e+00       4.30068e+00
  733  1.47e-03      5.89171e+00       1.25854e+00       4.34732e+00
  734  1.47e-03      5.84933e+00       1.16999e+00       4.28955e+00
  735  1.47e-03      5.87691e+00       1.49824e+00       4.41736e+00
  736  1.47e-03      5.86869e+00       1.12435e+00       4.28724e+00
  737  1.47e-03      5.88015e+00       1.41404e+00       4.39145e+00
  738  1.48e-03      5.83198e+00       1.31261e+00       4.32552e+00
  739  1.48e-03      5.78513e+00       1.27476e+00       4.28167e+00
  740  1.48e-03      5.80187e+00       1.04133e+00       4.21503e+00
  741  1.48e-03      5.87793e+00       1.42716e+00       4.39434e+00
  742  1.48e-03      5.80583e+00       1.38726e+00       4.33298e+00
  743  1.49e-03      5.86011e+00       1.36836e+00       4.36286e+00
  744  1.49e-03      5.84656e+00       1.15594e+00       4.28302e+00
  745  1.49e-03      5.92756e+00       1.40493e+00       4.42001e+00
  746  1.49e-03      5.82602e+00       1.17509e+00       4.27571e+00
  747  1.49e-03      5.89101e+00       1.37029e+00       4.38410e+00
  748  1.50e-03      5.89040e+00       1.17712e+00       4.31931e+00
  749  1.50e-03      5.94687e+00       1.13967e+00       4.34447e+00
  750  1.50e-03      5.87558e+00       1.42555e+00       4.39224e+00
  751  1.50e-03      5.88941e+00       1.27559e+00       4.35147e+00
  752  1.50e-03      5.77925e+00       1.19100e+00       4.24984e+00
  753  1.51e-03      5.83324e+00       1.69900e+00       4.45516e+00
  754  1.51e-03      5.79333e+00       1.39447e+00       4.32705e+00
  755  1.51e-03      5.87728e+00       1.21132e+00       4.32196e+00
  756  1.51e-03      5.84672e+00       1.27339e+00       4.32228e+00
  757  1.51e-03      5.86695e+00       1.13462e+00       4.28951e+00
  758  1.52e-03      5.85727e+00       1.18315e+00       4.29923e+00
  759  1.52e-03      5.93386e+00       1.15978e+00       4.34250e+00
  760  1.52e-03      5.87712e+00       1.47901e+00       4.41109e+00
  761  1.52e-03      5.91189e+00       1.49394e+00       4.43924e+00
  762  1.52e-03      5.91831e+00       1.22729e+00       4.35464e+00
  763  1.53e-03      5.95230e+00       1.56801e+00       4.49087e+00
  764  1.53e-03      5.93324e+00       1.43938e+00       4.43529e+00
  765  1.53e-03      5.94059e+00       1.33177e+00       4.40432e+00
  766  1.53e-03      5.92631e+00       1.36505e+00       4.40589e+00
  767  1.53e-03      5.97274e+00       1.27063e+00       4.40537e+00
  768  1.54e-03      5.90847e+00       1.20982e+00       4.34225e+00
  769  1.54e-03      5.92232e+00       1.43549e+00       4.42671e+00
  770  1.54e-03      5.93220e+00       1.24629e+00       4.37023e+00
  771  1.54e-03      5.89899e+00       1.31297e+00       4.37032e+00
  772  1.54e-03      5.90515e+00       1.43603e+00       4.41545e+00
  773  1.55e-03      5.87492e+00       1.37693e+00       4.37559e+00
  774  1.55e-03      5.88392e+00       1.47481e+00       4.41422e+00
  775  1.55e-03      5.89735e+00       1.36739e+00       4.38736e+00
  776  1.55e-03      5.90714e+00       1.45593e+00       4.42340e+00
  777  1.55e-03      5.91527e+00       1.20998e+00       4.34684e+00
  778  1.56e-03      5.93129e+00       1.17079e+00       4.34446e+00
  779  1.56e-03      5.90107e+00       1.36018e+00       4.38744e+00
  780  1.56e-03      5.90062e+00       1.26567e+00       4.35564e+00
  781  1.56e-03      5.89211e+00       1.34528e+00       4.37650e+00
  782  1.56e-03      5.98828e+00       1.30355e+00       4.42670e+00
  783  1.57e-03      5.99212e+00       1.37969e+00       4.45465e+00
  784  1.57e-03      6.07958e+00       1.57681e+00       4.57866e+00
  785  1.57e-03      6.04511e+00       1.37853e+00       4.48958e+00
  786  1.57e-03      6.11422e+00       1.39755e+00       4.54200e+00
  787  1.57e-03      6.14159e+00       1.28302e+00       4.52207e+00
  788  1.58e-03      6.20172e+00       1.12013e+00       4.50786e+00
  789  1.58e-03      6.15411e+00       1.19585e+00       4.50135e+00
  790  1.58e-03      6.19498e+00       1.21122e+00       4.53373e+00
  791  1.58e-03      6.15005e+00       1.32078e+00       4.54029e+00
  792  1.58e-03      6.16700e+00       1.40918e+00       4.58106e+00
  793  1.59e-03      6.08802e+00       1.22627e+00       4.46743e+00
  794  1.59e-03      6.17971e+00       1.50824e+00       4.62255e+00
  795  1.59e-03      6.21875e+00       1.47492e+00       4.63747e+00
  796  1.59e-03      6.26103e+00       1.42574e+00       4.64927e+00
  797  1.59e-03      6.22509e+00       1.28846e+00       4.57955e+00
  798  1.60e-03      6.30335e+00       1.19063e+00       4.59911e+00
  799  1.60e-03      6.26900e+00       1.60221e+00       4.71341e+00
  800  1.60e-03      6.28957e+00       1.37827e+00       4.65247e+00
  801  1.60e-03      6.30420e+00       1.17001e+00       4.59280e+00
  802  1.60e-03      6.41209e+00       1.27396e+00       4.69938e+00
  803  1.61e-03      6.37042e+00       1.55150e+00       4.76411e+00
  804  1.61e-03      6.45922e+00       1.35849e+00       4.75898e+00
  805  1.61e-03      6.43000e+00       1.34276e+00       4.73425e+00
  806  1.61e-03      6.40463e+00       1.46375e+00       4.75767e+00
  807  1.61e-03      6.43208e+00       1.47645e+00       4.78020e+00
  808  1.62e-03      6.45334e+00       1.58934e+00       4.83201e+00
  809  1.62e-03      6.38027e+00       1.39563e+00       4.71873e+00
  810  1.62e-03      6.45867e+00       1.33831e+00       4.75189e+00
  811  1.62e-03      6.36608e+00       1.19114e+00       4.64110e+00
  812  1.62e-03      6.41215e+00       1.38926e+00       4.73785e+00
  813  1.63e-03      6.35992e+00       1.38295e+00       4.70093e+00
  814  1.63e-03      6.41883e+00       1.34344e+00       4.72703e+00
  815  1.63e-03      6.47780e+00       1.52438e+00       4.82666e+00
  816  1.63e-03      6.49768e+00       1.54266e+00       4.84601e+00
  817  1.63e-03      6.47504e+00       1.30589e+00       4.75199e+00
  818  1.64e-03      6.51590e+00       1.69626e+00       4.90935e+00
  819  1.64e-03      6.44849e+00       1.22276e+00       4.70658e+00
  820  1.64e-03      6.45038e+00       1.23063e+00       4.71046e+00
  821  1.64e-03      6.46476e+00       1.57553e+00       4.83502e+00
  822  1.64e-03      6.40208e+00       1.22630e+00       4.67682e+00
  823  1.65e-03      6.43658e+00       1.31311e+00       4.72876e+00
  824  1.65e-03      6.42490e+00       1.40416e+00       4.75132e+00
  825  1.65e-03      6.50138e+00       1.47694e+00       4.82656e+00
  826  1.65e-03      6.48937e+00       1.60534e+00       4.86136e+00
  827  1.65e-03      6.54336e+00       1.45414e+00       4.84696e+00
  828  1.66e-03      6.54002e+00       1.55000e+00       4.87668e+00
  829  1.66e-03      6.57333e+00       1.56647e+00       4.90438e+00
  830  1.66e-03      6.54901e+00       1.44800e+00       4.84867e+00
  831  1.66e-03      6.54413e+00       1.39665e+00       4.82830e+00
  832  1.66e-03      6.56731e+00       1.25440e+00       4.79634e+00
  833  1.67e-03      6.64754e+00       1.31965e+00       4.87158e+00
  834  1.67e-03      6.69228e+00       1.58494e+00       4.98983e+00
  835  1.67e-03      6.85413e+00       1.19931e+00       4.96919e+00
  836  1.67e-03      6.84932e+00       1.23615e+00       4.97826e+00
  837  1.67e-03      6.84051e+00       1.55670e+00       5.07924e+00
  838  1.68e-03      6.82125e+00       1.33436e+00       4.99229e+00
  839  1.68e-03      6.86208e+00       1.44670e+00       5.05695e+00
  840  1.68e-03      6.85196e+00       1.48650e+00       5.06347e+00
  841  1.68e-03      6.94467e+00       1.40021e+00       5.09652e+00
  842  1.68e-03      6.92969e+00       1.45681e+00       5.10540e+00
  843  1.69e-03      6.94086e+00       1.44338e+00       5.10837e+00
  844  1.69e-03      6.84349e+00       1.50458e+00       5.06385e+00
  845  1.69e-03      6.87336e+00       1.27811e+00       5.00828e+00
  846  1.69e-03      6.89448e+00       1.34808e+00       5.04568e+00
  847  1.69e-03      6.97137e+00       1.69506e+00       5.21260e+00
  848  1.70e-03      6.98975e+00       1.28285e+00       5.08745e+00
  849  1.70e-03      6.97285e+00       1.30137e+00       5.08235e+00
  850  1.70e-03      6.87280e+00       1.42550e+00       5.05704e+00
  851  1.70e-03      6.96580e+00       1.38051e+00       5.10404e+00
  852  1.70e-03      6.98189e+00       1.68211e+00       5.21530e+00
  853  1.71e-03      6.99080e+00       1.23620e+00       5.07260e+00
  854  1.71e-03      6.98784e+00       1.54147e+00       5.17239e+00
  855  1.71e-03      6.99808e+00       1.19571e+00       5.06396e+00
  856  1.71e-03      6.99269e+00       1.53386e+00       5.17308e+00
  857  1.71e-03      7.02093e+00       1.47108e+00       5.17098e+00
  858  1.72e-03      7.00048e+00       1.00475e+00       5.00190e+00
  859  1.72e-03      7.01416e+00       1.31421e+00       5.11418e+00
  860  1.72e-03      7.05783e+00       1.36405e+00       5.15991e+00
  861  1.72e-03      7.14171e+00       1.44120e+00       5.24154e+00
  862  1.72e-03      7.16554e+00       1.23376e+00       5.18828e+00
  863  1.73e-03      7.20780e+00       1.34039e+00       5.25200e+00
  864  1.73e-03      7.13667e+00       1.33554e+00       5.20296e+00
  865  1.73e-03      7.23129e+00       1.68110e+00       5.38123e+00
  866  1.73e-03      7.20252e+00       1.34245e+00       5.24916e+00
  867  1.73e-03      7.29098e+00       1.34900e+00       5.31032e+00
  868  1.74e-03      7.28344e+00       1.39079e+00       5.31922e+00
  869  1.74e-03      7.26995e+00       1.37064e+00       5.30351e+00
  870  1.74e-03      7.23900e+00       1.48263e+00       5.32021e+00
  871  1.74e-03      7.23757e+00       1.47025e+00       5.31513e+00
  872  1.74e-03      7.24002e+00       1.20792e+00       5.22932e+00
  873  1.75e-03      7.27933e+00       1.44021e+00       5.33295e+00
  874  1.75e-03      7.31649e+00       1.39651e+00       5.34316e+00
  875  1.75e-03      7.35872e+00       1.49036e+00       5.40260e+00
  876  1.75e-03      7.45620e+00       1.47846e+00       5.46362e+00
  877  1.75e-03      7.39733e+00       1.32926e+00       5.37464e+00
  878  1.76e-03      7.45268e+00       1.67175e+00       5.52571e+00
  879  1.76e-03      7.43197e+00       1.50755e+00       5.45716e+00
  880  1.76e-03      7.49543e+00       1.30215e+00       5.43100e+00
  881  1.76e-03      7.56219e+00       1.54172e+00       5.55537e+00
  882  1.76e-03      7.51727e+00       1.19138e+00       5.40864e+00
  883  1.77e-03      7.45864e+00       1.47355e+00       5.46361e+00
  884  1.77e-03      7.49771e+00       1.13122e+00       5.37554e+00
  885  1.77e-03      7.49290e+00       1.32502e+00       5.43694e+00
  886  1.77e-03      7.53678e+00       1.24596e+00       5.43984e+00
  887  1.77e-03      7.57334e+00       1.35316e+00       5.49994e+00
  888  1.78e-03      7.57647e+00       1.53945e+00       5.56413e+00
  889  1.78e-03      7.53131e+00       1.55587e+00       5.53950e+00
  890  1.78e-03      7.54625e+00       1.42588e+00       5.50613e+00
  891  1.78e-03      7.54429e+00       1.46715e+00       5.51858e+00
  892  1.78e-03      7.65018e+00       1.35559e+00       5.55198e+00
  893  1.79e-03      7.64138e+00       1.33235e+00       5.53837e+00
  894  1.79e-03      7.67133e+00       1.46789e+00       5.60352e+00
  895  1.79e-03      7.64493e+00       1.13040e+00       5.47342e+00
  896  1.79e-03      7.64812e+00       1.46066e+00       5.58564e+00
  897  1.79e-03      7.61835e+00       1.48765e+00       5.57479e+00
  898  1.80e-03      7.67897e+00       1.24526e+00       5.53440e+00
  899  1.80e-03      7.67503e+00       1.72272e+00       5.69093e+00
  900  1.80e-03      7.67536e+00       1.26302e+00       5.53791e+00
  901  1.80e-03      7.62216e+00       1.55705e+00       5.60045e+00
  902  1.80e-03      7.67459e+00       1.68366e+00       5.67762e+00
  903  1.81e-03      7.70183e+00       1.45146e+00       5.61838e+00
  904  1.81e-03      7.73341e+00       1.41107e+00       5.62596e+00
  905  1.81e-03      7.77829e+00       1.31359e+00       5.62339e+00
  906  1.81e-03      7.76812e+00       1.31082e+00       5.61569e+00
  907  1.81e-03      7.73536e+00       1.63534e+00       5.70202e+00
  908  1.82e-03      7.75228e+00       1.26739e+00       5.59065e+00
  909  1.82e-03      7.79558e+00       1.68645e+00       5.75920e+00
  910  1.82e-03      7.76162e+00       1.31428e+00       5.61251e+00
  911  1.82e-03      7.82945e+00       1.56278e+00       5.74056e+00
  912  1.82e-03      7.86990e+00       1.83595e+00       5.85859e+00
  913  1.83e-03      7.99788e+00       1.28487e+00       5.76021e+00
  914  1.83e-03      8.03604e+00       1.38130e+00       5.81779e+00
  915  1.83e-03      8.09221e+00       1.47856e+00       5.88766e+00
  916  1.83e-03      8.11020e+00       1.67825e+00       5.96622e+00
  917  1.83e-03      8.11535e+00       1.42184e+00       5.88418e+00
  918  1.84e-03      8.06143e+00       1.51532e+00       5.87940e+00
  919  1.84e-03      8.16160e+00       1.46394e+00       5.92905e+00
  920  1.84e-03      8.15252e+00       1.57071e+00       5.95859e+00
  921  1.84e-03      8.13409e+00       1.55332e+00       5.94050e+00
  922  1.84e-03      8.08582e+00       1.72919e+00       5.96694e+00
  923  1.85e-03      8.09014e+00       1.33182e+00       5.83737e+00
  924  1.85e-03      8.03455e+00       1.56091e+00       5.87667e+00
  925  1.85e-03      8.04894e+00       1.75367e+00       5.95052e+00
  926  1.85e-03      7.97944e+00       1.40778e+00       5.78888e+00
  927  1.85e-03      8.05846e+00       1.65861e+00       5.92518e+00
  928  1.86e-03      8.03524e+00       1.48980e+00       5.85343e+00
  929  1.86e-03      8.01320e+00       1.51159e+00       5.84599e+00
  930  1.86e-03      8.00521e+00       1.52528e+00       5.84523e+00
  931  1.86e-03      8.17992e+00       1.64659e+00       6.00215e+00
  932  1.86e-03      8.10852e+00       1.29532e+00       5.83745e+00
  933  1.87e-03      8.18507e+00       1.82160e+00       6.06391e+00
  934  1.87e-03      8.15994e+00       1.42595e+00       5.91527e+00
  935  1.87e-03      8.17884e+00       1.65535e+00       6.00434e+00
  936  1.87e-03      8.10974e+00       1.37449e+00       5.86466e+00
  937  1.87e-03      8.19349e+00       1.44761e+00       5.94486e+00
  938  1.88e-03      8.14152e+00       1.51454e+00       5.93252e+00
  939  1.88e-03      8.28604e+00       1.41035e+00       5.99414e+00
  940  1.88e-03      8.19959e+00       1.57377e+00       5.99098e+00
  941  1.88e-03      8.27738e+00       1.60020e+00       6.05165e+00
  942  1.88e-03      8.26875e+00       1.65180e+00       6.06310e+00
  943  1.89e-03      8.28024e+00       1.72182e+00       6.09410e+00
  944  1.89e-03      8.25794e+00       1.68557e+00       6.06715e+00
  945  1.89e-03      8.31317e+00       1.50708e+00       6.04448e+00
  946  1.89e-03      8.20724e+00       1.73170e+00       6.04873e+00
  947  1.89e-03      8.28055e+00       1.48357e+00       6.01489e+00
  948  1.90e-03      8.25040e+00       1.42619e+00       5.97566e+00
  949  1.90e-03      8.29621e+00       1.56349e+00       6.05197e+00
  950  1.90e-03      8.25396e+00       1.63981e+00       6.04924e+00
  951  1.90e-03      8.23929e+00       1.52943e+00       6.00267e+00
  952  1.90e-03      8.23783e+00       1.52701e+00       6.00089e+00
  953  1.91e-03      8.25506e+00       1.43249e+00       5.98087e+00
  954  1.91e-03      8.29152e+00       1.96213e+00       6.18173e+00
  955  1.91e-03      8.34965e+00       1.59091e+00       6.09673e+00
  956  1.91e-03      8.37402e+00       1.65499e+00       6.13434e+00
  957  1.91e-03      8.35071e+00       1.62912e+00       6.11018e+00
  958  1.92e-03      8.43840e+00       1.41744e+00       6.09808e+00
  959  1.92e-03      8.44153e+00       1.65649e+00       6.17985e+00
  960  1.92e-03      8.51622e+00       1.59924e+00       6.21056e+00
  961  1.92e-03      8.55605e+00       1.54981e+00       6.22064e+00
  962  1.92e-03      8.54871e+00       1.38805e+00       6.16182e+00
  963  1.93e-03      8.52426e+00       1.44748e+00       6.16533e+00
  964  1.93e-03      8.57947e+00       1.77843e+00       6.31246e+00
  965  1.93e-03      8.55936e+00       2.01702e+00       6.37858e+00
  966  1.93e-03      8.70245e+00       1.62572e+00       6.34354e+00
  967  1.93e-03      8.74620e+00       1.88594e+00       6.45944e+00
  968  1.94e-03      8.74537e+00       1.67953e+00       6.39009e+00
  969  1.94e-03      8.81065e+00       1.83511e+00       6.48547e+00
  970  1.94e-03      8.93768e+00       1.60393e+00       6.49310e+00
  971  1.94e-03      8.96650e+00       1.56586e+00       6.49962e+00
  972  1.94e-03      9.04537e+00       1.22988e+00       6.44020e+00
  973  1.95e-03      9.02972e+00       1.57933e+00       6.54626e+00
  974  1.95e-03      9.10573e+00       1.71413e+00       6.64186e+00
  975  1.95e-03      9.12863e+00       1.98972e+00       6.74899e+00
  976  1.95e-03      9.10526e+00       1.67851e+00       6.62968e+00
  977  1.95e-03      9.18575e+00       1.64030e+00       6.67060e+00
  978  1.96e-03      9.25507e+00       1.85083e+00       6.78699e+00
  979  1.96e-03      9.23893e+00       1.72888e+00       6.73558e+00
  980  1.96e-03      9.29581e+00       1.59589e+00       6.72917e+00
  981  1.96e-03      9.27185e+00       1.31891e+00       6.62087e+00
  982  1.96e-03      9.21413e+00       1.54546e+00       6.65791e+00
  983  1.97e-03      9.18433e+00       1.76181e+00       6.71015e+00
  984  1.97e-03      9.24006e+00       1.53367e+00       6.67127e+00
  985  1.97e-03      9.22657e+00       1.66141e+00       6.70485e+00
  986  1.97e-03      9.27689e+00       1.88411e+00       6.81263e+00
  987  1.97e-03      9.24270e+00       1.46224e+00       6.64921e+00
  988  1.98e-03      9.40255e+00       1.91721e+00       6.90744e+00
  989  1.98e-03      9.40234e+00       1.77619e+00       6.86029e+00
  990  1.98e-03      9.42654e+00       1.63444e+00       6.82917e+00
  991  1.98e-03      9.48019e+00       1.58789e+00       6.84942e+00
  992  1.98e-03      9.50354e+00       1.60331e+00       6.87013e+00
  993  1.99e-03      9.46610e+00       1.98648e+00       6.97289e+00
  994  1.99e-03      9.54321e+00       1.70753e+00       6.93132e+00
  995  1.99e-03      9.43947e+00       1.36186e+00       6.74693e+00
  996  1.99e-03      9.41513e+00       1.63243e+00       6.82090e+00
  997  1.99e-03      9.42268e+00       2.04587e+00       6.96374e+00
  998  2.00e-03      9.48189e+00       1.61090e+00       6.85823e+00
  999  2.00e-03      9.64505e+00       1.69392e+00       6.99468e+00
