Delta = -5.737e-01 gamma
 step      t        T_in_plane/mK   T_out_of_plane/mK   T_tot/mK
    0  0.00e+00      1.88638e-29       0.00000e+00       1.25759e-29
    1  1.00e-06      1.21564e-02       2.45165e-02       1.62764e-02
    2  2.00e-06      2.38879e-02       3.79998e-02       2.85918e-02
    3  3.00e-06      3.65372e-02       6.04256e-02       4.45000e-02
    4  4.00e-06      4.74563e-02       8.81125e-02       6.10084e-02
    5  5.00e-06      5.81992e-02       1.10543e-01       7.56472e-02
    6  6.00e-06      7.79214e-02       1.36619e-01       9.74873e-02
    7  7.00e-06      8.69973e-02       1.38629e-01       1.04208e-01
    8  8.00e-06      1.03473e-01       1.57322e-01       1.21423e-01
    9  9.00e-06      1.09658e-01       1.60325e-01       1.26547e-01
   10  1.00e-05      1.17705e-01       1.63553e-01       1.32987e-01
   11  1.10e-05      1.30996e-01       1.47014e-01       1.36335e-01
   12  1.20e-05      1.47074e-01       1.92307e-01       1.62152e-01
   13  1.30e-05      1.63911e-01       2.03126e-01       1.76983e-01
   14  1.40e-05      1.68424e-01       1.94390e-01       1.77080e-01
   15  1.50e-05      1.79155e-01       2.27412e-01       1.95241e-01
   16  1.60e-05      1.86599e-01       2.29598e-01       2.00932e-01
   17  1.70e-05      2.05170e-01       1.83051e-01       1.97797e-01
   18  1.80e-05      2.16559e-01       2.35987e-01       2.23035e-01
   19  1.90e-05      2.16113e-01       2.78220e-01       2.36815e-01
   20  2.00e-05      2.21092e-01       2.44345e-01       2.28843e-01
   21  2.10e-05      2.33529e-01       2.46762e-01       2.37940e-01
   22  2.20e-05      2.51919e-01       2.33179e-01       2.45672e-01
   23  2.30e-05      2.59189e-01       2.22673e-01       2.47017e-01
   24  2.40e-05      2.70988e-01       2.65731e-01       2.69235e-01
   25  2.50e-05      2.99378e-01       2.47498e-01       2.82085e-01
   26  2.60e-05      3.08021e-01       2.37446e-01       2.84496e-01
   27  2.70e-05      3.23378e-01       2.60585e-01       3.02447e-01
   28  2.80e-05      3.35848e-01       3.00111e-01       3.23936e-01
   29  2.90e-05      3.45093e-01       2.72517e-01       3.20901e-01
   30  3.00e-05      3.61853e-01       3.06125e-01       3.43277e-01
   31  3.10e-05      3.83956e-01       2.72358e-01       3.46756e-01
   32  3.20e-05      3.90221e-01       2.72212e-01       3.50885e-01
   33  3.30e-05      4.15154e-01       3.02659e-01       3.77656e-01
   34  3.40e-05      4.22045e-01       3.13774e-01       3.85955e-01
   35  3.50e-05      4.50648e-01       3.28259e-01       4.09852e-01
   36  3.60e-05      4.62679e-01       3.35163e-01       4.20174e-01
   37  3.70e-05      4.72953e-01       3.19391e-01       4.21765e-01
   38  3.80e-05      5.01760e-01       3.28951e-01       4.44157e-01
   39  3.90e-05      5.06184e-01       3.50807e-01       4.54392e-01
   40  4.00e-05      5.46709e-01       3.41158e-01       4.78192e-01
   41  4.10e-05      5.54917e-01       3.06392e-01       4.72076e-01
   42  4.20e-05      5.40008e-01       3.13355e-01       4.64457e-01
   43  4.30e-05      5.54039e-01       3.47776e-01       4.85284e-01
   44  4.40e-05      5.59394e-01       3.05936e-01       4.74908e-01
   45  4.50e-05      5.59518e-01       3.64924e-01       4.94653e-01
   46  4.60e-05      5.54250e-01       3.24266e-01       4.77589e-01
   47  4.70e-05      5.61061e-01       3.64259e-01       4.95460e-01
   48  4.80e-05      5.86456e-01       3.55822e-01       5.09578e-01
   49  4.90e-05      6.10122e-01       3.65476e-01       5.28573e-01
   50  5.00e-05      6.17965e-01       3.74253e-01       5.36728e-01
   51  5.10e-05      6.29251e-01       3.52025e-01       5.36843e-01
   52  5.20e-05      6.35822e-01       3.83199e-01       5.51614e-01
   53  5.30e-05      6.56095e-01       3.76140e-01       5.62777e-01
   54  5.40e-05      6.66319e-01       3.26971e-01       5.53203e-01
   55  5.50e-05      7.07397e-01       3.37619e-01       5.84138e-01
   56  5.60e-05      7.23138e-01       3.78910e-01       6.08395e-01
   57  5.70e-05      7.29887e-01       3.38047e-01       5.99274e-01
   58  5.80e-05      7.31925e-01       3.77634e-01       6.13828e-01
   59  5.90e-05      7.44607e-01       3.41842e-01       6.10352e-01
   60  6.00e-05      7.50999e-01       3.52074e-01       6.18024e-01
   61  6.10e-05      7.95694e-01       3.69197e-01       6.53528e-01
   62  6.20e-05      8.03294e-01       4.08878e-01       6.71822e-01
   63  6.30e-05      8.22573e-01       4.42080e-01       6.95742e-01
   64  6.40e-05      8.38919e-01       4.08523e-01       6.95454e-01
   65  6.50e-05      8.56533e-01       4.23299e-01       7.12122e-01
   66  6.60e-05      8.59846e-01       4.06506e-01       7.08732e-01
   67  6.70e-05      8.58437e-01       4.44455e-01       7.20443e-01
   68  6.80e-05      8.60424e-01       3.85678e-01       7.02175e-01
   69  6.90e-05      8.70488e-01       4.29765e-01       7.23580e-01
   70  7.00e-05      8.78797e-01       3.86545e-01       7.14713e-01
   71  7.10e-05      8.84747e-01       3.42061e-01       7.03852e-01
   72  7.20e-05      8.89276e-01       3.32407e-01       7.03653e-01
   73  7.30e-05      9.24790e-01       3.17377e-01       7.22319e-01
   74  7.40e-05      9.41989e-01       3.94238e-01       7.59406e-01
   75  7.50e-05      9.71814e-01       3.44119e-01       7.62583e-01
   76  7.60e-05      9.82993e-01       3.66951e-01       7.77646e-01
   77  7.70e-05      9.99969e-01       4.42323e-01       8.14087e-01
   78  7.80e-05      1.02912e+00       3.84014e-01       8.14085e-01
   79  7.90e-05      1.02204e+00       4.19080e-01       8.21055e-01
   80  8.00e-05      1.02723e+00       3.97543e-01       8.17331e-01
   81  8.10e-05      1.04354e+00       3.96116e-01       8.27731e-01
   82  8.20e-05      1.05947e+00       3.67691e-01       8.28876e-01
   83  8.30e-05      1.04792e+00       3.95204e-01       8.30348e-01
   84  8.40e-05      1.05428e+00       3.72454e-01       8.27005e-01
   85  8.50e-05      1.07082e+00       3.13500e-01       8.18378e-01
   86  8.60e-05      1.08876e+00       3.74495e-01       8.50672e-01
   87  8.70e-05      1.12423e+00       3.16721e-01       8.55060e-01
   88  8.80e-05      1.13102e+00       3.11257e-01       8.57765e-01
   89  8.90e-05      1.16063e+00       3.23483e-01       8.81583e-01
   90  9.00e-05      1.16812e+00       3.68431e-01       9.01554e-01
   91  9.10e-05      1.20298e+00       3.35853e-01       9.13941e-01
   92  9.20e-05      1.24173e+00       3.43018e-01       9.42160e-01
   93  9.30e-05      1.26480e+00       3.69208e-01       9.66271e-01
   94  9.40e-05      1.27836e+00       3.46881e-01       9.67868e-01
   95  9.50e-05      1.29596e+00       3.75959e-01       9.89296e-01
   96  9.60e-05      1.31378e+00       3.12871e-01       9.80145e-01
   97  9.70e-05      1.32858e+00       3.74629e-01       1.01059e+00
   98  9.80e-05      1.33433e+00       3.07560e-01       9.92075e-01
   99  9.90e-05      1.34058e+00       3.55569e-01       1.01224e+00
