Delta = -5.263e+00 gamma
 step      t        T_in_plane/mK   T_out_of_plane/mK   T_tot/mK
    0  0.00e+00      5.36001e+00       0.00000e+00       3.57334e+00
    1  2.00e-06      5.26139e+00       9.39572e-04       3.50791e+00
    2  4.00e-06      5.29610e+00       2.09241e-03       3.53143e+00
    3  6.00e-06      5.32045e+00       3.30570e-03       3.54807e+00
    4  8.00e-06      5.36645e+00       5.47781e-03       3.57946e+00
    5  1.00e-05      5.35038e+00       6.55956e-03       3.56911e+00
    6  1.20e-05      5.33882e+00       8.21031e-03       3.56195e+00
    7  1.40e-05      5.34600e+00       8.95265e-03       3.56698e+00
    8  1.60e-05      5.37396e+00       9.78647e-03       3.58590e+00
    9  1.80e-05      5.36945e+00       9.87596e-03       3.58292e+00
   10  2.00e-05      5.37106e+00       1.13469e-02       3.58449e+00
   11  2.20e-05      5.36113e+00       1.39785e-02       3.57874e+00
   12  2.40e-05      5.35760e+00       1.32361e-02       3.57614e+00
   13  2.60e-05      5.32283e+00       1.55849e-02       3.55375e+00
   14  2.80e-05      5.29201e+00       1.64572e-02       3.53349e+00
   15  3.00e-05      5.30054e+00       1.61458e-02       3.53908e+00
   16  3.20e-05      5.33613e+00       2.15229e-02       3.56459e+00
   17  3.40e-05      5.27299e+00       1.87594e-02       3.52158e+00
   18  3.60e-05      5.26961e+00       1.89822e-02       3.51940e+00
   19  3.80e-05      5.27342e+00       2.34277e-02       3.52343e+00
   20  4.00e-05      5.27456e+00       2.40465e-02       3.52439e+00
   21  4.20e-05      5.25523e+00       2.49840e-02       3.51181e+00
   22  4.40e-05      5.18892e+00       2.63614e-02       3.46807e+00
   23  4.60e-05      5.20913e+00       2.78901e-02       3.48205e+00
   24  4.80e-05      5.19114e+00       2.71123e-02       3.46980e+00
   25  5.00e-05      5.18496e+00       2.77890e-02       3.46591e+00
   26  5.20e-05      5.21091e+00       2.73287e-02       3.48305e+00
   27  5.40e-05      5.20241e+00       3.48389e-02       3.47989e+00
   28  5.60e-05      5.22507e+00       3.15604e-02       3.49390e+00
   29  5.80e-05      5.21529e+00       3.49619e-02       3.48852e+00
   30  6.00e-05      5.17885e+00       3.63920e-02       3.46469e+00
   31  6.20e-05      5.16720e+00       3.60561e-02       3.45682e+00
   32  6.40e-05      5.16267e+00       3.87728e-02       3.45471e+00
   33  6.60e-05      5.12129e+00       4.09247e-02       3.42783e+00
   34  6.80e-05      5.08977e+00       3.63878e-02       3.40531e+00
   35  7.00e-05      5.05031e+00       4.29073e-02       3.38118e+00
   36  7.20e-05      5.02633e+00       3.39686e-02       3.36221e+00
   37  7.40e-05      5.02747e+00       3.66313e-02       3.36386e+00
   38  7.60e-05      5.04520e+00       3.88630e-02       3.37642e+00
   39  7.80e-05      4.99194e+00       4.49638e-02       3.34295e+00
   40  8.00e-05      4.98560e+00       4.38241e-02       3.33834e+00
   41  8.20e-05      5.01233e+00       4.19022e-02       3.35552e+00
   42  8.40e-05      4.95831e+00       4.07423e-02       3.31912e+00
   43  8.60e-05      4.97828e+00       4.53882e-02       3.33398e+00
   44  8.80e-05      4.96658e+00       4.84494e-02       3.32720e+00
   45  9.00e-05      4.93557e+00       4.66452e-02       3.30593e+00
   46  9.20e-05      4.94107e+00       4.38109e-02       3.30865e+00
   47  9.40e-05      4.92350e+00       4.42031e-02       3.29707e+00
   48  9.60e-05      4.90629e+00       5.01022e-02       3.28756e+00
   49  9.80e-05      4.89079e+00       5.55089e-02       3.27903e+00
   50  1.00e-04      4.84606e+00       5.50203e-02       3.24905e+00
   51  1.02e-04      4.81794e+00       4.80943e-02       3.22799e+00
   52  1.04e-04      4.83088e+00       5.22859e-02       3.23802e+00
   53  1.06e-04      4.78248e+00       6.01161e-02       3.20836e+00
   54  1.08e-04      4.77216e+00       5.77814e-02       3.20070e+00
   55  1.10e-04      4.73474e+00       6.86943e-02       3.17939e+00
   56  1.12e-04      4.69110e+00       5.97044e-02       3.14730e+00
   57  1.14e-04      4.69335e+00       6.16787e-02       3.14946e+00
   58  1.16e-04      4.68307e+00       6.73753e-02       3.14450e+00
   59  1.18e-04      4.70285e+00       5.46171e-02       3.15344e+00
   60  1.20e-04      4.67427e+00       6.47922e-02       3.13778e+00
   61  1.22e-04      4.69878e+00       5.50856e-02       3.15088e+00
   62  1.24e-04      4.67095e+00       6.26450e-02       3.13485e+00
   63  1.26e-04      4.67303e+00       7.28643e-02       3.13964e+00
   64  1.28e-04      4.69491e+00       8.32178e-02       3.15768e+00
   65  1.30e-04      4.66822e+00       6.73202e-02       3.13459e+00
   66  1.32e-04      4.66370e+00       8.39858e-02       3.13713e+00
   67  1.34e-04      4.66891e+00       8.52565e-02       3.14103e+00
   68  1.36e-04      4.60745e+00       6.62466e-02       3.09372e+00
   69  1.38e-04      4.61558e+00       7.21191e-02       3.10109e+00
   70  1.40e-04      4.65497e+00       7.42627e-02       3.12806e+00
   71  1.42e-04      4.66412e+00       9.42931e-02       3.14084e+00
   72  1.44e-04      4.62837e+00       9.01995e-02       3.11564e+00
   73  1.46e-04      4.63199e+00       7.32047e-02       3.11239e+00
   74  1.48e-04      4.63099e+00       9.38587e-02       3.11861e+00
   75  1.50e-04      4.63796e+00       1.03499e-01       3.12647e+00
   76  1.52e-04      4.64229e+00       8.90452e-02       3.12454e+00
   77  1.54e-04      4.63779e+00       8.82903e-02       3.12129e+00
   78  1.56e-04      4.64969e+00       8.73836e-02       3.12892e+00
   79  1.58e-04      4.60254e+00       8.97986e-02       3.09829e+00
   80  1.60e-04      4.59187e+00       9.32362e-02       3.09232e+00
   81  1.62e-04      4.58654e+00       8.36017e-02       3.08556e+00
   82  1.64e-04      4.62179e+00       8.32440e-02       3.10894e+00
   83  1.66e-04      4.61651e+00       9.86711e-02       3.11056e+00
   84  1.68e-04      4.62541e+00       9.23103e-02       3.11438e+00
   85  1.70e-04      4.65504e+00       1.07883e-01       3.13932e+00
   86  1.72e-04      4.67718e+00       1.06012e-01       3.15345e+00
   87  1.74e-04      4.66980e+00       9.11866e-02       3.14360e+00
   88  1.76e-04      4.67947e+00       8.46753e-02       3.14787e+00
   89  1.78e-04      4.66586e+00       1.14640e-01       3.14878e+00
   90  1.80e-04      4.65690e+00       1.12313e-01       3.14203e+00
   91  1.82e-04      4.58856e+00       1.09219e-01       3.09545e+00
   92  1.84e-04      4.56704e+00       9.64673e-02       3.07685e+00
   93  1.86e-04      4.54935e+00       1.13276e-01       3.07066e+00
   94  1.88e-04      4.56295e+00       1.12909e-01       3.07960e+00
   95  1.90e-04      4.54055e+00       1.15887e-01       3.06566e+00
   96  1.92e-04      4.52603e+00       1.09719e-01       3.05392e+00
   97  1.94e-04      4.51847e+00       1.03260e-01       3.04673e+00
   98  1.96e-04      4.49938e+00       1.01494e-01       3.03342e+00
   99  1.98e-04      4.50014e+00       9.79573e-02       3.03274e+00
  100  2.00e-04      4.48639e+00       9.59662e-02       3.02292e+00
  101  2.02e-04      4.46301e+00       1.21247e-01       3.01576e+00
  102  2.04e-04      4.46725e+00       1.15151e-01       3.01655e+00
  103  2.06e-04      4.45226e+00       1.06410e-01       3.00364e+00
  104  2.08e-04      4.43738e+00       1.21406e-01       2.99872e+00
  105  2.10e-04      4.43269e+00       1.31296e-01       2.99889e+00
  106  2.12e-04      4.43237e+00       1.03666e-01       2.98947e+00
  107  2.14e-04      4.37410e+00       1.04264e-01       2.95082e+00
  108  2.16e-04      4.35334e+00       1.05057e-01       2.93725e+00
  109  2.18e-04      4.36778e+00       1.08262e-01       2.94794e+00
  110  2.20e-04      4.36329e+00       1.07666e-01       2.94475e+00
  111  2.22e-04      4.33663e+00       1.32705e-01       2.93532e+00
  112  2.24e-04      4.32172e+00       1.29102e-01       2.92418e+00
  113  2.26e-04      4.33094e+00       1.19396e-01       2.92709e+00
  114  2.28e-04      4.32848e+00       1.27777e-01       2.92825e+00
  115  2.30e-04      4.29665e+00       1.39505e-01       2.91093e+00
  116  2.32e-04      4.29826e+00       1.39381e-01       2.91197e+00
  117  2.34e-04      4.29003e+00       1.21234e-01       2.90043e+00
  118  2.36e-04      4.28439e+00       1.09018e-01       2.89260e+00
  119  2.38e-04      4.30876e+00       1.09388e-01       2.90897e+00
  120  2.40e-04      4.30446e+00       1.36122e-01       2.91501e+00
  121  2.42e-04      4.29173e+00       1.19802e-01       2.90109e+00
  122  2.44e-04      4.29996e+00       1.18383e-01       2.90610e+00
  123  2.46e-04      4.25706e+00       1.27830e-01       2.88065e+00
  124  2.48e-04      4.25581e+00       1.24383e-01       2.87867e+00
  125  2.50e-04      4.28329e+00       9.22466e-02       2.88627e+00
  126  2.52e-04      4.25406e+00       1.14106e-01       2.87408e+00
  127  2.54e-04      4.25212e+00       1.11584e-01       2.87194e+00
  128  2.56e-04      4.22428e+00       1.01001e-01       2.84985e+00
  129  2.58e-04      4.22749e+00       1.14214e-01       2.85640e+00
  130  2.60e-04      4.21704e+00       1.26687e-01       2.85359e+00
  131  2.62e-04      4.24368e+00       1.13302e-01       2.86689e+00
  132  2.64e-04      4.29543e+00       1.59855e-01       2.91691e+00
  133  2.66e-04      4.26927e+00       1.46668e-01       2.89507e+00
  134  2.68e-04      4.27341e+00       1.35059e-01       2.89396e+00
  135  2.70e-04      4.31228e+00       1.39853e-01       2.92147e+00
  136  2.72e-04      4.29011e+00       1.43410e-01       2.90787e+00
  137  2.74e-04      4.28056e+00       1.43185e-01       2.90144e+00
  138  2.76e-04      4.29544e+00       1.55666e-01       2.91552e+00
  139  2.78e-04      4.32840e+00       1.28357e-01       2.92839e+00
  140  2.80e-04      4.28784e+00       1.49480e-01       2.90839e+00
  141  2.82e-04      4.32612e+00       1.61005e-01       2.93775e+00
  142  2.84e-04      4.30927e+00       1.39652e-01       2.91940e+00
  143  2.86e-04      4.32243e+00       1.14455e-01       2.91977e+00
  144  2.88e-04      4.32319e+00       1.40483e-01       2.92896e+00
  145  2.90e-04      4.33179e+00       1.33871e-01       2.93248e+00
  146  2.92e-04      4.31399e+00       1.50809e-01       2.92626e+00
  147  2.94e-04      4.29987e+00       1.33067e-01       2.91093e+00
  148  2.96e-04      4.32912e+00       1.23846e-01       2.92737e+00
  149  2.98e-04      4.33638e+00       1.72268e-01       2.94834e+00
  150  3.00e-04      4.32538e+00       1.72442e-01       2.94107e+00
  151  3.02e-04      4.37308e+00       1.37242e-01       2.96113e+00
  152  3.04e-04      4.39520e+00       1.52551e-01       2.98099e+00
  153  3.06e-04      4.39978e+00       1.88790e-01       2.99612e+00
  154  3.08e-04      4.39896e+00       1.44073e-01       2.98066e+00
  155  3.10e-04      4.40384e+00       1.62410e-01       2.99003e+00
  156  3.12e-04      4.37263e+00       1.76263e-01       2.97384e+00
  157  3.14e-04      4.39941e+00       1.58803e-01       2.98587e+00
  158  3.16e-04      4.40424e+00       1.85668e-01       2.99805e+00
  159  3.18e-04      4.40489e+00       1.83705e-01       2.99783e+00
  160  3.20e-04      4.39656e+00       1.67368e-01       2.98683e+00
  161  3.22e-04      4.37258e+00       1.61562e-01       2.96891e+00
  162  3.24e-04      4.38903e+00       1.82009e-01       2.98669e+00
  163  3.26e-04      4.36992e+00       1.63270e-01       2.96770e+00
  164  3.28e-04      4.38724e+00       1.70707e-01       2.98173e+00
  165  3.30e-04      4.38939e+00       1.91701e-01       2.99016e+00
  166  3.32e-04      4.36234e+00       1.68523e-01       2.96440e+00
  167  3.34e-04      4.39923e+00       1.82278e-01       2.99358e+00
  168  3.36e-04      4.43978e+00       1.98689e-01       3.02608e+00
  169  3.38e-04      4.42713e+00       1.76742e-01       3.01033e+00
  170  3.40e-04      4.44121e+00       1.64007e-01       3.01548e+00
  171  3.42e-04      4.44415e+00       2.15400e-01       3.03457e+00
  172  3.44e-04      4.47134e+00       1.82384e-01       3.04169e+00
  173  3.46e-04      4.48198e+00       1.78791e-01       3.04758e+00
  174  3.48e-04      4.47431e+00       1.82885e-01       3.04384e+00
  175  3.50e-04      4.48080e+00       2.15806e-01       3.05913e+00
  176  3.52e-04      4.50768e+00       1.44773e-01       3.05337e+00
  177  3.54e-04      4.51358e+00       1.77584e-01       3.06825e+00
  178  3.56e-04      4.49504e+00       1.58910e-01       3.04966e+00
  179  3.58e-04      4.51466e+00       1.91704e-01       3.07367e+00
  180  3.60e-04      4.52204e+00       2.19047e-01       3.08771e+00
  181  3.62e-04      4.52815e+00       2.04923e-01       3.08708e+00
  182  3.64e-04      4.53540e+00       1.54026e-01       3.07494e+00
  183  3.66e-04      4.50085e+00       2.37922e-01       3.07987e+00
  184  3.68e-04      4.51237e+00       2.06215e-01       3.07698e+00
  185  3.70e-04      4.48742e+00       1.81972e-01       3.05227e+00
  186  3.72e-04      4.51365e+00       1.88297e-01       3.07187e+00
  187  3.74e-04      4.46741e+00       2.36493e-01       3.05710e+00
  188  3.76e-04      4.45203e+00       1.86433e-01       3.03017e+00
  189  3.78e-04      4.44721e+00       2.28789e-01       3.04107e+00
  190  3.80e-04      4.39733e+00       1.97135e-01       2.99726e+00
  191  3.82e-04      4.35161e+00       2.22371e-01       2.97519e+00
  192  3.84e-04      4.40718e+00       2.14850e-01       3.00974e+00
  193  3.86e-04      4.41153e+00       2.02453e-01       3.00851e+00
  194  3.88e-04      4.41995e+00       1.61934e-01       3.00061e+00
  195  3.90e-04      4.39012e+00       1.81417e-01       2.98722e+00
  196  3.92e-04      4.39975e+00       1.93022e-01       2.99751e+00
  197  3.94e-04      4.38956e+00       1.92480e-01       2.99053e+00
  198  3.96e-04      4.39311e+00       1.95550e-01       2.99392e+00
  199  3.98e-04      4.36228e+00       1.97652e-01       2.97407e+00
  200  4.00e-04      4.37207e+00       1.99042e-01       2.98106e+00
  201  4.02e-04      4.37555e+00       2.29707e-01       2.99361e+00
  202  4.04e-04      4.38243e+00       2.30435e-01       2.99843e+00
  203  4.06e-04      4.38814e+00       1.94196e-01       2.99016e+00
  204  4.08e-04      4.38119e+00       2.18214e-01       2.99353e+00
  205  4.10e-04      4.37780e+00       2.38655e-01       2.99808e+00
  206  4.12e-04      4.33172e+00       1.77958e-01       2.94713e+00
  207  4.14e-04      4.37125e+00       2.12687e-01       2.98506e+00
  208  4.16e-04      4.36824e+00       1.95633e-01       2.97737e+00
  209  4.18e-04      4.35809e+00       2.49865e-01       2.98868e+00
  210  4.20e-04      4.34946e+00       2.32351e-01       2.97709e+00
  211  4.22e-04      4.32062e+00       2.14572e-01       2.95194e+00
  212  4.24e-04      4.32754e+00       2.18195e-01       2.95776e+00
  213  4.26e-04      4.30119e+00       2.36029e-01       2.94613e+00
  214  4.28e-04      4.31301e+00       2.46315e-01       2.95744e+00
  215  4.30e-04      4.29592e+00       2.09845e-01       2.93390e+00
  216  4.32e-04      4.31672e+00       2.27631e-01       2.95369e+00
  217  4.34e-04      4.32750e+00       2.23023e-01       2.95934e+00
  218  4.36e-04      4.33172e+00       2.12349e-01       2.95860e+00
  219  4.38e-04      4.31385e+00       1.99924e-01       2.94254e+00
  220  4.40e-04      4.29453e+00       1.98445e-01       2.92917e+00
  221  4.42e-04      4.28505e+00       2.21175e-01       2.93043e+00
  222  4.44e-04      4.26812e+00       2.27379e-01       2.92121e+00
  223  4.46e-04      4.27404e+00       2.30213e-01       2.92610e+00
  224  4.48e-04      4.24492e+00       2.30940e-01       2.90693e+00
  225  4.50e-04      4.26963e+00       2.58013e-01       2.93243e+00
  226  4.52e-04      4.24519e+00       2.14370e-01       2.90159e+00
  227  4.54e-04      4.21843e+00       2.19736e-01       2.88553e+00
  228  4.56e-04      4.25226e+00       2.08109e-01       2.90421e+00
  229  4.58e-04      4.24797e+00       2.34817e-01       2.91025e+00
  230  4.60e-04      4.26132e+00       2.59647e-01       2.92743e+00
  231  4.62e-04      4.25448e+00       2.46681e-01       2.91855e+00
  232  4.64e-04      4.24574e+00       2.50323e-01       2.91393e+00
  233  4.66e-04      4.31484e+00       2.50390e-01       2.96002e+00
  234  4.68e-04      4.31344e+00       2.51867e-01       2.95959e+00
  235  4.70e-04      4.30111e+00       2.43991e-01       2.94874e+00
  236  4.72e-04      4.33613e+00       2.30944e-01       2.96773e+00
  237  4.74e-04      4.32732e+00       2.33443e-01       2.96269e+00
  238  4.76e-04      4.32032e+00       2.22786e-01       2.95448e+00
  239  4.78e-04      4.31107e+00       2.69233e-01       2.96379e+00
  240  4.80e-04      4.30411e+00       2.54803e-01       2.95434e+00
  241  4.82e-04      4.27942e+00       2.67725e-01       2.94219e+00
  242  4.84e-04      4.25471e+00       2.57728e-01       2.92238e+00
  243  4.86e-04      4.26784e+00       2.54295e-01       2.92999e+00
  244  4.88e-04      4.25979e+00       2.50568e-01       2.92338e+00
  245  4.90e-04      4.22321e+00       2.80608e-01       2.90901e+00
  246  4.92e-04      4.21004e+00       2.76149e-01       2.89874e+00
  247  4.94e-04      4.22952e+00       2.84469e-01       2.91451e+00
  248  4.96e-04      4.21937e+00       2.92525e-01       2.91042e+00
  249  4.98e-04      4.23261e+00       2.54728e-01       2.90665e+00
  250  5.00e-04      4.20881e+00       2.68128e-01       2.89525e+00
  251  5.02e-04      4.21829e+00       2.80257e-01       2.90561e+00
  252  5.04e-04      4.19772e+00       2.94401e-01       2.89661e+00
  253  5.06e-04      4.22067e+00       2.43144e-01       2.89483e+00
  254  5.08e-04      4.19756e+00       2.63991e-01       2.88637e+00
  255  5.10e-04      4.21659e+00       2.62041e-01       2.89841e+00
  256  5.12e-04      4.18050e+00       2.83627e-01       2.88154e+00
  257  5.14e-04      4.19075e+00       2.72742e-01       2.88474e+00
  258  5.16e-04      4.18501e+00       2.92384e-01       2.88747e+00
  259  5.18e-04      4.19136e+00       3.05304e-01       2.89601e+00
  260  5.20e-04      4.16501e+00       2.87574e-01       2.87253e+00
  261  5.22e-04      4.18728e+00       2.93542e-01       2.88937e+00
  262  5.24e-04      4.17420e+00       2.98049e-01       2.88215e+00
  263  5.26e-04      4.15009e+00       2.76785e-01       2.85899e+00
  264  5.28e-04      4.15148e+00       2.68279e-01       2.85708e+00
  265  5.30e-04      4.13620e+00       2.69372e-01       2.84725e+00
  266  5.32e-04      4.17696e+00       2.87322e-01       2.88041e+00
  267  5.34e-04      4.13809e+00       2.71650e-01       2.84927e+00
  268  5.36e-04      4.15475e+00       3.02876e-01       2.87079e+00
  269  5.38e-04      4.13306e+00       2.88303e-01       2.85148e+00
  270  5.40e-04      4.12182e+00       3.25928e-01       2.85652e+00
  271  5.42e-04      4.09691e+00       2.68197e-01       2.82067e+00
  272  5.44e-04      4.10293e+00       3.13144e-01       2.83967e+00
  273  5.46e-04      4.07880e+00       3.31999e-01       2.82986e+00
  274  5.48e-04      4.06033e+00       3.51048e-01       2.82391e+00
  275  5.50e-04      4.06808e+00       3.30031e-01       2.82206e+00
  276  5.52e-04      4.09454e+00       3.56540e-01       2.84854e+00
  277  5.54e-04      4.06069e+00       3.33819e-01       2.81840e+00
  278  5.56e-04      4.06156e+00       3.13260e-01       2.81212e+00
  279  5.58e-04      4.08406e+00       2.86929e-01       2.81835e+00
  280  5.60e-04      4.08326e+00       3.09335e-01       2.82528e+00
  281  5.62e-04      4.04900e+00       3.37479e-01       2.81182e+00
  282  5.64e-04      4.08401e+00       3.66342e-01       2.84479e+00
  283  5.66e-04      4.02642e+00       3.12561e-01       2.78847e+00
  284  5.68e-04      4.03107e+00       3.61614e-01       2.80792e+00
  285  5.70e-04      3.98027e+00       3.41639e-01       2.76739e+00
  286  5.72e-04      3.96609e+00       3.31896e-01       2.75470e+00
  287  5.74e-04      3.92697e+00       2.81160e-01       2.71170e+00
  288  5.76e-04      3.99155e+00       3.28625e-01       2.77057e+00
  289  5.78e-04      3.95897e+00       3.55366e-01       2.75777e+00
  290  5.80e-04      3.91693e+00       3.65128e-01       2.73300e+00
  291  5.82e-04      3.88405e+00       2.98097e-01       2.68873e+00
  292  5.84e-04      3.91741e+00       3.78393e-01       2.73774e+00
  293  5.86e-04      3.91062e+00       3.54451e-01       2.72523e+00
  294  5.88e-04      3.91246e+00       3.14897e-01       2.71328e+00
  295  5.90e-04      3.92628e+00       2.87695e-01       2.71342e+00
  296  5.92e-04      3.95493e+00       3.07873e-01       2.73925e+00
  297  5.94e-04      3.95651e+00       3.08562e-01       2.74052e+00
  298  5.96e-04      3.97767e+00       3.41996e-01       2.76578e+00
  299  5.98e-04      3.95648e+00       3.60318e-01       2.75776e+00
  300  6.00e-04      3.93407e+00       3.64476e-01       2.74421e+00
  301  6.02e-04      3.94542e+00       3.85991e-01       2.75894e+00
  302  6.04e-04      3.98409e+00       3.70071e-01       2.77942e+00
  303  6.06e-04      3.96028e+00       3.32357e-01       2.75097e+00
  304  6.08e-04      3.93475e+00       3.95669e-01       2.75506e+00
  305  6.10e-04      3.93162e+00       3.22978e-01       2.72874e+00
  306  6.12e-04      3.93360e+00       3.27131e-01       2.73144e+00
  307  6.14e-04      3.92385e+00       2.86515e-01       2.71140e+00
  308  6.16e-04      3.92473e+00       3.57469e-01       2.73564e+00
  309  6.18e-04      3.91148e+00       3.45020e-01       2.72266e+00
  310  6.20e-04      3.93733e+00       3.88277e-01       2.75431e+00
  311  6.22e-04      3.94183e+00       3.79351e-01       2.75434e+00
  312  6.24e-04      3.95242e+00       3.93922e-01       2.76625e+00
  313  6.26e-04      3.94483e+00       3.13393e-01       2.73435e+00
  314  6.28e-04      3.97090e+00       3.37524e-01       2.75977e+00
  315  6.30e-04      3.98157e+00       3.23823e-01       2.76232e+00
  316  6.32e-04      3.98860e+00       3.75974e-01       2.78439e+00
  317  6.34e-04      3.96077e+00       3.95784e-01       2.77244e+00
  318  6.36e-04      3.94900e+00       3.88229e-01       2.76208e+00
  319  6.38e-04      3.94151e+00       3.70230e-01       2.75108e+00
  320  6.40e-04      3.92489e+00       4.20411e-01       2.75673e+00
  321  6.42e-04      3.93750e+00       3.39827e-01       2.73827e+00
  322  6.44e-04      3.90852e+00       3.74975e-01       2.73067e+00
  323  6.46e-04      3.89980e+00       3.84410e-01       2.72801e+00
  324  6.48e-04      3.86660e+00       3.93599e-01       2.70893e+00
  325  6.50e-04      3.89357e+00       3.36909e-01       2.70802e+00
  326  6.52e-04      3.88334e+00       4.04879e-01       2.72385e+00
  327  6.54e-04      3.89450e+00       3.90928e-01       2.72664e+00
  328  6.56e-04      3.87941e+00       3.96116e-01       2.71832e+00
  329  6.58e-04      3.86916e+00       3.15586e-01       2.68464e+00
  330  6.60e-04      3.82178e+00       3.43300e-01       2.66229e+00
  331  6.62e-04      3.82429e+00       3.53986e-01       2.66752e+00
  332  6.64e-04      3.81069e+00       3.42961e-01       2.65478e+00
  333  6.66e-04      3.82088e+00       3.48876e-01       2.66355e+00
  334  6.68e-04      3.78901e+00       3.84664e-01       2.65423e+00
  335  6.70e-04      3.80728e+00       3.68384e-01       2.66098e+00
  336  6.72e-04      3.77751e+00       3.66046e-01       2.64036e+00
  337  6.74e-04      3.76528e+00       4.02057e-01       2.64421e+00
  338  6.76e-04      3.75902e+00       3.49948e-01       2.62266e+00
  339  6.78e-04      3.79052e+00       3.85076e-01       2.65537e+00
  340  6.80e-04      3.77624e+00       4.19154e-01       2.65721e+00
  341  6.82e-04      3.77489e+00       4.07313e-01       2.65236e+00
  342  6.84e-04      3.77615e+00       4.42645e-01       2.66498e+00
  343  6.86e-04      3.82414e+00       4.24326e-01       2.69087e+00
  344  6.88e-04      3.81457e+00       3.65387e-01       2.66484e+00
  345  6.90e-04      3.80676e+00       3.63445e-01       2.65899e+00
  346  6.92e-04      3.80140e+00       3.76732e-01       2.65985e+00
  347  6.94e-04      3.81261e+00       3.30232e-01       2.65182e+00
  348  6.96e-04      3.75188e+00       3.15979e-01       2.60658e+00
  349  6.98e-04      3.73514e+00       3.63513e-01       2.61126e+00
  350  7.00e-04      3.73962e+00       3.77901e-01       2.61904e+00
  351  7.02e-04      3.72187e+00       3.86499e-01       2.61008e+00
  352  7.04e-04      3.70649e+00       4.06585e-01       2.60652e+00
  353  7.06e-04      3.73638e+00       4.33291e-01       2.63535e+00
  354  7.08e-04      3.73838e+00       4.27241e-01       2.63467e+00
  355  7.10e-04      3.74385e+00       3.98648e-01       2.62878e+00
  356  7.12e-04      3.76088e+00       4.08620e-01       2.64346e+00
  357  7.14e-04      3.74621e+00       3.75909e-01       2.62278e+00
  358  7.16e-04      3.75701e+00       4.30120e-01       2.64804e+00
  359  7.18e-04      3.77950e+00       3.96162e-01       2.65172e+00
  360  7.20e-04      3.79860e+00       3.93890e-01       2.66370e+00
  361  7.22e-04      3.80171e+00       4.07563e-01       2.67033e+00
  362  7.24e-04      3.79399e+00       4.66848e-01       2.68494e+00
  363  7.26e-04      3.78779e+00       3.90935e-01       2.65551e+00
  364  7.28e-04      3.84021e+00       4.09041e-01       2.69649e+00
  365  7.30e-04      3.83295e+00       3.77438e-01       2.68111e+00
  366  7.32e-04      3.84954e+00       3.75773e-01       2.69161e+00
  367  7.34e-04      3.85914e+00       3.70586e-01       2.69629e+00
  368  7.36e-04      3.84766e+00       4.26478e-01       2.70727e+00
  369  7.38e-04      3.84398e+00       3.86290e-01       2.69142e+00
  370  7.40e-04      3.85964e+00       4.66434e-01       2.72857e+00
  371  7.42e-04      3.84260e+00       4.39701e-01       2.70830e+00
  372  7.44e-04      3.85180e+00       3.93206e-01       2.69894e+00
  373  7.46e-04      3.84080e+00       3.87577e-01       2.68972e+00
  374  7.48e-04      3.85451e+00       3.87641e-01       2.69889e+00
  375  7.50e-04      3.80568e+00       3.94006e-01       2.66846e+00
  376  7.52e-04      3.81185e+00       3.87345e-01       2.67035e+00
  377  7.54e-04      3.78437e+00       4.01547e-01       2.65677e+00
  378  7.56e-04      3.77622e+00       3.45432e-01       2.63262e+00
  379  7.58e-04      3.76991e+00       4.38048e-01       2.65929e+00
  380  7.60e-04      3.82828e+00       4.30903e-01       2.69582e+00
  381  7.62e-04      3.79884e+00       3.64310e-01       2.65400e+00
  382  7.64e-04      3.81400e+00       4.37246e-01       2.68841e+00
  383  7.66e-04      3.78482e+00       3.83394e-01       2.65101e+00
  384  7.68e-04      3.81993e+00       4.46643e-01       2.69550e+00
  385  7.70e-04      3.75626e+00       4.25322e-01       2.64594e+00
  386  7.72e-04      3.79454e+00       4.53887e-01       2.68099e+00
  387  7.74e-04      3.78972e+00       4.08536e-01       2.66266e+00
  388  7.76e-04      3.79877e+00       4.51448e-01       2.68300e+00
  389  7.78e-04      3.80886e+00       4.77802e-01       2.69850e+00
  390  7.80e-04      3.83382e+00       3.17070e-01       2.66157e+00
  391  7.82e-04      3.78952e+00       3.74367e-01       2.65113e+00
  392  7.84e-04      3.75475e+00       4.77248e-01       2.66225e+00
  393  7.86e-04      3.75749e+00       4.59592e-01       2.65819e+00
  394  7.88e-04      3.77241e+00       3.36134e-01       2.62698e+00
  395  7.90e-04      3.74729e+00       4.37937e-01       2.64417e+00
  396  7.92e-04      3.77123e+00       4.81611e-01       2.67469e+00
  397  7.94e-04      3.74000e+00       4.45290e-01       2.64176e+00
  398  7.96e-04      3.73498e+00       4.24498e-01       2.63148e+00
  399  7.98e-04      3.72370e+00       3.82070e-01       2.60983e+00
  400  8.00e-04      3.76011e+00       4.03502e-01       2.64124e+00
  401  8.02e-04      3.75462e+00       4.69722e-01       2.65965e+00
  402  8.04e-04      3.74347e+00       4.03341e-01       2.63009e+00
  403  8.06e-04      3.72091e+00       3.47642e-01       2.59648e+00
  404  8.08e-04      3.73481e+00       4.76163e-01       2.64860e+00
  405  8.10e-04      3.73874e+00       4.40761e-01       2.63942e+00
  406  8.12e-04      3.71830e+00       4.55440e-01       2.63068e+00
  407  8.14e-04      3.73887e+00       4.17376e-01       2.63170e+00
  408  8.16e-04      3.71328e+00       4.29295e-01       2.61862e+00
  409  8.18e-04      3.70481e+00       4.22068e-01       2.61056e+00
  410  8.20e-04      3.71201e+00       4.70749e-01       2.63159e+00
  411  8.22e-04      3.72015e+00       4.52991e-01       2.63110e+00
  412  8.24e-04      3.72716e+00       4.20125e-01       2.62481e+00
  413  8.26e-04      3.72877e+00       4.93766e-01       2.65043e+00
  414  8.28e-04      3.70822e+00       4.92860e-01       2.63643e+00
  415  8.30e-04      3.71669e+00       4.05581e-01       2.61299e+00
  416  8.32e-04      3.70970e+00       4.33965e-01       2.61779e+00
  417  8.34e-04      3.73819e+00       4.42808e-01       2.63973e+00
  418  8.36e-04      3.71519e+00       4.00312e-01       2.61023e+00
  419  8.38e-04      3.73338e+00       3.57755e-01       2.60817e+00
  420  8.40e-04      3.73425e+00       4.75689e-01       2.64806e+00
  421  8.42e-04      3.72977e+00       4.30014e-01       2.62985e+00
  422  8.44e-04      3.71674e+00       4.51824e-01       2.62844e+00
  423  8.46e-04      3.74377e+00       5.37231e-01       2.67492e+00
  424  8.48e-04      3.75274e+00       5.12583e-01       2.67269e+00
  425  8.50e-04      3.75059e+00       4.53054e-01       2.65141e+00
  426  8.52e-04      3.70347e+00       5.18050e-01       2.64166e+00
  427  8.54e-04      3.75355e+00       4.16256e-01       2.64112e+00
  428  8.56e-04      3.73579e+00       4.60100e-01       2.64389e+00
  429  8.58e-04      3.76425e+00       4.79880e-01       2.66946e+00
  430  8.60e-04      3.75626e+00       4.45661e-01       2.65273e+00
  431  8.62e-04      3.77116e+00       4.51363e-01       2.66456e+00
  432  8.64e-04      3.72038e+00       5.30580e-01       2.65711e+00
  433  8.66e-04      3.79419e+00       4.60162e-01       2.68285e+00
  434  8.68e-04      3.73320e+00       4.28621e-01       2.63167e+00
  435  8.70e-04      3.78986e+00       5.07433e-01       2.69572e+00
  436  8.72e-04      3.74300e+00       4.74800e-01       2.65360e+00
  437  8.74e-04      3.78847e+00       4.11921e-01       2.66295e+00
  438  8.76e-04      3.74009e+00       4.74214e-01       2.65146e+00
  439  8.78e-04      3.73514e+00       4.70723e-01       2.64700e+00
  440  8.80e-04      3.71440e+00       4.64765e-01       2.63119e+00
  441  8.82e-04      3.75859e+00       4.66431e-01       2.66120e+00
  442  8.84e-04      3.75250e+00       5.48957e-01       2.68465e+00
  443  8.86e-04      3.79636e+00       5.09076e-01       2.70060e+00
  444  8.88e-04      3.78882e+00       4.78707e-01       2.68545e+00
  445  8.90e-04      3.79241e+00       4.65152e-01       2.68333e+00
  446  8.92e-04      3.76180e+00       4.52315e-01       2.65864e+00
  447  8.94e-04      3.79855e+00       5.00757e-01       2.69929e+00
  448  8.96e-04      3.79032e+00       4.91224e-01       2.69062e+00
  449  8.98e-04      3.76558e+00       4.03349e-01       2.64483e+00
  450  9.00e-04      3.74775e+00       5.54454e-01       2.68332e+00
  451  9.02e-04      3.76401e+00       5.27948e-01       2.68532e+00
  452  9.04e-04      3.76992e+00       4.42760e-01       2.66086e+00
  453  9.06e-04      3.79723e+00       4.46805e-01       2.68042e+00
  454  9.08e-04      3.77667e+00       5.03937e-01       2.68576e+00
  455  9.10e-04      3.79640e+00       4.08973e-01       2.66726e+00
  456  9.12e-04      3.79510e+00       4.53639e-01       2.68128e+00
  457  9.14e-04      3.86420e+00       5.04453e-01       2.74429e+00
  458  9.16e-04      3.86550e+00       5.03455e-01       2.74482e+00
  459  9.18e-04      3.84925e+00       4.41241e-01       2.71325e+00
  460  9.20e-04      3.85975e+00       5.01332e-01       2.74027e+00
  461  9.22e-04      3.84713e+00       4.41549e-01       2.71194e+00
  462  9.24e-04      3.84966e+00       5.81856e-01       2.76039e+00
  463  9.26e-04      3.84306e+00       4.80663e-01       2.72226e+00
  464  9.28e-04      3.86152e+00       5.39141e-01       2.75406e+00
  465  9.30e-04      3.89068e+00       4.93311e-01       2.75823e+00
  466  9.32e-04      3.86983e+00       5.70763e-01       2.77014e+00
  467  9.34e-04      3.83701e+00       5.58543e-01       2.74419e+00
  468  9.36e-04      3.88829e+00       4.97837e-01       2.75814e+00
  469  9.38e-04      3.85981e+00       5.14096e-01       2.74457e+00
  470  9.40e-04      3.88823e+00       4.49838e-01       2.74210e+00
  471  9.42e-04      3.85480e+00       5.07779e-01       2.73912e+00
  472  9.44e-04      3.88344e+00       4.37852e-01       2.73491e+00
  473  9.46e-04      3.83036e+00       4.46640e-01       2.70245e+00
  474  9.48e-04      3.87227e+00       4.61151e-01       2.73523e+00
  475  9.50e-04      3.82836e+00       5.57473e-01       2.73806e+00
  476  9.52e-04      3.87295e+00       6.22219e-01       2.78937e+00
  477  9.54e-04      3.88917e+00       4.65047e-01       2.74780e+00
  478  9.56e-04      3.87013e+00       4.70556e-01       2.73694e+00
  479  9.58e-04      3.82638e+00       5.42367e-01       2.73171e+00
  480  9.60e-04      3.86004e+00       5.46805e-01       2.75563e+00
  481  9.62e-04      3.84478e+00       4.94010e-01       2.72785e+00
  482  9.64e-04      3.83308e+00       4.15844e-01       2.69400e+00
  483  9.66e-04      3.84708e+00       5.48543e-01       2.74756e+00
  484  9.68e-04      3.86485e+00       6.31623e-01       2.78711e+00
  485  9.70e-04      3.84249e+00       4.32375e-01       2.70578e+00
  486  9.72e-04      3.92893e+00       4.60215e-01       2.77269e+00
  487  9.74e-04      3.88813e+00       4.92429e-01       2.75623e+00
  488  9.76e-04      3.90033e+00       6.40986e-01       2.81388e+00
  489  9.78e-04      3.85993e+00       4.38810e-01       2.71956e+00
  490  9.80e-04      3.87223e+00       4.22811e-01       2.72242e+00
  491  9.82e-04      3.83419e+00       5.38585e-01       2.73565e+00
  492  9.84e-04      3.86872e+00       5.58593e-01       2.76534e+00
  493  9.86e-04      3.84659e+00       5.40164e-01       2.74445e+00
  494  9.88e-04      3.91718e+00       4.92148e-01       2.77550e+00
  495  9.90e-04      3.93632e+00       5.95293e-01       2.82265e+00
  496  9.92e-04      3.99284e+00       5.58685e-01       2.84812e+00
  497  9.94e-04      3.97537e+00       5.05921e-01       2.81889e+00
  498  9.96e-04      3.96702e+00       4.76746e-01       2.80360e+00
  499  9.98e-04      3.92806e+00       4.06037e-01       2.75405e+00
  500  1.00e-03      3.93879e+00       5.92066e-01       2.82321e+00
  501  1.00e-03      3.87596e+00       4.88049e-01       2.74666e+00
  502  1.00e-03      3.91361e+00       5.68741e-01       2.79865e+00
  503  1.01e-03      3.86068e+00       4.70656e-01       2.73067e+00
  504  1.01e-03      3.90683e+00       5.07654e-01       2.77377e+00
  505  1.01e-03      3.89721e+00       4.75541e-01       2.75666e+00
  506  1.01e-03      3.91876e+00       4.96778e-01       2.77810e+00
  507  1.01e-03      3.94616e+00       5.02255e-01       2.79819e+00
  508  1.02e-03      3.92848e+00       4.40539e-01       2.76583e+00
  509  1.02e-03      3.92092e+00       5.51128e-01       2.79766e+00
  510  1.02e-03      3.89627e+00       5.35008e-01       2.77585e+00
  511  1.02e-03      3.94853e+00       4.82650e-01       2.79323e+00
  512  1.02e-03      3.89888e+00       4.59053e-01       2.75227e+00
  513  1.03e-03      3.89349e+00       5.73360e-01       2.78678e+00
  514  1.03e-03      3.89549e+00       5.71400e-01       2.78746e+00
  515  1.03e-03      3.95577e+00       5.49598e-01       2.82038e+00
  516  1.03e-03      3.89978e+00       3.82967e-01       2.72751e+00
  517  1.03e-03      3.94261e+00       5.64376e-01       2.81654e+00
  518  1.04e-03      3.90873e+00       5.16620e-01       2.77803e+00
  519  1.04e-03      3.91034e+00       5.22646e-01       2.78111e+00
  520  1.04e-03      3.86354e+00       3.83405e-01       2.70349e+00
  521  1.04e-03      3.88682e+00       5.31453e-01       2.76836e+00
  522  1.04e-03      3.83858e+00       5.91488e-01       2.75622e+00
  523  1.05e-03      3.87875e+00       4.39143e-01       2.73221e+00
  524  1.05e-03      3.86540e+00       4.42597e-01       2.72447e+00
  525  1.05e-03      3.92490e+00       4.72758e-01       2.77419e+00
  526  1.05e-03      3.89394e+00       5.91837e-01       2.79324e+00
  527  1.05e-03      3.91438e+00       5.40612e-01       2.78979e+00
  528  1.06e-03      3.86565e+00       5.75779e-01       2.76903e+00
  529  1.06e-03      3.89714e+00       5.24312e-01       2.77286e+00
  530  1.06e-03      3.87952e+00       5.70926e-01       2.77666e+00
  531  1.06e-03      3.91654e+00       6.04882e-01       2.81265e+00
  532  1.06e-03      3.90839e+00       5.15001e-01       2.77726e+00
  533  1.07e-03      3.94776e+00       5.31453e-01       2.80899e+00
  534  1.07e-03      3.90815e+00       5.07062e-01       2.77445e+00
  535  1.07e-03      3.95184e+00       5.43248e-01       2.81564e+00
  536  1.07e-03      3.94275e+00       5.44924e-01       2.81014e+00
  537  1.07e-03      3.96684e+00       5.32849e-01       2.82218e+00
  538  1.08e-03      3.95788e+00       4.91727e-01       2.80250e+00
  539  1.08e-03      3.96805e+00       5.86303e-01       2.84080e+00
  540  1.08e-03      3.93902e+00       5.29964e-01       2.80267e+00
  541  1.08e-03      3.97160e+00       5.61631e-01       2.83494e+00
  542  1.08e-03      3.92029e+00       4.83125e-01       2.77457e+00
  543  1.09e-03      3.90801e+00       5.45828e-01       2.78728e+00
  544  1.09e-03      3.90940e+00       5.78887e-01       2.79923e+00
  545  1.09e-03      3.87875e+00       5.49499e-01       2.76900e+00
  546  1.09e-03      3.84613e+00       5.31306e-01       2.74119e+00
  547  1.09e-03      3.86808e+00       6.57013e-01       2.79772e+00
  548  1.10e-03      3.85134e+00       5.68277e-01       2.75698e+00
  549  1.10e-03      3.87420e+00       5.32234e-01       2.76021e+00
  550  1.10e-03      3.84078e+00       5.46925e-01       2.74283e+00
  551  1.10e-03      3.83502e+00       5.77500e-01       2.74918e+00
  552  1.10e-03      3.82932e+00       5.84358e-01       2.74766e+00
  553  1.11e-03      3.79032e+00       4.96621e-01       2.69242e+00
  554  1.11e-03      3.80867e+00       5.86093e-01       2.73448e+00
  555  1.11e-03      3.82038e+00       6.63703e-01       2.76816e+00
  556  1.11e-03      3.83609e+00       5.87984e-01       2.75339e+00
  557  1.11e-03      3.84328e+00       4.79319e-01       2.72196e+00
  558  1.12e-03      3.85059e+00       5.47262e-01       2.74948e+00
  559  1.12e-03      3.84685e+00       6.28305e-01       2.77400e+00
  560  1.12e-03      3.87612e+00       5.76871e-01       2.77637e+00
  561  1.12e-03      3.83448e+00       5.08605e-01       2.72585e+00
  562  1.12e-03      3.86551e+00       4.88983e-01       2.74000e+00
  563  1.13e-03      3.80838e+00       6.21723e-01       2.74616e+00
  564  1.13e-03      3.81680e+00       5.73449e-01       2.73568e+00
  565  1.13e-03      3.78036e+00       5.76734e-01       2.71248e+00
  566  1.13e-03      3.79154e+00       5.36335e-01       2.70647e+00
  567  1.13e-03      3.75997e+00       6.30998e-01       2.71698e+00
  568  1.14e-03      3.72840e+00       6.79608e-01       2.71213e+00
  569  1.14e-03      3.75111e+00       6.33105e-01       2.71178e+00
  570  1.14e-03      3.79534e+00       5.80541e-01       2.72374e+00
  571  1.14e-03      3.76193e+00       5.54890e-01       2.69292e+00
  572  1.14e-03      3.80922e+00       6.11173e-01       2.74321e+00
  573  1.15e-03      3.76070e+00       6.40405e-01       2.72060e+00
  574  1.15e-03      3.79772e+00       5.58872e-01       2.71811e+00
  575  1.15e-03      3.73791e+00       6.03118e-01       2.69298e+00
  576  1.15e-03      3.74289e+00       6.39183e-01       2.70832e+00
  577  1.15e-03      3.68568e+00       5.58992e-01       2.64345e+00
  578  1.16e-03      3.70409e+00       5.67948e-01       2.65871e+00
  579  1.16e-03      3.66118e+00       4.94202e-01       2.60552e+00
  580  1.16e-03      3.72183e+00       6.24202e-01       2.68928e+00
  581  1.16e-03      3.69979e+00       6.36530e-01       2.67870e+00
  582  1.16e-03      3.69556e+00       6.29052e-01       2.67339e+00
  583  1.17e-03      3.66996e+00       6.35622e-01       2.65851e+00
  584  1.17e-03      3.68481e+00       5.66506e-01       2.64538e+00
  585  1.17e-03      3.63028e+00       6.77887e-01       2.64615e+00
  586  1.17e-03      3.66038e+00       6.49343e-01       2.65670e+00
  587  1.17e-03      3.65585e+00       6.97963e-01       2.66989e+00
  588  1.18e-03      3.71818e+00       7.29951e-01       2.72210e+00
  589  1.18e-03      3.70194e+00       6.52706e-01       2.68553e+00
  590  1.18e-03      3.72107e+00       6.21467e-01       2.68787e+00
  591  1.18e-03      3.68480e+00       6.69006e-01       2.67954e+00
  592  1.18e-03      3.71815e+00       6.22756e-01       2.68635e+00
  593  1.19e-03      3.67961e+00       6.47834e-01       2.66902e+00
  594  1.19e-03      3.71319e+00       6.36091e-01       2.68749e+00
  595  1.19e-03      3.65634e+00       6.59325e-01       2.65733e+00
  596  1.19e-03      3.69355e+00       5.90298e-01       2.65913e+00
  597  1.19e-03      3.71406e+00       6.31693e-01       2.68660e+00
  598  1.20e-03      3.70741e+00       6.70640e-01       2.69515e+00
  599  1.20e-03      3.71921e+00       6.44222e-01       2.69421e+00
  600  1.20e-03      3.69897e+00       7.22317e-01       2.70675e+00
  601  1.20e-03      3.70720e+00       5.78960e-01       2.66445e+00
  602  1.20e-03      3.69274e+00       7.59064e-01       2.71485e+00
  603  1.21e-03      3.70543e+00       6.21795e-01       2.67755e+00
  604  1.21e-03      3.70704e+00       6.97137e-01       2.70374e+00
  605  1.21e-03      3.70487e+00       5.88915e-01       2.66622e+00
  606  1.21e-03      3.69776e+00       7.50197e-01       2.71524e+00
  607  1.21e-03      3.75123e+00       6.06108e-01       2.70286e+00
  608  1.22e-03      3.75190e+00       5.85902e-01       2.69657e+00
  609  1.22e-03      3.76795e+00       6.95713e-01       2.74387e+00
  610  1.22e-03      3.73259e+00       7.27985e-01       2.73106e+00
  611  1.22e-03      3.77074e+00       7.01767e-01       2.74775e+00
  612  1.22e-03      3.75903e+00       7.15973e-01       2.74468e+00
  613  1.23e-03      3.74794e+00       7.45624e-01       2.74717e+00
  614  1.23e-03      3.79767e+00       7.43598e-01       2.77964e+00
  615  1.23e-03      3.83412e+00       6.82018e-01       2.78342e+00
  616  1.23e-03      3.82959e+00       6.56302e-01       2.77183e+00
  617  1.23e-03      3.83857e+00       6.41529e-01       2.77289e+00
  618  1.24e-03      3.82768e+00       6.47718e-01       2.76770e+00
  619  1.24e-03      3.83864e+00       6.61641e-01       2.77964e+00
  620  1.24e-03      3.80740e+00       6.14993e-01       2.74326e+00
  621  1.24e-03      3.85250e+00       6.58798e-01       2.78793e+00
  622  1.24e-03      3.82040e+00       7.30880e-01       2.79056e+00
  623  1.25e-03      3.86839e+00       6.38497e-01       2.79176e+00
  624  1.25e-03      3.81604e+00       5.93404e-01       2.74183e+00
  625  1.25e-03      3.83561e+00       6.82069e-01       2.78443e+00
  626  1.25e-03      3.84965e+00       6.37914e-01       2.77907e+00
  627  1.25e-03      3.83251e+00       7.27088e-01       2.79737e+00
  628  1.26e-03      3.76087e+00       6.79420e-01       2.73372e+00
  629  1.26e-03      3.79172e+00       7.19780e-01       2.76774e+00
  630  1.26e-03      3.76887e+00       7.34867e-01       2.75754e+00
  631  1.26e-03      3.76773e+00       7.82509e-01       2.77266e+00
  632  1.26e-03      3.72183e+00       6.60271e-01       2.70131e+00
  633  1.27e-03      3.73435e+00       7.13298e-01       2.72733e+00
  634  1.27e-03      3.70441e+00       7.33107e-01       2.71397e+00
  635  1.27e-03      3.74219e+00       7.50828e-01       2.74507e+00
  636  1.27e-03      3.69095e+00       7.29836e-01       2.70391e+00
  637  1.27e-03      3.71107e+00       6.30550e-01       2.68423e+00
  638  1.28e-03      3.66187e+00       6.72265e-01       2.66533e+00
  639  1.28e-03      3.71425e+00       7.20781e-01       2.71643e+00
  640  1.28e-03      3.69824e+00       7.89503e-01       2.72866e+00
  641  1.28e-03      3.74549e+00       5.89887e-01       2.69363e+00
  642  1.28e-03      3.73424e+00       6.91906e-01       2.72013e+00
  643  1.29e-03      3.74251e+00       7.21266e-01       2.73543e+00
  644  1.29e-03      3.72750e+00       7.27568e-01       2.72752e+00
  645  1.29e-03      3.72435e+00       5.93419e-01       2.68070e+00
  646  1.29e-03      3.71261e+00       6.43740e-01       2.68965e+00
  647  1.29e-03      3.71311e+00       6.70812e-01       2.69901e+00
  648  1.30e-03      3.70589e+00       7.69554e-01       2.72711e+00
  649  1.30e-03      3.68825e+00       8.35013e-01       2.73717e+00
  650  1.30e-03      3.67207e+00       6.92528e-01       2.67889e+00
  651  1.30e-03      3.69340e+00       7.11966e-01       2.69959e+00
  652  1.30e-03      3.70993e+00       7.87228e-01       2.73570e+00
  653  1.31e-03      3.68699e+00       6.84406e-01       2.68613e+00
  654  1.31e-03      3.68844e+00       7.17097e-01       2.69799e+00
  655  1.31e-03      3.69587e+00       7.83818e-01       2.72519e+00
  656  1.31e-03      3.69278e+00       6.97719e-01       2.69443e+00
  657  1.31e-03      3.68577e+00       8.16869e-01       2.72947e+00
  658  1.32e-03      3.68601e+00       7.59476e-01       2.71050e+00
  659  1.32e-03      3.66473e+00       8.15540e-01       2.71500e+00
  660  1.32e-03      3.70571e+00       6.67112e-01       2.69285e+00
  661  1.32e-03      3.69953e+00       8.58503e-01       2.75252e+00
  662  1.32e-03      3.75643e+00       8.26377e-01       2.77975e+00
  663  1.33e-03      3.74627e+00       7.23722e-01       2.73876e+00
  664  1.33e-03      3.73512e+00       7.42185e-01       2.73747e+00
  665  1.33e-03      3.75954e+00       7.47225e-01       2.75544e+00
  666  1.33e-03      3.82645e+00       8.70373e-01       2.84109e+00
  667  1.33e-03      3.80186e+00       6.83700e-01       2.76247e+00
  668  1.34e-03      3.85153e+00       7.39015e-01       2.81403e+00
  669  1.34e-03      3.79391e+00       7.34399e-01       2.77407e+00
  670  1.34e-03      3.82384e+00       7.57253e-01       2.80164e+00
  671  1.34e-03      3.79265e+00       8.17547e-01       2.80095e+00
  672  1.34e-03      3.83461e+00       6.55460e-01       2.77489e+00
  673  1.35e-03      3.83983e+00       8.04606e-01       2.82809e+00
  674  1.35e-03      3.84031e+00       8.03917e-01       2.82818e+00
  675  1.35e-03      3.79100e+00       7.97450e-01       2.79315e+00
  676  1.35e-03      3.85199e+00       7.73251e-01       2.82574e+00
  677  1.35e-03      3.84978e+00       8.75012e-01       2.85819e+00
  678  1.36e-03      3.87431e+00       8.41127e-01       2.86325e+00
  679  1.36e-03      3.85984e+00       7.60724e-01       2.82680e+00
  680  1.36e-03      3.91184e+00       7.89692e-01       2.87112e+00
  681  1.36e-03      3.87792e+00       7.17045e-01       2.82430e+00
  682  1.36e-03      3.92336e+00       7.25379e-01       2.85737e+00
  683  1.37e-03      3.88152e+00       7.77554e-01       2.84686e+00
  684  1.37e-03      3.94033e+00       7.70374e-01       2.88368e+00
  685  1.37e-03      3.90312e+00       7.59182e-01       2.85514e+00
  686  1.37e-03      3.92718e+00       7.53028e-01       2.86913e+00
  687  1.37e-03      3.86259e+00       6.97996e-01       2.80773e+00
  688  1.38e-03      3.88694e+00       7.83922e-01       2.85260e+00
  689  1.38e-03      3.84270e+00       6.95045e-01       2.79348e+00
  690  1.38e-03      3.88014e+00       7.74567e-01       2.84495e+00
  691  1.38e-03      3.83589e+00       8.18820e-01       2.83020e+00
  692  1.38e-03      3.84770e+00       6.82607e-01       2.79267e+00
  693  1.39e-03      3.82834e+00       7.76763e-01       2.81115e+00
  694  1.39e-03      3.83486e+00       8.51628e-01       2.84045e+00
  695  1.39e-03      3.82135e+00       7.53709e-01       2.79880e+00
  696  1.39e-03      3.81367e+00       7.23298e-01       2.78355e+00
  697  1.39e-03      3.78543e+00       7.79301e-01       2.78339e+00
  698  1.40e-03      3.78641e+00       7.14311e-01       2.76238e+00
  699  1.40e-03      3.85053e+00       7.58007e-01       2.81969e+00
  700  1.40e-03      3.86748e+00       7.49783e-01       2.82825e+00
  701  1.40e-03      3.88230e+00       7.19730e-01       2.82811e+00
  702  1.40e-03      3.90506e+00       7.70223e-01       2.86012e+00
  703  1.41e-03      3.89652e+00       7.95596e-01       2.86288e+00
  704  1.41e-03      3.87688e+00       7.95160e-01       2.84964e+00
  705  1.41e-03      3.92560e+00       8.18039e-01       2.88975e+00
  706  1.41e-03      3.95109e+00       9.09574e-01       2.93725e+00
  707  1.41e-03      3.97488e+00       7.43340e-01       2.89770e+00
  708  1.42e-03      3.92859e+00       8.15302e-01       2.89082e+00
  709  1.42e-03      3.95521e+00       8.00845e-01       2.90375e+00
  710  1.42e-03      3.90469e+00       8.18444e-01       2.87594e+00
  711  1.42e-03      3.91621e+00       7.62687e-01       2.86503e+00
  712  1.42e-03      3.89354e+00       8.16964e-01       2.86802e+00
  713  1.43e-03      3.93888e+00       7.77570e-01       2.88511e+00
  714  1.43e-03      3.89480e+00       7.43621e-01       2.84441e+00
  715  1.43e-03      3.95549e+00       8.20351e-01       2.91045e+00
  716  1.43e-03      3.93653e+00       6.32119e-01       2.83506e+00
  717  1.43e-03      3.98973e+00       8.02455e-01       2.92731e+00
  718  1.44e-03      3.94792e+00       8.48681e-01       2.91484e+00
  719  1.44e-03      3.96808e+00       8.26593e-01       2.92092e+00
  720  1.44e-03      3.94568e+00       8.09318e-01       2.90022e+00
  721  1.44e-03      4.00073e+00       8.50122e-01       2.95052e+00
  722  1.44e-03      3.95451e+00       9.56149e-01       2.95506e+00
  723  1.45e-03      3.96942e+00       9.12262e-01       2.95037e+00
  724  1.45e-03      3.93239e+00       9.99815e-01       2.95486e+00
  725  1.45e-03      3.99839e+00       7.95557e-01       2.93078e+00
  726  1.45e-03      3.93030e+00       9.18780e-01       2.92646e+00
  727  1.45e-03      3.94633e+00       8.52472e-01       2.91505e+00
  728  1.46e-03      3.91595e+00       9.22660e-01       2.91819e+00
  729  1.46e-03      3.96713e+00       7.04669e-01       2.87964e+00
  730  1.46e-03      3.94627e+00       9.07289e-01       2.93327e+00
  731  1.46e-03      3.97150e+00       8.91704e-01       2.94490e+00
  732  1.46e-03      3.92185e+00       7.81488e-01       2.87506e+00
  733  1.47e-03      3.91115e+00       9.31459e-01       2.91792e+00
  734  1.47e-03      3.87863e+00       9.42497e-01       2.89992e+00
  735  1.47e-03      3.93127e+00       7.56846e-01       2.87313e+00
  736  1.47e-03      3.89459e+00       7.04607e-01       2.83127e+00
  737  1.47e-03      3.88256e+00       9.15023e-01       2.89338e+00
  738  1.48e-03      3.89326e+00       8.54569e-01       2.88036e+00
  739  1.48e-03      3.94844e+00       9.08541e-01       2.93514e+00
  740  1.48e-03      3.91855e+00       8.49406e-01       2.89550e+00
  741  1.48e-03      3.91108e+00       8.99631e-01       2.90726e+00
  742  1.48e-03      3.89270e+00       8.73726e-01       2.88638e+00
  743  1.49e-03      3.86655e+00       8.27470e-01       2.85353e+00
  744  1.49e-03      3.89773e+00       7.65866e-01       2.85377e+00
  745  1.49e-03      3.94255e+00       9.17033e-01       2.93405e+00
  746  1.49e-03      3.94352e+00       1.01798e+00       2.96834e+00
  747  1.49e-03      3.92879e+00       9.11373e-01       2.92299e+00
  748  1.50e-03      3.93780e+00       7.91811e-01       2.88914e+00
  749  1.50e-03      3.92339e+00       8.67726e-01       2.90483e+00
  750  1.50e-03      3.93221e+00       8.92940e-01       2.91912e+00
  751  1.50e-03      3.90564e+00       7.73455e-01       2.86158e+00
  752  1.50e-03      3.94389e+00       9.63998e-01       2.95059e+00
  753  1.51e-03      3.93707e+00       8.55670e-01       2.90994e+00
  754  1.51e-03      3.96940e+00       8.53626e-01       2.93081e+00
  755  1.51e-03      3.94641e+00       8.14819e-01       2.90254e+00
  756  1.51e-03      3.94683e+00       7.88055e-01       2.89390e+00
  757  1.51e-03      3.88955e+00       8.55957e-01       2.87835e+00
  758  1.52e-03      3.91856e+00       9.61898e-01       2.93300e+00
  759  1.52e-03      3.89335e+00       9.74702e-01       2.92046e+00
  760  1.52e-03      3.92865e+00       9.24628e-01       2.92731e+00
  761  1.52e-03      3.90703e+00       1.07132e+00       2.96179e+00
  762  1.52e-03      3.91841e+00       7.38525e-01       2.85845e+00
  763  1.53e-03      3.87327e+00       1.07203e+00       2.93953e+00
  764  1.53e-03      3.93718e+00       8.34442e-01       2.90293e+00
  765  1.53e-03      3.90720e+00       9.24463e-01       2.91295e+00
  766  1.53e-03      3.94480e+00       1.01173e+00       2.96711e+00
  767  1.53e-03      3.85227e+00       9.31063e-01       2.87853e+00
  768  1.54e-03      3.90721e+00       9.44645e-01       2.91969e+00
  769  1.54e-03      3.82251e+00       8.74690e-01       2.83990e+00
  770  1.54e-03      3.84918e+00       9.34758e-01       2.87770e+00
  771  1.54e-03      3.78619e+00       7.73497e-01       2.78196e+00
  772  1.54e-03      3.81195e+00       1.01169e+00       2.87853e+00
  773  1.55e-03      3.74426e+00       9.33177e-01       2.80723e+00
  774  1.55e-03      3.83128e+00       8.39599e-01       2.83406e+00
  775  1.55e-03      3.77528e+00       9.32233e-01       2.82760e+00
  776  1.55e-03      3.77249e+00       8.63175e-01       2.80272e+00
  777  1.55e-03      3.72185e+00       8.88656e-01       2.77745e+00
  778  1.56e-03      3.74200e+00       8.49637e-01       2.77788e+00
  779  1.56e-03      3.69348e+00       9.21401e-01       2.76946e+00
  780  1.56e-03      3.71227e+00       9.40467e-01       2.78834e+00
  781  1.56e-03      3.67529e+00       9.64516e-01       2.77170e+00
  782  1.56e-03      3.71192e+00       8.74421e-01       2.76609e+00
  783  1.57e-03      3.68425e+00       7.39331e-01       2.70261e+00
  784  1.57e-03      3.72899e+00       8.31493e-01       2.76316e+00
  785  1.57e-03      3.67130e+00       1.01454e+00       2.78572e+00
  786  1.57e-03      3.72477e+00       9.81680e-01       2.81040e+00
  787  1.57e-03      3.71135e+00       9.19545e-01       2.78075e+00
  788  1.58e-03      3.71901e+00       1.05869e+00       2.83224e+00
  789  1.58e-03      3.69010e+00       9.13886e-01       2.76469e+00
  790  1.58e-03      3.71240e+00       9.38528e-01       2.78778e+00
  791  1.58e-03      3.68499e+00       8.46569e-01       2.73885e+00
  792  1.58e-03      3.74342e+00       1.02356e+00       2.83680e+00
  793  1.59e-03      3.69062e+00       8.11600e-01       2.73094e+00
  794  1.59e-03      3.68618e+00       1.06444e+00       2.81227e+00
  795  1.59e-03      3.68260e+00       8.77766e-01       2.74765e+00
  796  1.59e-03      3.72210e+00       8.95057e-01       2.77975e+00
  797  1.59e-03      3.71441e+00       9.61007e-01       2.79661e+00
  798  1.60e-03      3.69143e+00       8.55157e-01       2.74601e+00
  799  1.60e-03      3.71957e+00       9.01961e-01       2.78036e+00
  800  1.60e-03      3.70399e+00       8.37383e-01       2.74845e+00
  801  1.60e-03      3.77403e+00       9.16859e-01       2.82164e+00
  802  1.60e-03      3.73083e+00       9.19470e-01       2.79371e+00
  803  1.61e-03      3.74983e+00       1.01812e+00       2.83926e+00
  804  1.61e-03      3.71271e+00       8.66039e-01       2.76382e+00
  805  1.61e-03      3.74651e+00       9.28607e-01       2.80721e+00
  806  1.61e-03      3.69036e+00       1.08371e+00       2.82148e+00
  807  1.61e-03      3.75843e+00       1.01163e+00       2.84283e+00
  808  1.62e-03      3.71027e+00       9.95682e-01       2.80541e+00
  809  1.62e-03      3.78268e+00       9.84267e-01       2.84987e+00
  810  1.62e-03      3.69954e+00       1.03644e+00       2.81184e+00
  811  1.62e-03      3.73810e+00       1.05730e+00       2.84450e+00
  812  1.62e-03      3.67741e+00       9.87617e-01       2.78081e+00
  813  1.63e-03      3.75920e+00       8.64947e-01       2.79445e+00
  814  1.63e-03      3.67989e+00       1.02385e+00       2.79454e+00
  815  1.63e-03      3.73086e+00       1.01756e+00       2.82643e+00
  816  1.63e-03      3.68712e+00       9.26583e-01       2.76694e+00
  817  1.63e-03      3.75785e+00       9.00580e-01       2.80543e+00
  818  1.64e-03      3.70081e+00       8.44331e-01       2.74865e+00
  819  1.64e-03      3.75429e+00       8.89982e-01       2.79952e+00
  820  1.64e-03      3.72382e+00       8.83954e-01       2.77720e+00
  821  1.64e-03      3.75481e+00       8.36943e-01       2.78219e+00
  822  1.64e-03      3.67385e+00       8.96862e-01       2.74818e+00
  823  1.65e-03      3.70772e+00       1.00809e+00       2.80785e+00
  824  1.65e-03      3.68446e+00       1.00796e+00       2.79230e+00
  825  1.65e-03      3.73819e+00       1.13227e+00       2.86955e+00
  826  1.65e-03      3.68493e+00       9.18649e-01       2.76284e+00
  827  1.65e-03      3.71879e+00       9.70829e-01       2.80280e+00
  828  1.66e-03      3.66432e+00       7.66924e-01       2.69852e+00
  829  1.66e-03      3.74393e+00       1.01523e+00       2.83436e+00
  830  1.66e-03      3.68821e+00       9.72268e-01       2.78290e+00
  831  1.66e-03      3.70806e+00       1.06400e+00       2.82671e+00
  832  1.66e-03      3.69200e+00       9.08229e-01       2.76407e+00
  833  1.67e-03      3.71495e+00       1.03379e+00       2.82123e+00
  834  1.67e-03      3.74111e+00       9.42427e-01       2.80821e+00
  835  1.67e-03      3.75711e+00       9.32144e-01       2.81545e+00
  836  1.67e-03      3.74587e+00       9.49258e-01       2.81367e+00
  837  1.67e-03      3.71215e+00       9.92138e-01       2.80548e+00
  838  1.68e-03      3.72818e+00       1.06704e+00       2.84113e+00
  839  1.68e-03      3.72678e+00       9.75690e-01       2.80975e+00
  840  1.68e-03      3.70029e+00       9.33214e-01       2.77793e+00
  841  1.68e-03      3.70900e+00       8.42197e-01       2.75340e+00
  842  1.68e-03      3.71650e+00       1.06487e+00       2.83262e+00
  843  1.69e-03      3.70791e+00       1.00688e+00       2.80757e+00
  844  1.69e-03      3.73214e+00       9.48650e-01       2.80431e+00
  845  1.69e-03      3.67737e+00       9.61189e-01       2.77198e+00
  846  1.69e-03      3.70157e+00       1.07659e+00       2.82658e+00
  847  1.69e-03      3.69959e+00       7.39971e-01       2.71305e+00
  848  1.70e-03      3.73312e+00       9.89486e-01       2.81857e+00
  849  1.70e-03      3.71705e+00       8.77214e-01       2.77044e+00
  850  1.70e-03      3.75574e+00       9.69277e-01       2.82692e+00
  851  1.70e-03      3.70768e+00       1.15446e+00       2.85661e+00
  852  1.70e-03      3.70896e+00       9.73687e-01       2.79720e+00
  853  1.71e-03      3.68459e+00       9.67650e-01       2.77895e+00
  854  1.71e-03      3.70117e+00       1.02512e+00       2.80915e+00
  855  1.71e-03      3.65382e+00       1.06289e+00       2.79018e+00
  856  1.71e-03      3.65221e+00       7.47468e-01       2.68396e+00
  857  1.71e-03      3.58842e+00       1.01844e+00       2.73176e+00
  858  1.72e-03      3.66814e+00       1.09360e+00       2.80996e+00
  859  1.72e-03      3.63338e+00       1.09090e+00       2.78589e+00
  860  1.72e-03      3.63899e+00       9.48927e-01       2.74230e+00
  861  1.72e-03      3.56357e+00       8.61572e-01       2.66290e+00
  862  1.72e-03      3.62942e+00       8.50474e-01       2.70311e+00
  863  1.73e-03      3.56286e+00       8.74338e-01       2.66668e+00
  864  1.73e-03      3.61235e+00       1.03436e+00       2.75302e+00
  865  1.73e-03      3.57600e+00       8.70234e-01       2.67408e+00
  866  1.73e-03      3.61474e+00       9.03107e-01       2.71086e+00
  867  1.73e-03      3.53192e+00       1.05974e+00       2.70786e+00
  868  1.74e-03      3.57158e+00       1.02882e+00       2.72399e+00
  869  1.74e-03      3.51713e+00       8.37553e-01       2.62394e+00
  870  1.74e-03      3.55326e+00       1.07556e+00       2.72736e+00
  871  1.74e-03      3.54190e+00       9.28802e-01       2.67087e+00
  872  1.74e-03      3.63847e+00       1.08317e+00       2.78670e+00
  873  1.75e-03      3.60304e+00       9.32203e-01       2.71276e+00
  874  1.75e-03      3.65194e+00       9.31255e-01       2.74504e+00
  875  1.75e-03      3.61647e+00       9.14939e-01       2.71596e+00
  876  1.75e-03      3.64763e+00       9.16185e-01       2.73715e+00
  877  1.75e-03      3.58803e+00       1.04482e+00       2.74029e+00
  878  1.76e-03      3.67184e+00       9.83419e-01       2.77570e+00
  879  1.76e-03      3.64654e+00       9.92629e-01       2.76191e+00
  880  1.76e-03      3.67278e+00       1.00034e+00       2.78197e+00
  881  1.76e-03      3.64212e+00       9.48656e-01       2.74430e+00
  882  1.76e-03      3.67057e+00       8.48537e-01       2.72989e+00
  883  1.77e-03      3.61388e+00       1.07128e+00       2.76634e+00
  884  1.77e-03      3.64573e+00       8.34377e-01       2.70861e+00
  885  1.77e-03      3.63843e+00       9.15014e-01       2.73062e+00
  886  1.77e-03      3.62629e+00       9.58023e-01       2.73687e+00
  887  1.77e-03      3.64401e+00       9.46432e-01       2.74481e+00
  888  1.78e-03      3.63287e+00       9.76720e-01       2.74749e+00
  889  1.78e-03      3.62522e+00       9.80861e-01       2.74377e+00
  890  1.78e-03      3.63025e+00       9.63399e-01       2.74130e+00
  891  1.78e-03      3.63504e+00       9.83250e-01       2.75111e+00
  892  1.78e-03      3.65410e+00       9.05636e-01       2.73795e+00
  893  1.79e-03      3.65190e+00       1.03632e+00       2.78004e+00
  894  1.79e-03      3.61867e+00       9.09556e-01       2.71563e+00
  895  1.79e-03      3.62326e+00       9.83527e-01       2.74335e+00
  896  1.79e-03      3.60115e+00       9.53682e-01       2.71866e+00
  897  1.79e-03      3.64047e+00       1.08945e+00       2.79013e+00
  898  1.80e-03      3.63860e+00       8.87951e-01       2.72171e+00
  899  1.80e-03      3.66874e+00       9.95853e-01       2.77778e+00
  900  1.80e-03      3.61442e+00       1.00677e+00       2.74520e+00
  901  1.80e-03      3.67722e+00       9.32251e-01       2.76223e+00
  902  1.80e-03      3.66385e+00       8.87031e-01       2.73825e+00
  903  1.81e-03      3.70173e+00       9.85010e-01       2.79615e+00
  904  1.81e-03      3.63274e+00       9.66408e-01       2.74396e+00
  905  1.81e-03      3.70877e+00       1.01071e+00       2.80942e+00
  906  1.81e-03      3.67003e+00       1.03824e+00       2.79277e+00
  907  1.81e-03      3.72205e+00       9.13371e-01       2.78582e+00
  908  1.82e-03      3.72486e+00       1.00190e+00       2.81721e+00
  909  1.82e-03      3.75607e+00       1.05268e+00       2.85494e+00
  910  1.82e-03      3.72191e+00       8.04388e-01       2.74940e+00
  911  1.82e-03      3.76932e+00       9.09072e-01       2.81591e+00
  912  1.82e-03      3.73936e+00       1.11425e+00       2.86432e+00
  913  1.83e-03      3.80974e+00       7.92005e-01       2.80383e+00
  914  1.83e-03      3.75529e+00       9.28554e-01       2.81304e+00
  915  1.83e-03      3.77630e+00       1.08608e+00       2.87956e+00
  916  1.83e-03      3.73138e+00       1.19491e+00       2.88589e+00
  917  1.83e-03      3.77232e+00       9.35576e-01       2.82674e+00
  918  1.84e-03      3.75414e+00       1.07039e+00       2.85956e+00
  919  1.84e-03      3.79342e+00       8.92741e-01       2.82653e+00
  920  1.84e-03      3.72950e+00       9.44835e-01       2.80128e+00
  921  1.84e-03      3.77021e+00       9.06784e-01       2.81573e+00
  922  1.84e-03      3.73344e+00       9.78334e-01       2.81507e+00
  923  1.85e-03      3.78619e+00       1.05459e+00       2.87565e+00
  924  1.85e-03      3.79067e+00       1.04299e+00       2.87478e+00
  925  1.85e-03      3.80091e+00       1.00032e+00       2.86738e+00
  926  1.85e-03      3.76167e+00       1.06141e+00       2.86158e+00
  927  1.85e-03      3.79765e+00       8.29096e-01       2.80813e+00
  928  1.86e-03      3.78610e+00       9.48674e-01       2.84029e+00
  929  1.86e-03      3.82867e+00       9.74567e-01       2.87730e+00
  930  1.86e-03      3.78125e+00       9.84811e-01       2.84911e+00
  931  1.86e-03      3.83316e+00       1.03065e+00       2.89899e+00
  932  1.86e-03      3.83851e+00       1.01165e+00       2.89622e+00
  933  1.87e-03      3.87448e+00       1.09991e+00       2.94962e+00
  934  1.87e-03      3.83713e+00       9.14758e-01       2.86301e+00
  935  1.87e-03      3.88172e+00       1.03053e+00       2.93132e+00
  936  1.87e-03      3.89434e+00       1.18091e+00       2.98986e+00
  937  1.87e-03      3.88914e+00       1.03467e+00       2.93765e+00
  938  1.88e-03      3.88559e+00       1.01675e+00       2.92931e+00
  939  1.88e-03      3.90895e+00       1.02068e+00       2.94619e+00
  940  1.88e-03      3.90729e+00       9.69570e-01       2.92805e+00
  941  1.88e-03      3.90960e+00       9.05256e-01       2.90815e+00
  942  1.88e-03      3.91556e+00       1.09492e+00       2.97535e+00
  943  1.89e-03      3.90643e+00       8.93316e-01       2.90206e+00
  944  1.89e-03      3.92242e+00       1.05313e+00       2.96599e+00
  945  1.89e-03      3.91331e+00       1.19210e+00       3.00624e+00
  946  1.89e-03      3.94795e+00       9.18220e-01       2.93804e+00
  947  1.89e-03      3.91339e+00       9.80095e-01       2.93562e+00
  948  1.90e-03      3.95491e+00       1.01112e+00       2.97365e+00
  949  1.90e-03      3.96460e+00       8.81922e-01       2.93704e+00
  950  1.90e-03      4.02680e+00       9.65556e-01       3.00639e+00
  951  1.90e-03      3.99232e+00       1.13692e+00       3.04052e+00
  952  1.90e-03      4.01560e+00       9.55592e-01       2.99560e+00
  953  1.91e-03      3.98106e+00       1.05455e+00       3.00556e+00
  954  1.91e-03      4.09350e+00       9.69032e-01       3.05201e+00
  955  1.91e-03      4.03085e+00       9.25497e-01       2.99573e+00
  956  1.91e-03      4.06783e+00       8.72521e-01       3.00273e+00
  957  1.91e-03      3.98163e+00       1.16217e+00       3.04181e+00
  958  1.92e-03      4.06771e+00       8.94775e-01       3.01006e+00
  959  1.92e-03      4.00119e+00       1.10488e+00       3.03576e+00
  960  1.92e-03      4.04844e+00       9.13997e-01       3.00363e+00
  961  1.92e-03      3.96814e+00       1.14678e+00       3.02769e+00
  962  1.92e-03      4.06723e+00       8.89429e-01       3.00796e+00
  963  1.93e-03      4.02497e+00       1.08128e+00       3.04374e+00
  964  1.93e-03      4.05066e+00       1.00209e+00       3.03447e+00
  965  1.93e-03      3.94072e+00       1.08501e+00       2.98882e+00
  966  1.93e-03      3.98928e+00       9.47994e-01       2.97552e+00
  967  1.93e-03      3.90742e+00       8.53238e-01       2.88936e+00
  968  1.94e-03      3.98937e+00       1.01076e+00       2.99650e+00
  969  1.94e-03      3.95114e+00       1.08303e+00       2.99510e+00
  970  1.94e-03      3.96031e+00       9.88685e-01       2.96977e+00
  971  1.94e-03      3.92408e+00       9.73106e-01       2.94042e+00
  972  1.94e-03      3.99182e+00       1.14611e+00       3.04325e+00
  973  1.95e-03      3.94841e+00       9.75143e-01       2.95732e+00
  974  1.95e-03      3.99527e+00       1.10798e+00       3.03284e+00
  975  1.95e-03      3.95669e+00       9.37977e-01       2.95045e+00
  976  1.95e-03      3.97451e+00       9.55324e-01       2.96812e+00
  977  1.95e-03      3.93227e+00       9.12650e-01       2.92573e+00
  978  1.96e-03      3.96105e+00       1.01766e+00       2.97992e+00
  979  1.96e-03      3.97074e+00       9.61220e-01       2.96757e+00
  980  1.96e-03      3.99692e+00       1.08380e+00       3.02588e+00
  981  1.96e-03      3.97521e+00       1.04583e+00       2.99875e+00
  982  1.96e-03      3.99990e+00       1.08830e+00       3.02937e+00
  983  1.97e-03      3.94540e+00       1.15628e+00       3.01570e+00
  984  1.97e-03      3.93229e+00       9.95009e-01       2.95320e+00
  985  1.97e-03      3.95990e+00       8.52129e-01       2.92398e+00
  986  1.97e-03      3.96090e+00       1.05628e+00       2.99269e+00
  987  1.97e-03      3.94008e+00       1.05481e+00       2.97832e+00
  988  1.98e-03      3.94560e+00       8.03536e-01       2.89825e+00
  989  1.98e-03      3.95256e+00       1.12878e+00       3.01130e+00
  990  1.98e-03      3.89452e+00       1.09792e+00       2.96232e+00
  991  1.98e-03      3.90988e+00       9.57609e-01       2.92579e+00
  992  1.98e-03      3.90514e+00       1.00126e+00       2.93718e+00
  993  1.99e-03      3.93744e+00       1.14432e+00       3.00640e+00
  994  1.99e-03      3.90176e+00       9.37837e-01       2.91378e+00
  995  1.99e-03      3.94436e+00       1.03136e+00       2.97336e+00
  996  1.99e-03      3.94995e+00       1.21522e+00       3.03837e+00
  997  1.99e-03      3.97975e+00       1.01483e+00       2.99144e+00
  998  2.00e-03      3.93128e+00       1.14512e+00       3.00256e+00
  999  2.00e-03      3.97043e+00       9.65012e-01       2.96862e+00
