Delta = -8.276e+00 gamma
 step      t        T_in_plane/mK   T_out_of_plane/mK   T_tot/mK
    0  0.00e+00      5.26273e+00       0.00000e+00       3.50848e+00
    1  2.00e-06      5.16236e+00       3.86493e-04       3.44170e+00
    2  4.00e-06      5.14890e+00       7.70120e-04       3.43286e+00
    3  6.00e-06      5.19616e+00       1.35212e-03       3.46456e+00
    4  8.00e-06      5.21633e+00       1.49315e-03       3.47805e+00
    5  1.00e-05      5.20795e+00       1.85717e-03       3.47259e+00
    6  1.20e-05      5.23184e+00       2.28996e-03       3.48866e+00
    7  1.40e-05      5.22469e+00       2.64365e-03       3.48401e+00
    8  1.60e-05      5.20982e+00       3.42939e-03       3.47436e+00
    9  1.80e-05      5.20782e+00       4.13295e-03       3.47326e+00
   10  2.00e-05      5.20981e+00       3.98103e-03       3.47454e+00
   11  2.20e-05      5.18480e+00       3.99097e-03       3.45786e+00
   12  2.40e-05      5.17560e+00       5.42904e-03       3.45221e+00
   13  2.60e-05      5.19381e+00       5.68894e-03       3.46443e+00
   14  2.80e-05      5.18078e+00       6.18602e-03       3.45592e+00
   15  3.00e-05      5.17208e+00       6.59150e-03       3.45025e+00
   16  3.20e-05      5.17695e+00       6.63729e-03       3.45351e+00
   17  3.40e-05      5.18415e+00       7.42218e-03       3.45858e+00
   18  3.60e-05      5.19337e+00       7.26584e-03       3.46467e+00
   19  3.80e-05      5.19483e+00       9.09614e-03       3.46625e+00
   20  4.00e-05      5.18954e+00       8.38677e-03       3.46249e+00
   21  4.20e-05      5.15123e+00       9.73321e-03       3.43740e+00
   22  4.40e-05      5.14207e+00       1.01016e-02       3.43141e+00
   23  4.60e-05      5.15856e+00       1.04305e-02       3.44252e+00
   24  4.80e-05      5.13235e+00       1.18762e-02       3.42552e+00
   25  5.00e-05      5.13575e+00       1.25596e-02       3.42802e+00
   26  5.20e-05      5.13128e+00       1.15283e-02       3.42470e+00
   27  5.40e-05      5.10791e+00       1.03350e-02       3.40872e+00
   28  5.60e-05      5.12871e+00       1.29864e-02       3.42347e+00
   29  5.80e-05      5.12115e+00       1.22236e-02       3.41818e+00
   30  6.00e-05      5.13929e+00       1.35930e-02       3.43073e+00
   31  6.20e-05      5.16531e+00       1.33796e-02       3.44800e+00
   32  6.40e-05      5.16544e+00       1.32064e-02       3.44803e+00
   33  6.60e-05      5.13720e+00       1.30059e-02       3.42914e+00
   34  6.80e-05      5.16052e+00       1.30213e-02       3.44469e+00
   35  7.00e-05      5.14664e+00       1.88313e-02       3.43737e+00
   36  7.20e-05      5.15364e+00       1.58931e-02       3.44106e+00
   37  7.40e-05      5.19779e+00       1.54833e-02       3.47035e+00
   38  7.60e-05      5.20073e+00       1.45357e-02       3.47200e+00
   39  7.80e-05      5.21244e+00       1.57636e-02       3.48021e+00
   40  8.00e-05      5.22395e+00       1.53057e-02       3.48773e+00
   41  8.20e-05      5.20935e+00       1.83925e-02       3.47903e+00
   42  8.40e-05      5.20849e+00       2.00231e-02       3.47900e+00
   43  8.60e-05      5.19843e+00       1.82912e-02       3.47171e+00
   44  8.80e-05      5.17503e+00       2.14528e-02       3.45717e+00
   45  9.00e-05      5.15218e+00       1.96151e-02       3.44133e+00
   46  9.20e-05      5.15000e+00       1.65495e-02       3.43885e+00
   47  9.40e-05      5.15487e+00       1.92921e-02       3.44301e+00
   48  9.60e-05      5.13883e+00       1.79117e-02       3.43186e+00
   49  9.80e-05      5.10821e+00       1.60238e-02       3.41081e+00
   50  1.00e-04      5.11210e+00       1.73109e-02       3.41384e+00
   51  1.02e-04      5.07170e+00       1.99790e-02       3.38780e+00
   52  1.04e-04      5.05489e+00       2.42377e-02       3.37800e+00
   53  1.06e-04      5.06890e+00       2.12286e-02       3.38634e+00
   54  1.08e-04      5.04881e+00       1.80682e-02       3.37190e+00
   55  1.10e-04      5.04747e+00       2.06627e-02       3.37187e+00
   56  1.12e-04      5.06242e+00       1.95345e-02       3.38146e+00
   57  1.14e-04      5.06593e+00       2.24350e-02       3.38476e+00
   58  1.16e-04      5.03903e+00       2.30492e-02       3.36704e+00
   59  1.18e-04      5.02635e+00       2.39017e-02       3.35887e+00
   60  1.20e-04      5.01937e+00       2.07666e-02       3.35317e+00
   61  1.22e-04      5.02693e+00       2.64857e-02       3.36012e+00
   62  1.24e-04      5.01173e+00       2.75011e-02       3.35032e+00
   63  1.26e-04      5.03489e+00       2.07717e-02       3.36351e+00
   64  1.28e-04      4.99136e+00       1.88027e-02       3.33384e+00
   65  1.30e-04      4.96397e+00       2.58363e-02       3.31792e+00
   66  1.32e-04      4.96339e+00       2.26973e-02       3.31649e+00
   67  1.34e-04      4.95965e+00       2.44452e-02       3.31458e+00
   68  1.36e-04      4.94232e+00       2.38229e-02       3.30282e+00
   69  1.38e-04      4.91414e+00       2.59374e-02       3.28474e+00
   70  1.40e-04      4.90872e+00       2.68443e-02       3.28143e+00
   71  1.42e-04      4.90367e+00       3.14050e-02       3.27958e+00
   72  1.44e-04      4.86422e+00       2.60944e-02       3.25151e+00
   73  1.46e-04      4.84005e+00       2.73448e-02       3.23582e+00
   74  1.48e-04      4.83101e+00       3.18376e-02       3.23129e+00
   75  1.50e-04      4.83975e+00       2.94972e-02       3.23633e+00
   76  1.52e-04      4.82371e+00       2.67589e-02       3.22472e+00
   77  1.54e-04      4.81431e+00       2.99197e-02       3.21952e+00
   78  1.56e-04      4.80077e+00       3.38815e-02       3.21181e+00
   79  1.58e-04      4.78928e+00       3.54356e-02       3.20467e+00
   80  1.60e-04      4.79664e+00       3.23612e-02       3.20855e+00
   81  1.62e-04      4.79884e+00       3.79510e-02       3.21188e+00
   82  1.64e-04      4.77591e+00       3.38104e-02       3.19521e+00
   83  1.66e-04      4.79635e+00       3.17381e-02       3.20814e+00
   84  1.68e-04      4.79158e+00       3.70740e-02       3.20674e+00
   85  1.70e-04      4.79544e+00       3.32019e-02       3.20803e+00
   86  1.72e-04      4.79658e+00       3.72561e-02       3.21014e+00
   87  1.74e-04      4.78536e+00       3.80826e-02       3.20293e+00
   88  1.76e-04      4.77255e+00       3.89869e-02       3.19470e+00
   89  1.78e-04      4.75913e+00       3.68202e-02       3.18503e+00
   90  1.80e-04      4.75800e+00       3.97860e-02       3.18526e+00
   91  1.82e-04      4.76446e+00       4.16569e-02       3.19020e+00
   92  1.84e-04      4.76772e+00       3.84135e-02       3.19128e+00
   93  1.86e-04      4.78318e+00       4.32111e-02       3.20319e+00
   94  1.88e-04      4.76035e+00       4.50637e-02       3.18859e+00
   95  1.90e-04      4.74798e+00       3.92118e-02       3.17839e+00
   96  1.92e-04      4.73232e+00       4.77001e-02       3.17078e+00
   97  1.94e-04      4.74644e+00       4.46355e-02       3.17917e+00
   98  1.96e-04      4.73025e+00       4.69517e-02       3.16915e+00
   99  1.98e-04      4.71796e+00       5.11172e-02       3.16235e+00
  100  2.00e-04      4.72023e+00       4.91219e-02       3.16320e+00
  101  2.02e-04      4.70864e+00       4.26937e-02       3.15333e+00
  102  2.04e-04      4.71038e+00       3.80979e-02       3.15295e+00
  103  2.06e-04      4.70486e+00       5.33039e-02       3.15434e+00
  104  2.08e-04      4.71259e+00       4.99490e-02       3.15837e+00
  105  2.10e-04      4.67810e+00       4.16707e-02       3.13263e+00
  106  2.12e-04      4.65075e+00       5.10785e-02       3.11753e+00
  107  2.14e-04      4.65671e+00       4.94922e-02       3.12097e+00
  108  2.16e-04      4.63397e+00       5.15184e-02       3.10648e+00
  109  2.18e-04      4.64321e+00       4.94715e-02       3.11196e+00
  110  2.20e-04      4.60878e+00       5.05351e-02       3.08936e+00
  111  2.22e-04      4.58481e+00       4.79207e-02       3.07251e+00
  112  2.24e-04      4.57204e+00       4.91548e-02       3.06441e+00
  113  2.26e-04      4.57302e+00       5.28140e-02       3.06628e+00
  114  2.28e-04      4.57901e+00       5.11045e-02       3.06971e+00
  115  2.30e-04      4.59485e+00       6.04593e-02       3.08339e+00
  116  2.32e-04      4.54839e+00       5.40323e-02       3.05027e+00
  117  2.34e-04      4.54904e+00       5.20864e-02       3.05005e+00
  118  2.36e-04      4.54247e+00       6.39145e-02       3.04962e+00
  119  2.38e-04      4.56176e+00       6.21214e-02       3.06188e+00
  120  2.40e-04      4.53359e+00       6.44085e-02       3.04386e+00
  121  2.42e-04      4.52382e+00       6.66757e-02       3.03811e+00
  122  2.44e-04      4.53608e+00       5.80302e-02       3.04340e+00
  123  2.46e-04      4.57062e+00       6.81525e-02       3.06980e+00
  124  2.48e-04      4.59160e+00       8.06160e-02       3.08794e+00
  125  2.50e-04      4.57835e+00       5.57421e-02       3.07082e+00
  126  2.52e-04      4.55487e+00       5.75728e-02       3.05577e+00
  127  2.54e-04      4.57732e+00       6.66892e-02       3.07378e+00
  128  2.56e-04      4.58321e+00       6.64211e-02       3.07762e+00
  129  2.58e-04      4.57619e+00       5.76145e-02       3.07000e+00
  130  2.60e-04      4.59068e+00       7.95981e-02       3.08698e+00
  131  2.62e-04      4.58180e+00       6.65044e-02       3.07670e+00
  132  2.64e-04      4.56600e+00       7.17316e-02       3.06791e+00
  133  2.66e-04      4.54415e+00       8.02765e-02       3.05619e+00
  134  2.68e-04      4.51396e+00       7.04356e-02       3.03278e+00
  135  2.70e-04      4.50501e+00       6.43296e-02       3.02478e+00
  136  2.72e-04      4.50363e+00       7.18199e-02       3.02636e+00
  137  2.74e-04      4.49380e+00       7.43636e-02       3.02065e+00
  138  2.76e-04      4.49561e+00       5.73412e-02       3.01618e+00
  139  2.78e-04      4.47918e+00       7.27022e-02       3.01036e+00
  140  2.80e-04      4.48687e+00       7.49844e-02       3.01624e+00
  141  2.82e-04      4.48532e+00       7.68308e-02       3.01582e+00
  142  2.84e-04      4.48107e+00       7.81463e-02       3.01343e+00
  143  2.86e-04      4.47958e+00       7.40908e-02       3.01108e+00
  144  2.88e-04      4.46178e+00       7.64562e-02       3.00001e+00
  145  2.90e-04      4.46218e+00       8.38927e-02       3.00275e+00
  146  2.92e-04      4.46464e+00       7.45719e-02       3.00128e+00
  147  2.94e-04      4.46485e+00       7.03007e-02       3.00000e+00
  148  2.96e-04      4.47300e+00       6.61330e-02       3.00404e+00
  149  2.98e-04      4.47100e+00       9.45237e-02       3.01218e+00
  150  3.00e-04      4.47502e+00       7.01355e-02       3.00673e+00
  151  3.02e-04      4.47191e+00       7.41110e-02       3.00598e+00
  152  3.04e-04      4.48951e+00       7.29425e-02       3.01732e+00
  153  3.06e-04      4.48125e+00       9.44369e-02       3.01898e+00
  154  3.08e-04      4.49157e+00       8.11267e-02       3.02142e+00
  155  3.10e-04      4.48989e+00       8.89352e-02       3.02290e+00
  156  3.12e-04      4.49574e+00       6.98567e-02       3.02044e+00
  157  3.14e-04      4.49099e+00       9.72970e-02       3.02642e+00
  158  3.16e-04      4.48082e+00       9.48523e-02       3.01883e+00
  159  3.18e-04      4.47494e+00       9.04553e-02       3.01345e+00
  160  3.20e-04      4.43748e+00       7.00940e-02       2.98168e+00
  161  3.22e-04      4.43514e+00       8.47528e-02       2.98501e+00
  162  3.24e-04      4.43676e+00       9.48840e-02       2.98947e+00
  163  3.26e-04      4.46965e+00       7.70077e-02       3.00543e+00
  164  3.28e-04      4.45034e+00       8.74154e-02       2.99603e+00
  165  3.30e-04      4.45724e+00       8.02224e-02       2.99824e+00
  166  3.32e-04      4.44665e+00       8.77212e-02       2.99367e+00
  167  3.34e-04      4.42752e+00       9.54625e-02       2.98350e+00
  168  3.36e-04      4.41069e+00       9.25415e-02       2.97131e+00
  169  3.38e-04      4.41015e+00       8.61420e-02       2.96881e+00
  170  3.40e-04      4.40752e+00       8.63454e-02       2.96713e+00
  171  3.42e-04      4.39324e+00       8.90366e-02       2.95851e+00
  172  3.44e-04      4.38694e+00       7.94753e-02       2.95112e+00
  173  3.46e-04      4.35642e+00       7.87380e-02       2.93053e+00
  174  3.48e-04      4.35992e+00       8.93729e-02       2.93641e+00
  175  3.50e-04      4.38093e+00       7.12281e-02       2.94436e+00
  176  3.52e-04      4.36312e+00       9.20524e-02       2.93943e+00
  177  3.54e-04      4.36315e+00       9.44610e-02       2.94025e+00
  178  3.56e-04      4.36789e+00       9.41174e-02       2.94330e+00
  179  3.58e-04      4.38534e+00       9.40398e-02       2.95491e+00
  180  3.60e-04      4.38480e+00       9.05018e-02       2.95337e+00
  181  3.62e-04      4.38244e+00       7.63990e-02       2.94709e+00
  182  3.64e-04      4.39420e+00       9.47058e-02       2.96104e+00
  183  3.66e-04      4.39596e+00       1.01468e-01       2.96446e+00
  184  3.68e-04      4.37267e+00       9.04079e-02       2.94525e+00
  185  3.70e-04      4.37688e+00       8.88087e-02       2.94752e+00
  186  3.72e-04      4.35487e+00       8.93793e-02       2.93304e+00
  187  3.74e-04      4.37134e+00       8.73317e-02       2.94333e+00
  188  3.76e-04      4.36425e+00       1.06648e-01       2.94505e+00
  189  3.78e-04      4.32661e+00       1.06306e-01       2.91984e+00
  190  3.80e-04      4.33345e+00       7.83100e-02       2.91507e+00
  191  3.82e-04      4.30608e+00       9.71549e-02       2.90310e+00
  192  3.84e-04      4.31152e+00       1.05766e-01       2.90960e+00
  193  3.86e-04      4.29740e+00       1.04673e-01       2.89983e+00
  194  3.88e-04      4.30007e+00       9.37035e-02       2.89795e+00
  195  3.90e-04      4.29930e+00       8.67158e-02       2.89510e+00
  196  3.92e-04      4.30097e+00       1.05837e-01       2.90259e+00
  197  3.94e-04      4.31590e+00       1.11189e-01       2.91433e+00
  198  3.96e-04      4.30042e+00       9.99437e-02       2.90026e+00
  199  3.98e-04      4.29218e+00       8.60741e-02       2.89015e+00
  200  4.00e-04      4.27264e+00       1.04958e-01       2.88341e+00
  201  4.02e-04      4.29323e+00       1.20882e-01       2.90245e+00
  202  4.04e-04      4.29373e+00       1.04638e-01       2.89737e+00
  203  4.06e-04      4.29275e+00       1.01281e-01       2.89560e+00
  204  4.08e-04      4.27168e+00       1.00602e-01       2.88132e+00
  205  4.10e-04      4.26975e+00       1.28137e-01       2.88921e+00
  206  4.12e-04      4.26662e+00       9.92827e-02       2.87751e+00
  207  4.14e-04      4.25848e+00       9.09143e-02       2.86929e+00
  208  4.16e-04      4.25825e+00       1.35526e-01       2.88401e+00
  209  4.18e-04      4.26669e+00       1.11413e-01       2.88160e+00
  210  4.20e-04      4.29750e+00       1.02779e-01       2.89926e+00
  211  4.22e-04      4.30135e+00       1.01125e-01       2.90127e+00
  212  4.24e-04      4.30084e+00       1.14579e-01       2.90542e+00
  213  4.26e-04      4.30747e+00       1.12013e-01       2.90899e+00
  214  4.28e-04      4.29513e+00       1.23434e-01       2.90456e+00
  215  4.30e-04      4.24522e+00       1.18364e-01       2.86960e+00
  216  4.32e-04      4.26114e+00       9.30532e-02       2.87178e+00
  217  4.34e-04      4.24753e+00       1.34867e-01       2.87664e+00
  218  4.36e-04      4.22372e+00       1.23236e-01       2.85689e+00
  219  4.38e-04      4.22969e+00       9.82941e-02       2.85256e+00
  220  4.40e-04      4.22989e+00       1.34806e-01       2.86486e+00
  221  4.42e-04      4.21099e+00       1.14908e-01       2.84563e+00
  222  4.44e-04      4.19259e+00       1.15769e-01       2.83365e+00
  223  4.46e-04      4.16008e+00       1.29636e-01       2.81660e+00
  224  4.48e-04      4.16695e+00       1.20103e-01       2.81800e+00
  225  4.50e-04      4.14273e+00       1.23604e-01       2.80302e+00
  226  4.52e-04      4.14300e+00       1.26504e-01       2.80417e+00
  227  4.54e-04      4.13546e+00       1.19929e-01       2.79695e+00
  228  4.56e-04      4.16303e+00       1.18641e-01       2.81490e+00
  229  4.58e-04      4.15576e+00       1.26017e-01       2.81251e+00
  230  4.60e-04      4.15306e+00       1.43949e-01       2.81669e+00
  231  4.62e-04      4.13572e+00       1.11298e-01       2.79425e+00
  232  4.64e-04      4.14900e+00       1.36713e-01       2.81157e+00
  233  4.66e-04      4.14984e+00       1.32686e-01       2.81079e+00
  234  4.68e-04      4.16185e+00       1.31527e-01       2.81841e+00
  235  4.70e-04      4.12053e+00       1.45366e-01       2.79548e+00
  236  4.72e-04      4.13403e+00       1.27634e-01       2.79856e+00
  237  4.74e-04      4.10554e+00       1.31650e-01       2.78091e+00
  238  4.76e-04      4.14596e+00       1.47407e-01       2.81311e+00
  239  4.78e-04      4.12297e+00       1.33141e-01       2.79303e+00
  240  4.80e-04      4.12809e+00       1.43309e-01       2.79983e+00
  241  4.82e-04      4.09937e+00       1.37102e-01       2.77861e+00
  242  4.84e-04      4.10356e+00       1.45648e-01       2.78426e+00
  243  4.86e-04      4.10967e+00       1.24610e-01       2.78132e+00
  244  4.88e-04      4.09338e+00       1.57831e-01       2.78153e+00
  245  4.90e-04      4.09172e+00       1.56166e-01       2.77987e+00
  246  4.92e-04      4.08302e+00       1.53702e-01       2.77325e+00
  247  4.94e-04      4.09303e+00       1.33628e-01       2.77323e+00
  248  4.96e-04      4.08462e+00       1.32144e-01       2.76713e+00
  249  4.98e-04      4.07620e+00       1.53111e-01       2.76851e+00
  250  5.00e-04      4.06404e+00       1.37040e-01       2.75504e+00
  251  5.02e-04      4.08555e+00       1.57793e-01       2.77629e+00
  252  5.04e-04      4.08542e+00       1.45745e-01       2.77219e+00
  253  5.06e-04      4.06385e+00       1.36662e-01       2.75479e+00
  254  5.08e-04      4.04672e+00       1.51111e-01       2.74818e+00
  255  5.10e-04      4.03204e+00       1.58029e-01       2.74070e+00
  256  5.12e-04      4.03325e+00       1.68146e-01       2.74488e+00
  257  5.14e-04      4.03355e+00       1.46424e-01       2.73784e+00
  258  5.16e-04      4.05278e+00       1.22070e-01       2.74254e+00
  259  5.18e-04      4.02402e+00       1.55283e-01       2.73444e+00
  260  5.20e-04      4.01571e+00       1.48834e-01       2.72675e+00
  261  5.22e-04      4.01151e+00       1.71437e-01       2.73148e+00
  262  5.24e-04      4.03752e+00       1.11739e-01       2.72893e+00
  263  5.26e-04      4.02810e+00       1.63544e-01       2.73991e+00
  264  5.28e-04      4.02402e+00       1.66931e-01       2.73832e+00
  265  5.30e-04      4.02406e+00       1.48794e-01       2.73230e+00
  266  5.32e-04      4.03506e+00       1.45998e-01       2.73871e+00
  267  5.34e-04      4.01695e+00       1.60667e-01       2.73152e+00
  268  5.36e-04      4.01109e+00       1.53288e-01       2.72516e+00
  269  5.38e-04      4.04680e+00       1.73680e-01       2.75576e+00
  270  5.40e-04      4.02416e+00       1.33637e-01       2.72732e+00
  271  5.42e-04      4.00558e+00       1.71382e-01       2.72751e+00
  272  5.44e-04      4.02021e+00       1.41078e-01       2.72717e+00
  273  5.46e-04      4.00360e+00       1.76448e-01       2.72789e+00
  274  5.48e-04      4.01006e+00       1.21604e-01       2.71391e+00
  275  5.50e-04      4.03084e+00       1.61819e-01       2.74117e+00
  276  5.52e-04      4.03482e+00       1.79595e-01       2.74975e+00
  277  5.54e-04      4.01780e+00       1.59072e-01       2.73156e+00
  278  5.56e-04      4.01638e+00       1.55823e-01       2.72953e+00
  279  5.58e-04      4.03099e+00       1.47491e-01       2.73649e+00
  280  5.60e-04      4.01819e+00       1.50069e-01       2.72882e+00
  281  5.62e-04      4.01659e+00       1.82394e-01       2.73852e+00
  282  5.64e-04      4.03124e+00       1.69217e-01       2.74390e+00
  283  5.66e-04      4.02978e+00       1.62116e-01       2.74056e+00
  284  5.68e-04      4.02022e+00       1.23190e-01       2.72121e+00
  285  5.70e-04      4.00682e+00       1.84283e-01       2.73264e+00
  286  5.72e-04      3.99688e+00       1.87031e-01       2.72693e+00
  287  5.74e-04      3.96384e+00       1.41049e-01       2.68957e+00
  288  5.76e-04      3.92458e+00       1.61194e-01       2.67012e+00
  289  5.78e-04      3.91800e+00       1.61728e-01       2.66591e+00
  290  5.80e-04      3.89800e+00       1.93606e-01       2.66320e+00
  291  5.82e-04      3.89393e+00       1.61016e-01       2.64963e+00
  292  5.84e-04      3.90529e+00       1.52652e-01       2.65441e+00
  293  5.86e-04      3.89419e+00       1.98668e-01       2.66235e+00
  294  5.88e-04      3.87715e+00       1.79774e-01       2.64469e+00
  295  5.90e-04      3.87555e+00       1.72331e-01       2.64114e+00
  296  5.92e-04      3.84509e+00       1.49057e-01       2.61308e+00
  297  5.94e-04      3.84822e+00       2.00205e-01       2.63221e+00
  298  5.96e-04      3.81368e+00       1.80369e-01       2.60258e+00
  299  5.98e-04      3.81432e+00       1.67475e-01       2.59871e+00
  300  6.00e-04      3.81680e+00       1.98247e-01       2.61062e+00
  301  6.02e-04      3.81843e+00       1.73442e-01       2.60344e+00
  302  6.04e-04      3.83250e+00       2.00319e-01       2.62177e+00
  303  6.06e-04      3.81685e+00       1.66323e-01       2.60001e+00
  304  6.08e-04      3.82338e+00       1.78719e-01       2.60849e+00
  305  6.10e-04      3.80641e+00       1.99450e-01       2.60409e+00
  306  6.12e-04      3.82286e+00       1.74527e-01       2.60675e+00
  307  6.14e-04      3.84449e+00       2.05692e-01       2.63156e+00
  308  6.16e-04      3.84911e+00       1.82531e-01       2.62691e+00
  309  6.18e-04      3.83159e+00       1.77396e-01       2.61352e+00
  310  6.20e-04      3.84230e+00       2.13722e-01       2.63278e+00
  311  6.22e-04      3.82803e+00       1.62737e-01       2.60626e+00
  312  6.24e-04      3.80957e+00       1.95428e-01       2.60486e+00
  313  6.26e-04      3.81796e+00       1.90703e-01       2.60887e+00
  314  6.28e-04      3.81283e+00       2.06731e-01       2.61079e+00
  315  6.30e-04      3.82445e+00       1.73374e-01       2.60742e+00
  316  6.32e-04      3.79723e+00       2.06829e-01       2.60043e+00
  317  6.34e-04      3.78151e+00       2.00951e-01       2.58799e+00
  318  6.36e-04      3.76871e+00       1.88708e-01       2.57538e+00
  319  6.38e-04      3.76182e+00       2.11276e-01       2.57830e+00
  320  6.40e-04      3.77758e+00       2.24436e-01       2.59320e+00
  321  6.42e-04      3.76175e+00       1.53790e-01       2.55910e+00
  322  6.44e-04      3.75957e+00       2.11817e-01       2.57698e+00
  323  6.46e-04      3.73819e+00       1.87367e-01       2.55458e+00
  324  6.48e-04      3.73626e+00       1.98111e-01       2.55688e+00
  325  6.50e-04      3.69879e+00       1.80900e-01       2.52616e+00
  326  6.52e-04      3.69860e+00       1.96802e-01       2.53133e+00
  327  6.54e-04      3.71662e+00       1.69191e-01       2.53415e+00
  328  6.56e-04      3.74601e+00       2.01809e-01       2.56461e+00
  329  6.58e-04      3.74851e+00       2.18389e-01       2.57180e+00
  330  6.60e-04      3.72814e+00       1.86839e-01       2.54770e+00
  331  6.62e-04      3.70957e+00       2.02419e-01       2.54052e+00
  332  6.64e-04      3.70238e+00       1.95274e-01       2.53335e+00
  333  6.66e-04      3.70692e+00       1.67983e-01       2.52727e+00
  334  6.68e-04      3.71056e+00       2.24892e-01       2.54867e+00
  335  6.70e-04      3.67811e+00       1.69297e-01       2.50850e+00
  336  6.72e-04      3.68554e+00       1.92040e-01       2.52104e+00
  337  6.74e-04      3.70885e+00       2.09689e-01       2.54246e+00
  338  6.76e-04      3.71416e+00       1.78569e-01       2.53563e+00
  339  6.78e-04      3.69552e+00       2.00659e-01       2.53057e+00
  340  6.80e-04      3.71321e+00       1.94350e-01       2.54025e+00
  341  6.82e-04      3.71279e+00       2.42495e-01       2.55602e+00
  342  6.84e-04      3.71888e+00       1.96167e-01       2.54464e+00
  343  6.86e-04      3.74273e+00       1.88269e-01       2.55791e+00
  344  6.88e-04      3.72853e+00       1.95884e-01       2.55098e+00
  345  6.90e-04      3.72245e+00       2.10880e-01       2.55192e+00
  346  6.92e-04      3.72982e+00       1.97863e-01       2.55250e+00
  347  6.94e-04      3.71149e+00       1.90996e-01       2.53799e+00
  348  6.96e-04      3.69949e+00       2.19975e-01       2.53965e+00
  349  6.98e-04      3.69753e+00       2.02810e-01       2.53262e+00
  350  7.00e-04      3.71205e+00       1.99146e-01       2.54108e+00
  351  7.02e-04      3.68406e+00       1.94129e-01       2.52075e+00
  352  7.04e-04      3.67777e+00       2.00531e-01       2.51869e+00
  353  7.06e-04      3.67941e+00       2.42360e-01       2.53372e+00
  354  7.08e-04      3.65135e+00       2.16534e-01       2.50641e+00
  355  7.10e-04      3.62365e+00       1.75357e-01       2.47422e+00
  356  7.12e-04      3.64912e+00       2.37987e-01       2.51208e+00
  357  7.14e-04      3.65098e+00       2.21824e-01       2.50793e+00
  358  7.16e-04      3.64544e+00       1.94537e-01       2.49514e+00
  359  7.18e-04      3.63812e+00       1.63877e-01       2.48004e+00
  360  7.20e-04      3.64450e+00       2.59736e-01       2.51625e+00
  361  7.22e-04      3.63960e+00       2.10733e-01       2.49665e+00
  362  7.24e-04      3.65487e+00       2.07098e-01       2.50561e+00
  363  7.26e-04      3.65880e+00       2.37962e-01       2.51852e+00
  364  7.28e-04      3.65724e+00       1.82043e-01       2.49884e+00
  365  7.30e-04      3.63558e+00       2.18478e-01       2.49654e+00
  366  7.32e-04      3.60604e+00       2.22370e-01       2.47815e+00
  367  7.34e-04      3.63789e+00       1.84428e-01       2.48674e+00
  368  7.36e-04      3.62839e+00       2.24018e-01       2.49360e+00
  369  7.38e-04      3.64048e+00       2.24983e-01       2.50198e+00
  370  7.40e-04      3.66248e+00       1.77266e-01       2.50074e+00
  371  7.42e-04      3.65002e+00       2.32942e-01       2.51099e+00
  372  7.44e-04      3.65183e+00       2.26040e-01       2.50990e+00
  373  7.46e-04      3.65473e+00       2.13642e-01       2.50770e+00
  374  7.48e-04      3.64098e+00       2.06358e-01       2.49611e+00
  375  7.50e-04      3.64710e+00       2.42558e-01       2.51225e+00
  376  7.52e-04      3.63933e+00       1.86670e-01       2.48844e+00
  377  7.54e-04      3.66322e+00       2.40388e-01       2.52228e+00
  378  7.56e-04      3.64349e+00       2.23894e-01       2.50363e+00
  379  7.58e-04      3.64367e+00       2.23380e-01       2.50358e+00
  380  7.60e-04      3.63415e+00       2.27526e-01       2.49861e+00
  381  7.62e-04      3.65055e+00       2.13702e-01       2.50494e+00
  382  7.64e-04      3.62774e+00       2.14549e-01       2.49001e+00
  383  7.66e-04      3.63804e+00       2.45753e-01       2.50728e+00
  384  7.68e-04      3.64477e+00       2.20062e-01       2.50320e+00
  385  7.70e-04      3.62225e+00       2.38500e-01       2.49433e+00
  386  7.72e-04      3.61748e+00       1.94809e-01       2.47659e+00
  387  7.74e-04      3.63114e+00       2.10988e-01       2.49109e+00
  388  7.76e-04      3.61541e+00       2.07078e-01       2.47930e+00
  389  7.78e-04      3.60277e+00       2.14733e-01       2.47342e+00
  390  7.80e-04      3.60129e+00       2.30159e-01       2.47758e+00
  391  7.82e-04      3.60815e+00       2.19054e-01       2.47845e+00
  392  7.84e-04      3.60878e+00       2.42378e-01       2.48665e+00
  393  7.86e-04      3.57000e+00       1.92574e-01       2.44419e+00
  394  7.88e-04      3.57947e+00       2.15362e-01       2.45810e+00
  395  7.90e-04      3.58397e+00       2.11060e-01       2.45967e+00
  396  7.92e-04      3.57537e+00       2.12988e-01       2.45457e+00
  397  7.94e-04      3.58824e+00       2.39252e-01       2.47191e+00
  398  7.96e-04      3.55454e+00       2.25142e-01       2.44474e+00
  399  7.98e-04      3.52606e+00       1.85717e-01       2.41261e+00
  400  8.00e-04      3.50763e+00       2.27449e-01       2.41424e+00
  401  8.02e-04      3.50602e+00       2.37127e-01       2.41639e+00
  402  8.04e-04      3.52248e+00       2.19180e-01       2.42138e+00
  403  8.06e-04      3.52605e+00       2.58351e-01       2.43682e+00
  404  8.08e-04      3.51855e+00       2.83351e-01       2.44015e+00
  405  8.10e-04      3.52949e+00       1.83818e-01       2.41426e+00
  406  8.12e-04      3.53916e+00       2.25304e-01       2.43454e+00
  407  8.14e-04      3.52515e+00       2.52676e-01       2.43433e+00
  408  8.16e-04      3.50569e+00       1.94757e-01       2.40205e+00
  409  8.18e-04      3.49844e+00       2.75098e-01       2.42399e+00
  410  8.20e-04      3.50849e+00       2.11702e-01       2.40956e+00
  411  8.22e-04      3.50203e+00       2.08970e-01       2.40435e+00
  412  8.24e-04      3.50436e+00       2.73258e-01       2.42733e+00
  413  8.26e-04      3.49486e+00       2.37325e-01       2.40902e+00
  414  8.28e-04      3.49273e+00       1.90181e-01       2.39188e+00
  415  8.30e-04      3.49332e+00       2.47469e-01       2.41137e+00
  416  8.32e-04      3.47944e+00       2.94658e-01       2.41784e+00
  417  8.34e-04      3.44491e+00       2.32796e-01       2.37421e+00
  418  8.36e-04      3.45171e+00       2.19862e-01       2.37443e+00
  419  8.38e-04      3.45855e+00       2.40391e-01       2.38583e+00
  420  8.40e-04      3.47298e+00       1.99899e-01       2.38195e+00
  421  8.42e-04      3.47381e+00       2.59987e-01       2.40253e+00
  422  8.44e-04      3.45477e+00       2.51972e-01       2.38717e+00
  423  8.46e-04      3.44261e+00       2.18739e-01       2.36799e+00
  424  8.48e-04      3.43545e+00       2.62874e-01       2.37793e+00
  425  8.50e-04      3.44063e+00       2.65009e-01       2.38209e+00
  426  8.52e-04      3.42233e+00       2.36746e-01       2.36047e+00
  427  8.54e-04      3.41393e+00       2.47053e-01       2.35831e+00
  428  8.56e-04      3.41215e+00       2.52205e-01       2.35883e+00
  429  8.58e-04      3.40112e+00       2.19024e-01       2.34042e+00
  430  8.60e-04      3.39961e+00       2.58611e-01       2.35261e+00
  431  8.62e-04      3.37393e+00       2.19173e-01       2.32235e+00
  432  8.64e-04      3.38705e+00       2.49648e-01       2.34125e+00
  433  8.66e-04      3.40100e+00       2.66363e-01       2.35612e+00
  434  8.68e-04      3.40215e+00       2.13290e-01       2.33920e+00
  435  8.70e-04      3.37467e+00       2.46261e-01       2.33187e+00
  436  8.72e-04      3.38419e+00       2.32170e-01       2.33351e+00
  437  8.74e-04      3.36579e+00       2.45450e-01       2.32568e+00
  438  8.76e-04      3.35395e+00       2.95034e-01       2.33431e+00
  439  8.78e-04      3.35854e+00       2.70466e-01       2.32918e+00
  440  8.80e-04      3.34147e+00       2.25439e-01       2.30280e+00
  441  8.82e-04      3.35266e+00       2.40564e-01       2.31529e+00
  442  8.84e-04      3.34560e+00       2.32881e-01       2.30803e+00
  443  8.86e-04      3.33276e+00       2.14675e-01       2.29340e+00
  444  8.88e-04      3.32430e+00       2.76502e-01       2.30837e+00
  445  8.90e-04      3.32804e+00       2.32744e-01       2.29627e+00
  446  8.92e-04      3.32184e+00       2.40828e-01       2.29484e+00
  447  8.94e-04      3.33547e+00       2.94610e-01       2.32185e+00
  448  8.96e-04      3.34994e+00       1.97814e-01       2.29923e+00
  449  8.98e-04      3.36752e+00       2.33945e-01       2.32300e+00
  450  9.00e-04      3.34745e+00       2.59698e-01       2.31820e+00
  451  9.02e-04      3.36803e+00       2.61055e-01       2.33237e+00
  452  9.04e-04      3.34765e+00       2.38500e-01       2.31127e+00
  453  9.06e-04      3.33684e+00       2.56667e-01       2.31012e+00
  454  9.08e-04      3.34431e+00       2.40214e-01       2.30961e+00
  455  9.10e-04      3.34963e+00       2.33303e-01       2.31085e+00
  456  9.12e-04      3.33964e+00       2.64755e-01       2.31468e+00
  457  9.14e-04      3.32537e+00       2.01272e-01       2.28401e+00
  458  9.16e-04      3.30685e+00       2.30992e-01       2.28156e+00
  459  9.18e-04      3.32651e+00       3.10196e-01       2.32107e+00
  460  9.20e-04      3.29289e+00       2.51910e-01       2.27923e+00
  461  9.22e-04      3.27434e+00       2.08677e-01       2.25245e+00
  462  9.24e-04      3.27274e+00       2.62403e-01       2.26929e+00
  463  9.26e-04      3.26511e+00       2.79696e-01       2.26997e+00
  464  9.28e-04      3.24452e+00       2.64529e-01       2.25119e+00
  465  9.30e-04      3.25989e+00       2.70682e-01       2.26349e+00
  466  9.32e-04      3.24723e+00       2.35677e-01       2.24338e+00
  467  9.34e-04      3.24436e+00       2.37101e-01       2.24194e+00
  468  9.36e-04      3.21859e+00       2.96268e-01       2.24448e+00
  469  9.38e-04      3.21226e+00       2.21790e-01       2.21544e+00
  470  9.40e-04      3.20829e+00       2.85731e-01       2.23410e+00
  471  9.42e-04      3.20469e+00       2.90488e-01       2.23329e+00
  472  9.44e-04      3.19217e+00       2.73564e-01       2.21930e+00
  473  9.46e-04      3.20993e+00       2.53824e-01       2.22456e+00
  474  9.48e-04      3.19695e+00       2.74205e-01       2.22270e+00
  475  9.50e-04      3.21514e+00       2.85709e-01       2.23866e+00
  476  9.52e-04      3.22166e+00       2.93071e-01       2.24546e+00
  477  9.54e-04      3.21034e+00       2.47323e-01       2.22267e+00
  478  9.56e-04      3.20623e+00       2.60449e-01       2.22431e+00
  479  9.58e-04      3.22536e+00       2.63806e-01       2.23818e+00
  480  9.60e-04      3.22187e+00       2.61206e-01       2.23498e+00
  481  9.62e-04      3.20364e+00       2.59714e-01       2.22233e+00
  482  9.64e-04      3.19756e+00       2.96881e-01       2.23067e+00
  483  9.66e-04      3.20373e+00       2.51793e-01       2.21975e+00
  484  9.68e-04      3.21106e+00       2.90423e-01       2.23752e+00
  485  9.70e-04      3.21588e+00       2.72198e-01       2.23465e+00
  486  9.72e-04      3.22331e+00       2.64883e-01       2.23717e+00
  487  9.74e-04      3.21781e+00       3.05839e-01       2.24715e+00
  488  9.76e-04      3.21200e+00       2.86691e-01       2.23690e+00
  489  9.78e-04      3.20493e+00       2.07294e-01       2.20572e+00
  490  9.80e-04      3.21833e+00       2.72855e-01       2.23650e+00
  491  9.82e-04      3.21046e+00       3.25690e-01       2.24887e+00
  492  9.84e-04      3.20134e+00       2.32464e-01       2.21172e+00
  493  9.86e-04      3.21819e+00       2.85251e-01       2.24054e+00
  494  9.88e-04      3.20331e+00       3.34150e-01       2.24692e+00
  495  9.90e-04      3.21132e+00       2.63975e-01       2.22887e+00
  496  9.92e-04      3.20841e+00       2.73808e-01       2.23021e+00
  497  9.94e-04      3.22164e+00       2.79793e-01       2.24102e+00
  498  9.96e-04      3.21679e+00       2.59588e-01       2.23105e+00
  499  9.98e-04      3.20681e+00       2.82205e-01       2.23194e+00
  500  1.00e-03      3.20169e+00       3.10181e-01       2.23785e+00
  501  1.00e-03      3.20109e+00       2.54497e-01       2.21889e+00
  502  1.00e-03      3.19344e+00       2.84412e-01       2.22376e+00
  503  1.01e-03      3.21966e+00       3.32861e-01       2.25739e+00
  504  1.01e-03      3.20122e+00       2.10766e-01       2.20440e+00
  505  1.01e-03      3.19494e+00       2.72157e-01       2.22068e+00
  506  1.01e-03      3.21563e+00       3.03235e-01       2.24483e+00
  507  1.01e-03      3.20758e+00       2.65390e-01       2.22685e+00
  508  1.02e-03      3.20097e+00       2.90291e-01       2.23074e+00
  509  1.02e-03      3.19172e+00       2.80983e-01       2.22148e+00
  510  1.02e-03      3.19921e+00       2.61646e-01       2.22002e+00
  511  1.02e-03      3.19002e+00       2.78321e-01       2.21945e+00
  512  1.02e-03      3.19551e+00       2.76276e-01       2.22243e+00
  513  1.03e-03      3.16093e+00       2.89771e-01       2.20388e+00
  514  1.03e-03      3.14998e+00       3.18734e-01       2.20623e+00
  515  1.03e-03      3.14861e+00       2.64441e-01       2.18722e+00
  516  1.03e-03      3.13350e+00       2.46508e-01       2.17117e+00
  517  1.03e-03      3.13391e+00       2.89188e-01       2.18567e+00
  518  1.04e-03      3.14387e+00       2.80077e-01       2.18927e+00
  519  1.04e-03      3.13715e+00       3.26389e-01       2.20023e+00
  520  1.04e-03      3.14509e+00       2.71686e-01       2.18729e+00
  521  1.04e-03      3.13792e+00       2.83573e-01       2.18647e+00
  522  1.04e-03      3.11729e+00       3.11749e-01       2.18211e+00
  523  1.05e-03      3.10793e+00       3.24250e-01       2.18004e+00
  524  1.05e-03      3.12690e+00       3.00032e-01       2.18461e+00
  525  1.05e-03      3.13822e+00       3.12874e-01       2.19644e+00
  526  1.05e-03      3.13751e+00       3.18439e-01       2.19782e+00
  527  1.05e-03      3.12908e+00       2.55589e-01       2.17125e+00
  528  1.06e-03      3.11460e+00       2.99106e-01       2.17610e+00
  529  1.06e-03      3.13680e+00       3.22743e-01       2.19878e+00
  530  1.06e-03      3.12424e+00       2.78138e-01       2.17554e+00
  531  1.06e-03      3.12902e+00       3.55207e-01       2.20441e+00
  532  1.06e-03      3.11887e+00       3.12037e-01       2.18326e+00
  533  1.07e-03      3.11707e+00       2.70425e-01       2.16819e+00
  534  1.07e-03      3.12092e+00       3.29709e-01       2.19052e+00
  535  1.07e-03      3.10309e+00       2.92972e-01       2.16638e+00
  536  1.07e-03      3.10110e+00       2.65863e-01       2.15602e+00
  537  1.07e-03      3.11765e+00       3.34826e-01       2.19004e+00
  538  1.08e-03      3.09715e+00       3.19212e-01       2.17117e+00
  539  1.08e-03      3.09159e+00       2.54620e-01       2.14593e+00
  540  1.08e-03      3.09468e+00       3.42225e-01       2.17720e+00
  541  1.08e-03      3.08326e+00       2.83011e-01       2.14984e+00
  542  1.08e-03      3.07146e+00       2.73303e-01       2.13874e+00
  543  1.09e-03      3.08431e+00       3.61195e-01       2.17660e+00
  544  1.09e-03      3.10399e+00       2.76366e-01       2.16145e+00
  545  1.09e-03      3.11019e+00       2.62459e-01       2.16094e+00
  546  1.09e-03      3.10702e+00       3.25431e-01       2.17982e+00
  547  1.09e-03      3.11645e+00       3.10405e-01       2.18110e+00
  548  1.10e-03      3.09169e+00       2.89152e-01       2.15751e+00
  549  1.10e-03      3.08089e+00       3.51539e-01       2.17111e+00
  550  1.10e-03      3.10070e+00       2.94238e-01       2.16521e+00
  551  1.10e-03      3.09067e+00       2.16794e-01       2.13271e+00
  552  1.10e-03      3.08569e+00       3.42147e-01       2.17118e+00
  553  1.11e-03      3.08934e+00       2.89446e-01       2.15604e+00
  554  1.11e-03      3.07909e+00       3.07793e-01       2.15532e+00
  555  1.11e-03      3.07356e+00       3.27712e-01       2.15827e+00
  556  1.11e-03      3.08809e+00       3.07266e-01       2.16115e+00
  557  1.11e-03      3.08389e+00       3.22060e-01       2.16328e+00
  558  1.12e-03      3.06288e+00       3.54906e-01       2.16022e+00
  559  1.12e-03      3.07405e+00       2.82789e-01       2.14363e+00
  560  1.12e-03      3.09080e+00       3.15858e-01       2.16582e+00
  561  1.12e-03      3.08814e+00       3.24053e-01       2.16678e+00
  562  1.12e-03      3.08197e+00       3.31798e-01       2.16524e+00
  563  1.13e-03      3.07820e+00       2.92684e-01       2.14969e+00
  564  1.13e-03      3.07370e+00       2.78147e-01       2.14185e+00
  565  1.13e-03      3.08061e+00       3.01239e-01       2.15415e+00
  566  1.13e-03      3.06720e+00       3.81606e-01       2.17200e+00
  567  1.13e-03      3.07736e+00       2.72847e-01       2.14252e+00
  568  1.14e-03      3.07168e+00       3.03552e-01       2.14897e+00
  569  1.14e-03      3.04059e+00       3.44095e-01       2.14176e+00
  570  1.14e-03      3.04919e+00       2.96135e-01       2.13151e+00
  571  1.14e-03      3.04204e+00       2.90236e-01       2.12477e+00
  572  1.14e-03      3.03849e+00       3.01506e-01       2.12616e+00
  573  1.15e-03      3.03884e+00       2.93619e-01       2.12377e+00
  574  1.15e-03      3.05387e+00       3.29721e-01       2.14582e+00
  575  1.15e-03      3.04869e+00       3.69105e-01       2.15550e+00
  576  1.15e-03      3.04253e+00       3.00776e-01       2.12861e+00
  577  1.15e-03      3.04061e+00       3.26788e-01       2.13600e+00
  578  1.16e-03      3.05258e+00       3.98388e-01       2.16785e+00
  579  1.16e-03      3.06021e+00       2.69779e-01       2.13007e+00
  580  1.16e-03      3.04138e+00       3.35194e-01       2.13932e+00
  581  1.16e-03      3.04193e+00       3.34673e-01       2.13951e+00
  582  1.16e-03      3.01919e+00       3.05460e-01       2.11461e+00
  583  1.17e-03      3.01398e+00       3.68129e-01       2.13203e+00
  584  1.17e-03      2.99686e+00       3.83951e-01       2.12589e+00
  585  1.17e-03      3.02407e+00       3.58255e-01       2.13546e+00
  586  1.17e-03      3.04284e+00       3.84689e-01       2.15679e+00
  587  1.17e-03      3.01901e+00       3.82083e-01       2.14003e+00
  588  1.18e-03      3.00317e+00       3.15424e-01       2.10725e+00
  589  1.18e-03      3.00554e+00       3.11046e-01       2.10738e+00
  590  1.18e-03      3.01037e+00       3.82706e-01       2.13448e+00
  591  1.18e-03      3.00133e+00       2.77463e-01       2.09337e+00
  592  1.18e-03      3.00800e+00       3.36859e-01       2.11762e+00
  593  1.19e-03      3.01712e+00       3.58564e-01       2.13094e+00
  594  1.19e-03      3.04067e+00       3.34463e-01       2.13860e+00
  595  1.19e-03      3.06399e+00       3.55403e-01       2.16113e+00
  596  1.19e-03      3.04306e+00       3.45577e-01       2.14390e+00
  597  1.19e-03      3.02747e+00       3.53065e-01       2.13600e+00
  598  1.20e-03      3.03519e+00       3.25580e-01       2.13198e+00
  599  1.20e-03      3.03636e+00       3.47596e-01       2.14011e+00
  600  1.20e-03      3.03078e+00       3.23662e-01       2.12841e+00
  601  1.20e-03      3.03216e+00       3.28957e-01       2.13109e+00
  602  1.20e-03      3.02156e+00       2.72563e-01       2.10523e+00
  603  1.21e-03      3.02107e+00       3.55911e-01       2.13268e+00
  604  1.21e-03      3.04580e+00       3.68304e-01       2.15330e+00
  605  1.21e-03      3.03910e+00       3.62872e-01       2.14703e+00
  606  1.21e-03      3.02071e+00       3.48416e-01       2.12995e+00
  607  1.21e-03      3.01493e+00       3.52562e-01       2.12747e+00
  608  1.22e-03      3.00943e+00       3.66507e-01       2.12846e+00
  609  1.22e-03      3.02681e+00       4.03633e-01       2.15242e+00
  610  1.22e-03      3.04370e+00       3.22988e-01       2.13680e+00
  611  1.22e-03      3.02925e+00       3.15629e-01       2.12471e+00
  612  1.22e-03      3.03149e+00       3.60464e-01       2.14114e+00
  613  1.23e-03      3.01870e+00       3.47548e-01       2.12832e+00
  614  1.23e-03      3.01005e+00       2.98372e-01       2.10616e+00
  615  1.23e-03      3.01341e+00       3.90218e-01       2.13901e+00
  616  1.23e-03      3.01744e+00       3.48703e-01       2.12786e+00
  617  1.23e-03      3.02133e+00       3.39294e-01       2.12732e+00
  618  1.24e-03      3.03878e+00       3.68989e-01       2.14885e+00
  619  1.24e-03      3.02873e+00       3.18985e-01       2.12548e+00
  620  1.24e-03      3.00864e+00       3.23261e-01       2.11351e+00
  621  1.24e-03      3.01243e+00       4.39125e-01       2.15466e+00
  622  1.24e-03      3.00506e+00       3.53239e-01       2.12112e+00
  623  1.25e-03      2.97706e+00       3.17710e-01       2.09061e+00
  624  1.25e-03      2.96932e+00       3.63624e-01       2.10075e+00
  625  1.25e-03      2.97148e+00       3.54233e-01       2.09907e+00
  626  1.25e-03      2.95022e+00       2.71551e-01       2.05733e+00
  627  1.25e-03      2.96096e+00       4.06793e-01       2.10957e+00
  628  1.26e-03      2.94751e+00       3.17711e-01       2.07091e+00
  629  1.26e-03      2.94433e+00       3.36126e-01       2.07493e+00
  630  1.26e-03      2.89743e+00       3.90336e-01       2.06173e+00
  631  1.26e-03      2.88737e+00       3.65856e-01       2.04686e+00
  632  1.26e-03      2.88626e+00       3.66657e-01       2.04639e+00
  633  1.27e-03      2.88722e+00       4.38773e-01       2.07107e+00
  634  1.27e-03      2.91024e+00       3.64864e-01       2.06178e+00
  635  1.27e-03      2.88863e+00       2.76448e-01       2.01790e+00
  636  1.27e-03      2.90584e+00       4.01462e-01       2.07105e+00
  637  1.27e-03      2.90531e+00       3.07199e-01       2.03927e+00
  638  1.28e-03      2.91204e+00       3.63061e-01       2.06238e+00
  639  1.28e-03      2.90026e+00       4.28958e-01       2.07649e+00
  640  1.28e-03      2.89453e+00       3.57639e-01       2.04890e+00
  641  1.28e-03      2.89896e+00       4.01986e-01       2.06663e+00
  642  1.28e-03      2.88254e+00       3.67684e-01       2.04426e+00
  643  1.29e-03      2.89281e+00       3.59575e-01       2.04840e+00
  644  1.29e-03      2.88035e+00       3.90380e-01       2.05036e+00
  645  1.29e-03      2.88958e+00       3.84126e-01       2.05443e+00
  646  1.29e-03      2.89137e+00       3.52234e-01       2.04499e+00
  647  1.29e-03      2.90334e+00       3.85129e-01       2.06394e+00
  648  1.30e-03      2.89366e+00       3.48561e-01       2.04529e+00
  649  1.30e-03      2.89234e+00       3.17074e-01       2.03392e+00
  650  1.30e-03      2.87609e+00       4.14623e-01       2.05560e+00
  651  1.30e-03      2.87060e+00       3.72988e-01       2.03806e+00
  652  1.30e-03      2.84974e+00       3.91082e-01       2.03019e+00
  653  1.31e-03      2.84826e+00       4.21793e-01       2.03944e+00
  654  1.31e-03      2.86835e+00       3.47923e-01       2.02821e+00
  655  1.31e-03      2.86776e+00       3.38883e-01       2.02480e+00
  656  1.31e-03      2.84751e+00       3.93265e-01       2.02943e+00
  657  1.31e-03      2.84719e+00       2.71269e-01       1.98855e+00
  658  1.32e-03      2.85004e+00       3.82557e-01       2.02755e+00
  659  1.32e-03      2.84157e+00       4.13128e-01       2.03209e+00
  660  1.32e-03      2.83413e+00       3.58269e-01       2.00884e+00
  661  1.32e-03      2.82069e+00       3.38698e-01       1.99336e+00
  662  1.32e-03      2.84221e+00       4.17175e-01       2.03386e+00
  663  1.33e-03      2.82565e+00       3.17267e-01       1.98952e+00
  664  1.33e-03      2.82683e+00       3.96892e-01       2.01685e+00
  665  1.33e-03      2.81670e+00       3.82072e-01       2.00516e+00
  666  1.33e-03      2.82534e+00       2.72340e-01       1.97434e+00
  667  1.33e-03      2.79664e+00       3.72236e-01       1.98850e+00
  668  1.34e-03      2.80456e+00       3.98396e-01       2.00251e+00
  669  1.34e-03      2.80406e+00       3.55473e-01       1.98786e+00
  670  1.34e-03      2.80321e+00       4.54205e-01       2.02021e+00
  671  1.34e-03      2.80096e+00       4.19301e-01       2.00707e+00
  672  1.34e-03      2.78513e+00       3.51829e-01       1.97403e+00
  673  1.35e-03      2.79897e+00       3.61398e-01       1.98645e+00
  674  1.35e-03      2.79092e+00       3.87186e-01       1.98967e+00
  675  1.35e-03      2.79203e+00       3.66839e-01       1.98364e+00
  676  1.35e-03      2.80041e+00       4.20300e-01       2.00704e+00
  677  1.35e-03      2.78805e+00       3.67566e-01       1.98122e+00
  678  1.36e-03      2.80257e+00       3.02993e-01       1.96937e+00
  679  1.36e-03      2.80092e+00       4.57675e-01       2.01984e+00
  680  1.36e-03      2.78243e+00       3.93967e-01       1.98627e+00
  681  1.36e-03      2.79997e+00       3.64689e-01       1.98821e+00
  682  1.36e-03      2.80407e+00       4.49000e-01       2.01905e+00
  683  1.37e-03      2.78207e+00       4.33725e-01       1.99929e+00
  684  1.37e-03      2.79616e+00       3.71555e-01       1.98796e+00
  685  1.37e-03      2.78711e+00       4.24622e-01       1.99962e+00
  686  1.37e-03      2.77204e+00       3.62029e-01       1.96871e+00
  687  1.37e-03      2.76188e+00       4.18119e-01       1.98062e+00
  688  1.38e-03      2.74036e+00       4.28197e-01       1.96964e+00
  689  1.38e-03      2.71626e+00       3.41383e-01       1.92463e+00
  690  1.38e-03      2.72872e+00       3.53533e-01       1.93699e+00
  691  1.38e-03      2.72185e+00       4.35938e-01       1.95988e+00
  692  1.38e-03      2.72565e+00       4.24081e-01       1.95846e+00
  693  1.39e-03      2.72200e+00       4.41263e-01       1.96176e+00
  694  1.39e-03      2.69868e+00       3.99270e-01       1.93221e+00
  695  1.39e-03      2.69277e+00       3.69660e-01       1.91840e+00
  696  1.39e-03      2.70217e+00       4.62927e-01       1.95575e+00
  697  1.39e-03      2.71055e+00       4.53268e-01       1.95812e+00
  698  1.40e-03      2.71418e+00       3.73519e-01       1.93396e+00
  699  1.40e-03      2.71183e+00       4.50100e-01       1.95792e+00
  700  1.40e-03      2.71433e+00       4.16013e-01       1.94822e+00
  701  1.40e-03      2.70818e+00       3.79516e-01       1.93196e+00
  702  1.40e-03      2.70183e+00       4.56584e-01       1.95341e+00
  703  1.41e-03      2.71029e+00       4.12030e-01       1.94420e+00
  704  1.41e-03      2.71890e+00       3.74603e-01       1.93747e+00
  705  1.41e-03      2.71840e+00       4.51813e-01       1.96287e+00
  706  1.41e-03      2.72189e+00       4.11853e-01       1.95188e+00
  707  1.41e-03      2.71177e+00       4.15739e-01       1.94643e+00
  708  1.42e-03      2.71795e+00       5.00565e-01       1.97882e+00
  709  1.42e-03      2.70239e+00       4.03960e-01       1.93625e+00
  710  1.42e-03      2.71610e+00       3.35471e-01       1.92255e+00
  711  1.42e-03      2.71708e+00       4.54841e-01       1.96300e+00
  712  1.42e-03      2.72183e+00       3.40035e-01       1.92790e+00
  713  1.43e-03      2.70786e+00       3.68568e-01       1.92810e+00
  714  1.43e-03      2.71990e+00       4.92897e-01       1.97756e+00
  715  1.43e-03      2.70439e+00       3.71499e-01       1.92676e+00
  716  1.43e-03      2.70730e+00       4.08361e-01       1.94098e+00
  717  1.43e-03      2.71515e+00       3.78117e-01       1.93614e+00
  718  1.44e-03      2.73093e+00       4.13050e-01       1.95830e+00
  719  1.44e-03      2.73308e+00       4.35895e-01       1.96735e+00
  720  1.44e-03      2.72036e+00       4.30038e-01       1.95692e+00
  721  1.44e-03      2.71045e+00       3.31899e-01       1.91760e+00
  722  1.44e-03      2.70227e+00       3.48777e-01       1.91777e+00
  723  1.45e-03      2.71766e+00       4.50540e-01       1.96195e+00
  724  1.45e-03      2.72092e+00       3.47302e-01       1.92972e+00
  725  1.45e-03      2.72915e+00       4.72426e-01       1.97691e+00
  726  1.45e-03      2.74825e+00       4.33816e-01       1.97677e+00
  727  1.45e-03      2.72320e+00       3.95301e-01       1.94723e+00
  728  1.46e-03      2.72953e+00       4.10070e-01       1.95637e+00
  729  1.46e-03      2.71475e+00       3.49346e-01       1.92628e+00
  730  1.46e-03      2.71046e+00       4.27028e-01       1.94932e+00
  731  1.46e-03      2.72023e+00       5.25994e-01       1.98882e+00
  732  1.46e-03      2.73876e+00       3.31656e-01       1.93639e+00
  733  1.47e-03      2.73606e+00       3.52610e-01       1.94157e+00
  734  1.47e-03      2.71454e+00       4.61768e-01       1.96362e+00
  735  1.47e-03      2.69901e+00       4.66385e-01       1.95480e+00
  736  1.47e-03      2.69729e+00       4.16024e-01       1.93687e+00
  737  1.47e-03      2.70052e+00       4.60565e-01       1.95387e+00
  738  1.48e-03      2.69869e+00       4.39594e-01       1.94565e+00
  739  1.48e-03      2.69750e+00       4.14904e-01       1.93664e+00
  740  1.48e-03      2.69562e+00       4.11189e-01       1.93414e+00
  741  1.48e-03      2.69319e+00       3.41830e-01       1.90940e+00
  742  1.48e-03      2.69974e+00       4.06131e-01       1.93520e+00
  743  1.49e-03      2.71027e+00       4.68776e-01       1.96310e+00
  744  1.49e-03      2.71007e+00       3.92817e-01       1.93765e+00
  745  1.49e-03      2.72011e+00       4.53392e-01       1.96454e+00
  746  1.49e-03      2.69890e+00       4.35919e-01       1.94457e+00
  747  1.49e-03      2.70405e+00       4.56443e-01       1.95485e+00
  748  1.50e-03      2.70687e+00       4.28413e-01       1.94739e+00
  749  1.50e-03      2.70711e+00       4.14224e-01       1.94282e+00
  750  1.50e-03      2.71544e+00       4.27858e-01       1.95292e+00
  751  1.50e-03      2.72445e+00       4.14426e-01       1.95444e+00
  752  1.50e-03      2.73494e+00       4.26720e-01       1.96553e+00
  753  1.51e-03      2.73816e+00       3.99216e-01       1.95851e+00
  754  1.51e-03      2.72992e+00       4.93238e-01       1.98436e+00
  755  1.51e-03      2.73669e+00       4.12554e-01       1.96198e+00
  756  1.51e-03      2.72329e+00       4.41158e-01       1.96258e+00
  757  1.51e-03      2.72899e+00       4.46492e-01       1.96815e+00
  758  1.52e-03      2.73218e+00       4.35629e-01       1.96666e+00
  759  1.52e-03      2.73080e+00       4.11650e-01       1.95775e+00
  760  1.52e-03      2.70856e+00       4.69627e-01       1.96225e+00
  761  1.52e-03      2.70423e+00       4.69137e-01       1.95920e+00
  762  1.52e-03      2.70631e+00       4.62128e-01       1.95825e+00
  763  1.53e-03      2.70133e+00       4.66692e-01       1.95645e+00
  764  1.53e-03      2.70071e+00       4.04113e-01       1.93518e+00
  765  1.53e-03      2.70347e+00       4.28049e-01       1.94499e+00
  766  1.53e-03      2.70530e+00       4.73224e-01       1.96128e+00
  767  1.53e-03      2.70327e+00       4.52147e-01       1.95289e+00
  768  1.54e-03      2.71830e+00       4.31013e-01       1.95587e+00
  769  1.54e-03      2.71409e+00       4.81657e-01       1.96994e+00
  770  1.54e-03      2.70073e+00       4.62795e-01       1.95475e+00
  771  1.54e-03      2.70591e+00       4.21794e-01       1.94454e+00
  772  1.54e-03      2.71200e+00       4.67601e-01       1.96387e+00
  773  1.55e-03      2.70119e+00       4.80122e-01       1.96083e+00
  774  1.55e-03      2.70081e+00       4.67836e-01       1.95648e+00
  775  1.55e-03      2.69907e+00       4.30943e-01       1.94303e+00
  776  1.55e-03      2.70605e+00       3.90786e-01       1.93430e+00
  777  1.55e-03      2.71106e+00       4.27117e-01       1.94974e+00
  778  1.56e-03      2.70536e+00       4.91970e-01       1.96756e+00
  779  1.56e-03      2.71629e+00       4.37921e-01       1.95683e+00
  780  1.56e-03      2.73338e+00       4.43859e-01       1.97021e+00
  781  1.56e-03      2.71293e+00       4.44016e-01       1.95662e+00
  782  1.56e-03      2.70559e+00       4.74491e-01       1.96189e+00
  783  1.57e-03      2.73643e+00       4.36337e-01       1.96974e+00
  784  1.57e-03      2.73160e+00       4.63306e-01       1.97550e+00
  785  1.57e-03      2.72817e+00       4.43929e-01       1.96675e+00
  786  1.57e-03      2.71837e+00       4.74808e-01       1.97052e+00
  787  1.57e-03      2.72112e+00       4.68601e-01       1.97028e+00
  788  1.58e-03      2.72088e+00       3.14402e-01       1.91872e+00
  789  1.58e-03      2.73202e+00       5.06527e-01       1.99019e+00
  790  1.58e-03      2.71882e+00       4.97710e-01       1.97845e+00
  791  1.58e-03      2.70506e+00       5.11059e-01       1.97372e+00
  792  1.58e-03      2.71522e+00       4.16557e-01       1.94900e+00
  793  1.59e-03      2.71422e+00       4.33683e-01       1.95404e+00
  794  1.59e-03      2.72315e+00       4.53854e-01       1.96672e+00
  795  1.59e-03      2.69680e+00       4.33545e-01       1.94238e+00
  796  1.59e-03      2.70786e+00       4.76716e-01       1.96414e+00
  797  1.59e-03      2.72176e+00       3.70067e-01       1.93786e+00
  798  1.60e-03      2.70740e+00       4.63577e-01       1.95946e+00
  799  1.60e-03      2.71497e+00       4.91621e-01       1.97385e+00
  800  1.60e-03      2.70827e+00       4.48163e-01       1.95490e+00
  801  1.60e-03      2.69604e+00       5.20845e-01       1.97097e+00
  802  1.60e-03      2.70118e+00       4.68430e-01       1.95693e+00
  803  1.61e-03      2.69133e+00       4.93426e-01       1.95870e+00
  804  1.61e-03      2.71145e+00       3.59040e-01       1.92732e+00
  805  1.61e-03      2.72540e+00       5.04179e-01       1.98500e+00
  806  1.61e-03      2.73639e+00       4.67123e-01       1.97997e+00
  807  1.61e-03      2.75099e+00       4.28161e-01       1.97671e+00
  808  1.62e-03      2.73946e+00       4.03403e-01       1.96077e+00
  809  1.62e-03      2.74262e+00       4.34892e-01       1.97338e+00
  810  1.62e-03      2.70081e+00       4.91198e-01       1.96427e+00
  811  1.62e-03      2.72782e+00       4.45471e-01       1.96704e+00
  812  1.62e-03      2.70566e+00       4.32186e-01       1.94783e+00
  813  1.63e-03      2.70605e+00       5.18738e-01       1.97695e+00
  814  1.63e-03      2.69048e+00       4.12131e-01       1.93103e+00
  815  1.63e-03      2.68374e+00       5.01207e-01       1.95623e+00
  816  1.63e-03      2.69171e+00       4.45013e-01       1.94281e+00
  817  1.63e-03      2.67512e+00       4.43315e-01       1.93118e+00
  818  1.64e-03      2.68181e+00       4.51043e-01       1.93822e+00
  819  1.64e-03      2.68216e+00       4.20434e-01       1.92825e+00
  820  1.64e-03      2.66049e+00       4.59102e-01       1.92670e+00
  821  1.64e-03      2.65958e+00       3.80952e-01       1.90004e+00
  822  1.64e-03      2.66228e+00       5.72025e-01       1.96553e+00
  823  1.65e-03      2.66294e+00       4.71163e-01       1.93235e+00
  824  1.65e-03      2.66949e+00       4.36412e-01       1.92513e+00
  825  1.65e-03      2.65333e+00       5.08730e-01       1.93846e+00
  826  1.65e-03      2.66525e+00       3.95407e-01       1.90863e+00
  827  1.65e-03      2.66768e+00       4.87585e-01       1.94098e+00
  828  1.66e-03      2.67582e+00       5.11525e-01       1.95439e+00
  829  1.66e-03      2.68295e+00       4.75077e-01       1.94699e+00
  830  1.66e-03      2.67022e+00       4.77565e-01       1.93933e+00
  831  1.66e-03      2.67686e+00       3.91195e-01       1.91497e+00
  832  1.66e-03      2.66083e+00       4.85140e-01       1.93560e+00
  833  1.67e-03      2.65348e+00       4.33127e-01       1.91336e+00
  834  1.67e-03      2.63764e+00       5.18225e-01       1.93117e+00
  835  1.67e-03      2.65409e+00       4.45969e-01       1.91805e+00
  836  1.67e-03      2.63880e+00       3.89305e-01       1.88897e+00
  837  1.67e-03      2.63348e+00       4.89091e-01       1.91869e+00
  838  1.68e-03      2.62395e+00       4.55528e-01       1.90115e+00
  839  1.68e-03      2.62957e+00       4.90212e-01       1.91645e+00
  840  1.68e-03      2.63972e+00       4.50929e-01       1.91012e+00
  841  1.68e-03      2.64470e+00       4.74312e-01       1.92124e+00
  842  1.68e-03      2.63221e+00       4.53611e-01       1.90601e+00
  843  1.69e-03      2.63352e+00       4.19101e-01       1.89538e+00
  844  1.69e-03      2.63837e+00       5.01670e-01       1.92614e+00
  845  1.69e-03      2.62943e+00       4.63704e-01       1.90752e+00
  846  1.69e-03      2.63834e+00       4.67363e-01       1.91468e+00
  847  1.69e-03      2.66082e+00       4.74654e-01       1.93209e+00
  848  1.70e-03      2.65968e+00       4.49442e-01       1.92294e+00
  849  1.70e-03      2.65601e+00       4.83636e-01       1.93188e+00
  850  1.70e-03      2.67021e+00       4.91070e-01       1.94383e+00
  851  1.70e-03      2.67472e+00       4.74816e-01       1.94142e+00
  852  1.70e-03      2.66933e+00       4.70432e-01       1.93636e+00
  853  1.71e-03      2.68402e+00       4.79743e-01       1.94926e+00
  854  1.71e-03      2.68576e+00       4.66890e-01       1.94613e+00
  855  1.71e-03      2.68657e+00       3.82531e-01       1.91855e+00
  856  1.71e-03      2.68434e+00       4.98777e-01       1.95582e+00
  857  1.71e-03      2.68733e+00       5.45213e-01       1.97329e+00
  858  1.72e-03      2.69505e+00       4.86716e-01       1.95894e+00
  859  1.72e-03      2.69583e+00       4.45647e-01       1.94577e+00
  860  1.72e-03      2.68431e+00       4.50707e-01       1.93978e+00
  861  1.72e-03      2.67269e+00       5.06284e-01       1.95056e+00
  862  1.72e-03      2.69412e+00       5.03850e-01       1.96403e+00
  863  1.73e-03      2.70006e+00       4.35074e-01       1.94507e+00
  864  1.73e-03      2.69964e+00       5.31944e-01       1.97708e+00
  865  1.73e-03      2.67697e+00       4.74968e-01       1.94297e+00
  866  1.73e-03      2.68484e+00       5.27018e-01       1.96557e+00
  867  1.73e-03      2.67787e+00       4.40859e-01       1.93220e+00
  868  1.74e-03      2.67690e+00       5.08698e-01       1.95417e+00
  869  1.74e-03      2.67889e+00       5.38232e-01       1.96534e+00
  870  1.74e-03      2.67402e+00       3.59446e-01       1.90249e+00
  871  1.74e-03      2.66385e+00       4.97875e-01       1.94186e+00
  872  1.74e-03      2.66820e+00       3.69134e-01       1.90185e+00
  873  1.75e-03      2.66138e+00       4.39974e-01       1.92091e+00
  874  1.75e-03      2.64699e+00       4.64500e-01       1.91950e+00
  875  1.75e-03      2.64049e+00       4.52817e-01       1.91127e+00
  876  1.75e-03      2.63849e+00       5.97994e-01       1.95832e+00
  877  1.75e-03      2.62967e+00       4.66502e-01       1.90861e+00
  878  1.76e-03      2.64374e+00       5.14565e-01       1.93401e+00
  879  1.76e-03      2.66506e+00       3.87142e-01       1.90575e+00
  880  1.76e-03      2.65666e+00       5.54257e-01       1.95586e+00
  881  1.76e-03      2.60273e+00       4.06987e-01       1.87082e+00
  882  1.76e-03      2.62856e+00       3.88438e-01       1.88185e+00
  883  1.77e-03      2.60765e+00       4.67650e-01       1.89432e+00
  884  1.77e-03      2.59672e+00       4.05993e-01       1.86648e+00
  885  1.77e-03      2.59002e+00       5.31579e-01       1.90387e+00
  886  1.77e-03      2.60512e+00       4.17673e-01       1.87597e+00
  887  1.77e-03      2.61272e+00       5.15849e-01       1.91376e+00
  888  1.78e-03      2.60723e+00       5.12261e-01       1.90891e+00
  889  1.78e-03      2.59729e+00       4.95737e-01       1.89678e+00
  890  1.78e-03      2.60784e+00       4.54678e-01       1.89012e+00
  891  1.78e-03      2.59956e+00       4.89051e-01       1.89605e+00
  892  1.78e-03      2.61572e+00       4.33843e-01       1.88843e+00
  893  1.79e-03      2.59973e+00       4.72826e-01       1.89076e+00
  894  1.79e-03      2.56824e+00       4.48778e-01       1.86175e+00
  895  1.79e-03      2.58963e+00       4.38280e-01       1.87251e+00
  896  1.79e-03      2.58600e+00       4.36566e-01       1.86952e+00
  897  1.79e-03      2.57830e+00       4.90881e-01       1.88249e+00
  898  1.80e-03      2.60193e+00       4.55193e-01       1.88635e+00
  899  1.80e-03      2.59616e+00       4.74759e-01       1.88903e+00
  900  1.80e-03      2.56627e+00       5.41858e-01       1.89147e+00
  901  1.80e-03      2.55549e+00       4.05402e-01       1.83879e+00
  902  1.80e-03      2.58412e+00       5.03664e-01       1.89064e+00
  903  1.81e-03      2.56011e+00       5.04721e-01       1.87498e+00
  904  1.81e-03      2.55286e+00       4.10218e-01       1.83864e+00
  905  1.81e-03      2.54761e+00       5.74607e-01       1.88995e+00
  906  1.81e-03      2.52969e+00       4.56741e-01       1.83871e+00
  907  1.81e-03      2.52539e+00       5.02330e-01       1.85104e+00
  908  1.82e-03      2.53534e+00       4.14650e-01       1.82845e+00
  909  1.82e-03      2.53002e+00       5.68603e-01       1.87621e+00
  910  1.82e-03      2.52762e+00       4.29173e-01       1.82814e+00
  911  1.82e-03      2.51366e+00       4.51356e-01       1.82623e+00
  912  1.82e-03      2.50192e+00       5.65449e-01       1.85643e+00
  913  1.83e-03      2.51533e+00       5.31690e-01       1.85412e+00
  914  1.83e-03      2.53268e+00       5.13114e-01       1.85949e+00
  915  1.83e-03      2.51047e+00       4.27277e-01       1.81607e+00
  916  1.83e-03      2.50774e+00       5.14420e-01       1.84330e+00
  917  1.83e-03      2.50600e+00       4.67078e-01       1.82636e+00
  918  1.84e-03      2.49995e+00       4.31458e-01       1.81045e+00
  919  1.84e-03      2.49402e+00       5.11755e-01       1.83326e+00
  920  1.84e-03      2.49829e+00       4.38294e-01       1.81162e+00
  921  1.84e-03      2.49592e+00       4.96325e-01       1.82939e+00
  922  1.84e-03      2.48497e+00       5.30416e-01       1.83345e+00
  923  1.85e-03      2.49266e+00       4.98856e-01       1.82806e+00
  924  1.85e-03      2.48330e+00       5.20338e-01       1.82898e+00
  925  1.85e-03      2.47837e+00       4.54973e-01       1.80391e+00
  926  1.85e-03      2.48162e+00       5.22411e-01       1.82855e+00
  927  1.85e-03      2.50204e+00       4.53522e-01       1.81920e+00
  928  1.86e-03      2.49660e+00       4.83794e-01       1.82566e+00
  929  1.86e-03      2.49172e+00       4.78591e-01       1.82068e+00
  930  1.86e-03      2.50782e+00       5.14084e-01       1.84324e+00
  931  1.86e-03      2.50262e+00       5.12868e-01       1.83937e+00
  932  1.86e-03      2.50751e+00       5.29638e-01       1.84822e+00
  933  1.87e-03      2.51065e+00       4.47562e-01       1.82295e+00
  934  1.87e-03      2.52693e+00       4.89637e-01       1.84783e+00
  935  1.87e-03      2.54654e+00       4.75778e-01       1.85628e+00
  936  1.87e-03      2.53779e+00       5.08595e-01       1.86140e+00
  937  1.87e-03      2.52476e+00       4.53247e-01       1.83425e+00
  938  1.88e-03      2.51125e+00       4.50056e-01       1.82418e+00
  939  1.88e-03      2.50780e+00       5.20747e-01       1.84545e+00
  940  1.88e-03      2.53176e+00       5.38379e-01       1.86730e+00
  941  1.88e-03      2.51905e+00       5.47355e-01       1.86182e+00
  942  1.88e-03      2.52871e+00       5.59942e-01       1.87245e+00
  943  1.89e-03      2.51336e+00       5.71001e-01       1.86591e+00
  944  1.89e-03      2.52474e+00       4.97083e-01       1.84886e+00
  945  1.89e-03      2.53671e+00       3.73746e-01       1.81572e+00
  946  1.89e-03      2.53509e+00       5.31086e-01       1.86709e+00
  947  1.89e-03      2.52241e+00       4.43143e-01       1.82932e+00
  948  1.90e-03      2.52650e+00       5.37732e-01       1.86358e+00
  949  1.90e-03      2.51541e+00       4.76359e-01       1.83573e+00
  950  1.90e-03      2.50767e+00       5.02833e-01       1.83939e+00
  951  1.90e-03      2.51142e+00       5.99412e-01       1.87408e+00
  952  1.90e-03      2.50657e+00       4.60071e-01       1.82441e+00
  953  1.91e-03      2.50599e+00       5.77559e-01       1.86318e+00
  954  1.91e-03      2.50036e+00       4.43409e-01       1.81471e+00
  955  1.91e-03      2.50207e+00       5.95619e-01       1.86659e+00
  956  1.91e-03      2.48255e+00       4.99270e-01       1.82146e+00
  957  1.91e-03      2.48272e+00       3.44923e-01       1.77012e+00
  958  1.92e-03      2.48692e+00       5.24699e-01       1.83284e+00
  959  1.92e-03      2.46645e+00       4.54914e-01       1.79594e+00
  960  1.92e-03      2.46957e+00       5.96683e-01       1.84527e+00
  961  1.92e-03      2.47271e+00       4.71193e-01       1.80554e+00
  962  1.92e-03      2.47080e+00       5.31500e-01       1.82437e+00
  963  1.93e-03      2.45769e+00       4.75034e-01       1.79680e+00
  964  1.93e-03      2.45810e+00       4.52432e-01       1.78955e+00
  965  1.93e-03      2.45390e+00       5.80578e-01       1.82946e+00
  966  1.93e-03      2.44724e+00       4.60126e-01       1.78487e+00
  967  1.93e-03      2.44655e+00       5.76889e-01       1.82333e+00
  968  1.94e-03      2.46085e+00       5.30711e-01       1.81747e+00
  969  1.94e-03      2.44805e+00       5.09422e-01       1.80184e+00
  970  1.94e-03      2.44705e+00       5.08268e-01       1.80079e+00
  971  1.94e-03      2.46261e+00       5.05078e-01       1.81010e+00
  972  1.94e-03      2.44744e+00       6.12249e-01       1.83571e+00
  973  1.95e-03      2.46785e+00       4.42312e-01       1.79267e+00
  974  1.95e-03      2.44725e+00       5.36006e-01       1.81017e+00
  975  1.95e-03      2.44100e+00       5.91092e-01       1.82436e+00
  976  1.95e-03      2.42645e+00       4.49532e-01       1.76748e+00
  977  1.95e-03      2.44489e+00       5.57774e-01       1.81585e+00
  978  1.96e-03      2.44321e+00       5.52558e-01       1.81299e+00
  979  1.96e-03      2.44509e+00       4.58033e-01       1.78274e+00
  980  1.96e-03      2.43310e+00       5.33481e-01       1.79989e+00
  981  1.96e-03      2.44201e+00       4.56977e-01       1.78033e+00
  982  1.96e-03      2.45355e+00       4.81803e-01       1.79630e+00
  983  1.97e-03      2.47247e+00       5.43039e-01       1.82933e+00
  984  1.97e-03      2.48590e+00       5.98299e-01       1.85670e+00
  985  1.97e-03      2.49375e+00       4.70558e-01       1.81935e+00
  986  1.97e-03      2.45962e+00       4.58208e-01       1.79248e+00
  987  1.97e-03      2.46978e+00       5.74130e-01       1.83789e+00
  988  1.98e-03      2.46196e+00       4.90969e-01       1.80496e+00
  989  1.98e-03      2.47884e+00       5.47008e-01       1.83490e+00
  990  1.98e-03      2.46694e+00       4.62771e-01       1.79889e+00
  991  1.98e-03      2.46428e+00       5.37198e-01       1.82192e+00
  992  1.98e-03      2.43855e+00       4.94183e-01       1.79043e+00
  993  1.99e-03      2.44212e+00       4.35481e-01       1.77324e+00
  994  1.99e-03      2.43833e+00       5.29532e-01       1.80206e+00
  995  1.99e-03      2.43407e+00       5.26648e-01       1.79826e+00
  996  1.99e-03      2.42473e+00       5.21390e-01       1.79028e+00
  997  1.99e-03      2.43068e+00       4.85722e-01       1.78236e+00
  998  2.00e-03      2.43231e+00       5.16570e-01       1.79373e+00
  999  2.00e-03      2.40704e+00       5.90470e-01       1.80151e+00
