Delta = 5.789e-01 gamma
 step      t        T_in_plane/mK   T_out_of_plane/mK   T_tot/mK
    0  0.00e+00      1.88638e-29       0.00000e+00       1.25759e-29
    1  1.00e-05      3.69953e-02       5.42194e-02       4.27366e-02
    2  2.00e-05      7.14698e-02       1.03067e-01       8.20021e-02
    3  3.00e-05      9.50569e-02       1.40433e-01       1.10182e-01
    4  4.00e-05      1.18837e-01       1.61487e-01       1.33054e-01
    5  5.00e-05      1.65588e-01       2.05705e-01       1.78961e-01
    6  6.00e-05      1.88108e-01       2.00993e-01       1.92403e-01
    7  7.00e-05      2.23618e-01       1.80934e-01       2.09390e-01
    8  8.00e-05      2.56738e-01       2.39700e-01       2.51058e-01
    9  9.00e-05      2.95708e-01       2.24099e-01       2.71839e-01
   10  1.00e-04      3.31277e-01       2.61037e-01       3.07863e-01
   11  1.10e-04      3.72942e-01       2.25421e-01       3.23768e-01
   12  1.20e-04      4.23682e-01       2.62225e-01       3.69863e-01
   13  1.30e-04      4.74539e-01       2.85236e-01       4.11438e-01
   14  1.40e-04      4.98663e-01       2.51384e-01       4.16236e-01
   15  1.50e-04      5.49282e-01       3.12948e-01       4.70504e-01
   16  1.60e-04      5.78702e-01       2.55786e-01       4.71063e-01
   17  1.70e-04      6.11114e-01       2.32775e-01       4.85001e-01
   18  1.80e-04      6.31670e-01       2.50870e-01       5.04737e-01
   19  1.90e-04      6.74838e-01       3.08095e-01       5.52590e-01
   20  2.00e-04      7.13497e-01       3.33669e-01       5.86887e-01
   21  2.10e-04      7.50435e-01       3.02056e-01       6.00975e-01
   22  2.20e-04      8.13622e-01       3.19484e-01       6.48909e-01
   23  2.30e-04      8.34273e-01       3.15581e-01       6.61376e-01
   24  2.40e-04      8.70967e-01       2.96095e-01       6.79343e-01
   25  2.50e-04      9.24233e-01       3.65071e-01       7.37846e-01
   26  2.60e-04      1.00303e+00       2.74308e-01       7.60120e-01
   27  2.70e-04      1.01062e+00       2.50149e-01       7.57128e-01
   28  2.80e-04      1.06669e+00       2.36371e-01       7.89914e-01
   29  2.90e-04      1.03566e+00       2.38711e-01       7.70012e-01
   30  3.00e-04      1.09076e+00       2.33256e-01       8.04924e-01
   31  3.10e-04      1.09228e+00       3.15355e-01       8.33308e-01
   32  3.20e-04      1.13379e+00       2.66148e-01       8.44577e-01
   33  3.30e-04      1.17063e+00       3.06734e-01       8.82665e-01
   34  3.40e-04      1.20592e+00       2.89010e-01       9.00283e-01
   35  3.50e-04      1.20907e+00       2.71376e-01       8.96508e-01
   36  3.60e-04      1.25313e+00       2.41929e-01       9.16065e-01
   37  3.70e-04      1.29679e+00       2.50522e-01       9.48035e-01
   38  3.80e-04      1.34136e+00       2.34863e-01       9.72527e-01
   39  3.90e-04      1.35419e+00       2.39824e-01       9.82737e-01
   40  4.00e-04      1.39781e+00       2.82047e-01       1.02589e+00
   41  4.10e-04      1.48667e+00       2.59990e-01       1.07778e+00
   42  4.20e-04      1.51858e+00       2.52241e-01       1.09646e+00
   43  4.30e-04      1.59463e+00       2.71667e-01       1.15364e+00
   44  4.40e-04      1.55583e+00       2.68400e-01       1.12668e+00
   45  4.50e-04      1.62457e+00       2.92980e-01       1.18071e+00
   46  4.60e-04      1.69054e+00       3.18482e-01       1.23319e+00
   47  4.70e-04      1.71606e+00       2.71338e-01       1.23448e+00
   48  4.80e-04      1.80325e+00       3.11941e-01       1.30615e+00
   49  4.90e-04      1.80429e+00       2.92074e-01       1.30022e+00
   50  5.00e-04      1.86660e+00       2.63476e-01       1.33222e+00
   51  5.10e-04      1.92660e+00       2.88257e-01       1.38049e+00
   52  5.20e-04      1.94516e+00       2.86195e-01       1.39217e+00
   53  5.30e-04      2.01217e+00       3.15006e-01       1.44645e+00
   54  5.40e-04      2.08342e+00       2.61238e-01       1.47602e+00
   55  5.50e-04      2.16217e+00       3.14629e-01       1.54632e+00
   56  5.60e-04      2.21522e+00       2.73365e-01       1.56793e+00
   57  5.70e-04      2.25478e+00       3.37599e-01       1.61572e+00
   58  5.80e-04      2.27267e+00       3.23849e-01       1.62306e+00
   59  5.90e-04      2.26278e+00       3.08113e-01       1.61123e+00
   60  6.00e-04      2.36231e+00       3.51766e-01       1.69213e+00
   61  6.10e-04      2.34741e+00       2.92090e-01       1.66230e+00
   62  6.20e-04      2.38642e+00       2.87912e-01       1.68691e+00
   63  6.30e-04      2.38477e+00       2.46704e-01       1.67208e+00
   64  6.40e-04      2.46301e+00       3.28844e-01       1.75162e+00
   65  6.50e-04      2.50712e+00       3.43071e-01       1.78577e+00
   66  6.60e-04      2.56798e+00       3.58027e-01       1.83133e+00
   67  6.70e-04      2.58301e+00       3.14419e-01       1.82681e+00
   68  6.80e-04      2.63509e+00       3.00347e-01       1.85684e+00
   69  6.90e-04      2.70529e+00       3.60138e-01       1.92357e+00
   70  7.00e-04      2.71823e+00       3.36754e-01       1.92440e+00
   71  7.10e-04      2.78898e+00       3.35495e-01       1.97115e+00
   72  7.20e-04      2.73754e+00       3.74466e-01       1.94985e+00
   73  7.30e-04      2.69858e+00       3.12879e-01       1.90334e+00
   74  7.40e-04      2.75005e+00       3.30024e-01       1.94337e+00
   75  7.50e-04      2.90096e+00       2.82853e-01       2.02826e+00
   76  7.60e-04      3.01907e+00       3.60266e-01       2.13280e+00
   77  7.70e-04      3.04245e+00       3.20241e-01       2.13505e+00
   78  7.80e-04      2.98781e+00       2.90347e-01       2.08866e+00
   79  7.90e-04      3.03717e+00       2.85934e-01       2.12009e+00
   80  8.00e-04      3.05629e+00       3.28552e-01       2.14704e+00
   81  8.10e-04      3.12854e+00       2.75302e-01       2.17746e+00
   82  8.20e-04      3.10776e+00       2.39611e-01       2.15171e+00
   83  8.30e-04      3.17728e+00       3.17165e-01       2.22391e+00
   84  8.40e-04      3.18680e+00       3.11489e-01       2.22836e+00
   85  8.50e-04      3.23747e+00       3.13081e-01       2.26267e+00
   86  8.60e-04      3.21122e+00       2.67275e-01       2.22990e+00
   87  8.70e-04      3.22389e+00       3.20563e-01       2.25611e+00
   88  8.80e-04      3.25996e+00       2.74005e-01       2.26464e+00
   89  8.90e-04      3.21267e+00       3.22581e-01       2.24931e+00
   90  9.00e-04      3.30440e+00       3.18488e-01       2.30910e+00
   91  9.10e-04      3.40357e+00       2.37433e-01       2.34819e+00
   92  9.20e-04      3.47786e+00       2.91984e-01       2.41590e+00
   93  9.30e-04      3.48251e+00       3.01160e-01       2.42206e+00
   94  9.40e-04      3.51199e+00       2.70343e-01       2.43144e+00
   95  9.50e-04      3.56512e+00       2.51569e-01       2.46060e+00
   96  9.60e-04      3.69068e+00       2.72724e-01       2.55136e+00
   97  9.70e-04      3.75364e+00       2.89351e-01       2.59888e+00
   98  9.80e-04      3.70021e+00       2.61747e-01       2.55405e+00
   99  9.90e-04      3.73246e+00       2.77738e-01       2.58088e+00
  100  1.00e-03      3.77858e+00       2.41384e-01       2.59952e+00
  101  1.01e-03      3.85813e+00       3.31906e-01       2.68272e+00
  102  1.02e-03      3.86034e+00       2.49553e-01       2.65674e+00
  103  1.03e-03      3.81527e+00       2.04110e-01       2.61155e+00
  104  1.04e-03      3.83954e+00       2.71970e-01       2.65035e+00
  105  1.05e-03      3.83268e+00       2.23783e-01       2.62971e+00
  106  1.06e-03      3.87160e+00       2.81389e-01       2.67487e+00
  107  1.07e-03      3.89505e+00       2.44480e-01       2.67819e+00
  108  1.08e-03      3.93493e+00       2.86724e-01       2.71886e+00
  109  1.09e-03      4.03963e+00       2.42905e-01       2.77406e+00
  110  1.10e-03      4.04794e+00       2.88700e-01       2.79486e+00
  111  1.11e-03      4.06553e+00       3.19104e-01       2.81672e+00
  112  1.12e-03      4.07517e+00       2.95211e-01       2.81518e+00
  113  1.13e-03      4.17106e+00       2.80522e-01       2.87421e+00
  114  1.14e-03      4.17155e+00       3.31761e-01       2.89162e+00
  115  1.15e-03      4.14104e+00       3.41290e-01       2.87446e+00
  116  1.16e-03      4.26185e+00       2.99199e-01       2.94097e+00
  117  1.17e-03      4.31079e+00       2.62359e-01       2.96131e+00
  118  1.18e-03      4.42028e+00       2.32797e-01       3.02445e+00
  119  1.19e-03      4.50455e+00       2.79334e-01       3.09614e+00
  120  1.20e-03      4.57280e+00       3.53723e-01       3.16644e+00
  121  1.21e-03      4.64146e+00       2.56490e-01       3.17980e+00
  122  1.22e-03      4.65992e+00       3.03570e-01       3.20780e+00
  123  1.23e-03      4.75975e+00       3.38894e-01       3.28613e+00
  124  1.24e-03      4.92161e+00       2.26084e-01       3.35644e+00
  125  1.25e-03      4.93607e+00       2.78388e-01       3.38351e+00
  126  1.26e-03      5.03195e+00       2.35443e-01       3.43311e+00
  127  1.27e-03      5.08125e+00       1.87146e-01       3.44988e+00
  128  1.28e-03      5.15766e+00       2.12872e-01       3.50940e+00
  129  1.29e-03      5.30665e+00       1.79935e-01       3.59775e+00
  130  1.30e-03      5.31467e+00       2.60898e-01       3.63008e+00
  131  1.31e-03      5.32964e+00       2.50769e-01       3.63668e+00
  132  1.32e-03      5.30005e+00       2.53350e-01       3.61781e+00
  133  1.33e-03      5.39140e+00       2.47255e-01       3.67669e+00
  134  1.34e-03      5.49359e+00       2.82410e-01       3.75653e+00
  135  1.35e-03      5.59453e+00       3.02504e-01       3.83052e+00
  136  1.36e-03      5.75181e+00       3.39592e-01       3.94774e+00
  137  1.37e-03      5.92014e+00       2.94022e-01       4.04477e+00
  138  1.38e-03      5.97148e+00       3.23848e-01       4.08893e+00
  139  1.39e-03      5.95606e+00       3.22672e-01       4.07826e+00
  140  1.40e-03      6.15330e+00       3.93571e-01       4.23339e+00
  141  1.41e-03      6.20790e+00       3.33196e-01       4.24967e+00
  142  1.42e-03      6.25601e+00       3.06488e-01       4.27284e+00
  143  1.43e-03      6.19883e+00       3.05761e-01       4.23447e+00
  144  1.44e-03      6.25411e+00       2.97772e-01       4.26866e+00
  145  1.45e-03      6.33301e+00       3.28156e-01       4.33139e+00
  146  1.46e-03      6.33501e+00       3.24494e-01       4.33151e+00
  147  1.47e-03      6.36354e+00       3.26346e-01       4.35114e+00
  148  1.48e-03      6.35926e+00       2.87362e-01       4.33529e+00
  149  1.49e-03      6.45466e+00       3.58913e-01       4.42275e+00
  150  1.50e-03      6.37923e+00       3.30782e-01       4.36308e+00
  151  1.51e-03      6.46686e+00       2.70156e-01       4.40129e+00
  152  1.52e-03      6.48493e+00       3.07376e-01       4.42575e+00
  153  1.53e-03      6.61765e+00       2.92961e-01       4.50942e+00
  154  1.54e-03      6.69536e+00       3.39183e-01       4.57664e+00
  155  1.55e-03      6.76162e+00       3.04840e-01       4.60936e+00
  156  1.56e-03      6.94118e+00       2.86493e-01       4.72295e+00
  157  1.57e-03      6.98884e+00       3.35924e-01       4.77120e+00
  158  1.58e-03      6.97757e+00       3.42616e-01       4.76592e+00
  159  1.59e-03      6.98874e+00       3.50884e-01       4.77612e+00
  160  1.60e-03      6.94542e+00       3.34755e-01       4.74187e+00
  161  1.61e-03      6.98039e+00       3.37464e-01       4.76608e+00
  162  1.62e-03      7.02164e+00       2.72063e-01       4.77178e+00
  163  1.63e-03      7.20068e+00       2.69138e-01       4.89017e+00
  164  1.64e-03      7.27615e+00       3.19566e-01       4.95729e+00
  165  1.65e-03      7.20051e+00       3.37860e-01       4.91296e+00
  166  1.66e-03      7.33344e+00       2.74831e-01       4.98057e+00
  167  1.67e-03      7.31214e+00       3.49649e-01       4.99131e+00
  168  1.68e-03      7.36148e+00       3.06173e-01       5.00971e+00
  169  1.69e-03      7.42214e+00       2.69738e-01       5.03800e+00
  170  1.70e-03      7.47271e+00       3.03516e-01       5.08298e+00
  171  1.71e-03      7.57471e+00       2.66604e-01       5.13868e+00
  172  1.72e-03      7.65139e+00       2.61637e-01       5.18814e+00
  173  1.73e-03      7.63661e+00       2.21347e-01       5.16486e+00
  174  1.74e-03      7.70963e+00       2.79495e-01       5.23292e+00
  175  1.75e-03      7.79742e+00       3.15086e-01       5.30331e+00
  176  1.76e-03      7.83648e+00       2.84753e-01       5.31923e+00
  177  1.77e-03      7.70639e+00       2.42752e-01       5.21851e+00
  178  1.78e-03      7.70256e+00       2.91480e-01       5.23220e+00
  179  1.79e-03      7.78182e+00       2.93072e-01       5.28557e+00
  180  1.80e-03      7.80058e+00       2.68062e-01       5.28974e+00
  181  1.81e-03      7.78284e+00       2.91274e-01       5.28565e+00
  182  1.82e-03      7.88803e+00       2.85950e-01       5.35400e+00
  183  1.83e-03      7.85396e+00       2.38984e-01       5.31563e+00
  184  1.84e-03      7.90615e+00       2.09629e-01       5.34065e+00
  185  1.85e-03      7.94913e+00       2.52835e-01       5.38370e+00
  186  1.86e-03      8.05755e+00       2.43994e-01       5.45303e+00
  187  1.87e-03      8.14713e+00       2.70518e-01       5.52159e+00
  188  1.88e-03      8.16430e+00       2.43493e-01       5.52403e+00
  189  1.89e-03      8.28213e+00       2.72041e-01       5.61210e+00
  190  1.90e-03      8.16777e+00       2.67749e-01       5.53443e+00
  191  1.91e-03      8.24430e+00       2.97045e-01       5.59521e+00
  192  1.92e-03      8.28162e+00       2.73015e-01       5.61209e+00
  193  1.93e-03      8.31939e+00       3.25079e-01       5.65462e+00
  194  1.94e-03      8.45453e+00       2.82672e-01       5.73058e+00
  195  1.95e-03      8.53802e+00       2.53049e-01       5.77636e+00
  196  1.96e-03      8.49170e+00       3.33573e-01       5.77233e+00
  197  1.97e-03      8.54390e+00       3.13027e-01       5.80028e+00
  198  1.98e-03      8.67654e+00       3.46370e-01       5.89982e+00
  199  1.99e-03      8.63823e+00       3.03636e-01       5.86003e+00
  200  2.00e-03      8.61240e+00       3.05405e-01       5.84340e+00
  201  2.01e-03      8.56938e+00       3.15281e-01       5.81802e+00
  202  2.02e-03      8.51772e+00       3.20092e-01       5.78517e+00
  203  2.03e-03      8.68154e+00       3.09257e-01       5.89078e+00
  204  2.04e-03      8.70103e+00       3.16582e-01       5.90621e+00
  205  2.05e-03      8.82619e+00       3.38534e-01       5.99697e+00
  206  2.06e-03      8.95333e+00       2.77687e-01       6.06145e+00
  207  2.07e-03      8.90491e+00       3.44055e-01       6.05129e+00
  208  2.08e-03      8.79108e+00       3.19805e-01       5.96732e+00
  209  2.09e-03      8.97537e+00       2.60480e-01       6.07041e+00
  210  2.10e-03      8.86682e+00       2.73074e-01       6.00224e+00
  211  2.11e-03      8.88921e+00       3.55341e-01       6.04459e+00
  212  2.12e-03      9.00412e+00       2.86013e-01       6.09808e+00
  213  2.13e-03      9.03244e+00       2.52373e-01       6.10575e+00
  214  2.14e-03      8.99632e+00       2.73315e-01       6.08865e+00
  215  2.15e-03      9.02744e+00       3.13965e-01       6.12295e+00
  216  2.16e-03      9.15031e+00       3.28732e-01       6.20978e+00
  217  2.17e-03      9.16855e+00       3.35399e-01       6.22417e+00
  218  2.18e-03      9.24158e+00       3.57264e-01       6.28014e+00
  219  2.19e-03      9.10221e+00       3.20305e-01       6.17491e+00
  220  2.20e-03      9.14915e+00       3.10242e-01       6.20284e+00
  221  2.21e-03      9.29522e+00       2.86928e-01       6.29246e+00
  222  2.22e-03      9.23654e+00       2.82712e-01       6.25193e+00
  223  2.23e-03      9.20643e+00       3.32714e-01       6.24852e+00
  224  2.24e-03      9.20394e+00       2.72528e-01       6.22680e+00
  225  2.25e-03      9.29625e+00       3.17308e-01       6.30327e+00
  226  2.26e-03      9.25811e+00       3.03629e-01       6.27328e+00
  227  2.27e-03      9.24685e+00       2.83334e-01       6.25901e+00
  228  2.28e-03      9.41857e+00       2.53520e-01       6.36356e+00
  229  2.29e-03      9.48715e+00       3.42746e-01       6.43901e+00
  230  2.30e-03      9.66228e+00       3.08901e-01       6.54449e+00
  231  2.31e-03      9.61318e+00       2.67859e-01       6.49807e+00
  232  2.32e-03      9.58599e+00       2.60925e-01       6.47764e+00
  233  2.33e-03      9.61263e+00       2.66430e-01       6.49723e+00
  234  2.34e-03      9.67261e+00       2.48221e-01       6.53114e+00
  235  2.35e-03      9.59420e+00       3.11740e-01       6.50004e+00
  236  2.36e-03      9.70065e+00       2.58782e-01       6.55336e+00
  237  2.37e-03      9.77595e+00       2.93850e-01       6.61525e+00
  238  2.38e-03      9.86524e+00       3.27673e-01       6.68605e+00
  239  2.39e-03      9.88049e+00       3.15578e-01       6.69218e+00
  240  2.40e-03      9.90940e+00       3.32346e-01       6.71705e+00
  241  2.41e-03      9.92907e+00       3.56496e-01       6.73821e+00
  242  2.42e-03      9.87561e+00       3.73299e-01       6.70818e+00
  243  2.43e-03      9.97860e+00       3.23332e-01       6.76018e+00
  244  2.44e-03      9.92128e+00       3.55452e-01       6.73267e+00
  245  2.45e-03      9.94929e+00       3.39853e-01       6.74614e+00
  246  2.46e-03      1.00205e+01       2.89309e-01       6.77675e+00
  247  2.47e-03      1.00129e+01       3.62854e-01       6.79620e+00
  248  2.48e-03      9.96044e+00       3.35682e-01       6.75219e+00
  249  2.49e-03      9.96596e+00       2.91160e-01       6.74103e+00
  250  2.50e-03      1.01085e+01       3.33524e-01       6.85018e+00
  251  2.51e-03      1.00789e+01       3.14538e-01       6.82410e+00
  252  2.52e-03      1.01445e+01       3.37158e-01       6.87539e+00
  253  2.53e-03      1.00870e+01       3.26844e-01       6.83362e+00
  254  2.54e-03      1.02214e+01       3.06975e-01       6.91658e+00
  255  2.55e-03      1.01512e+01       3.38765e-01       6.88037e+00
  256  2.56e-03      1.02367e+01       2.89882e-01       6.92111e+00
  257  2.57e-03      1.03226e+01       3.22053e-01       6.98906e+00
  258  2.58e-03      1.02773e+01       2.88101e-01       6.94754e+00
  259  2.59e-03      1.03470e+01       2.99942e-01       6.99796e+00
  260  2.60e-03      1.03661e+01       2.95293e-01       7.00918e+00
  261  2.61e-03      1.04422e+01       3.02876e-01       7.06244e+00
  262  2.62e-03      1.04818e+01       2.99804e-01       7.08781e+00
  263  2.63e-03      1.04772e+01       2.33791e-01       7.06272e+00
  264  2.64e-03      1.03880e+01       2.49942e-01       7.00862e+00
  265  2.65e-03      1.04690e+01       2.32809e-01       7.05692e+00
  266  2.66e-03      1.04878e+01       2.67530e-01       7.08108e+00
  267  2.67e-03      1.05230e+01       3.25711e-01       7.12393e+00
  268  2.68e-03      1.05236e+01       2.87833e-01       7.11169e+00
  269  2.69e-03      1.06235e+01       2.97107e-01       7.18135e+00
  270  2.70e-03      1.05704e+01       3.14781e-01       7.15184e+00
  271  2.71e-03      1.06872e+01       3.13150e-01       7.22919e+00
  272  2.72e-03      1.07251e+01       2.78530e-01       7.24291e+00
  273  2.73e-03      1.07030e+01       3.30330e-01       7.24546e+00
  274  2.74e-03      1.08367e+01       2.97637e-01       7.32367e+00
  275  2.75e-03      1.08915e+01       2.83703e-01       7.35558e+00
  276  2.76e-03      1.07813e+01       2.92271e-01       7.28493e+00
  277  2.77e-03      1.09019e+01       2.62988e-01       7.35559e+00
  278  2.78e-03      1.09429e+01       2.74932e-01       7.38692e+00
  279  2.79e-03      1.08588e+01       3.26255e-01       7.34794e+00
  280  2.80e-03      1.06596e+01       2.84887e-01       7.20137e+00
  281  2.81e-03      1.08832e+01       3.15080e-01       7.36050e+00
  282  2.82e-03      1.10040e+01       3.25658e-01       7.44452e+00
  283  2.83e-03      1.10797e+01       3.60362e-01       7.50656e+00
  284  2.84e-03      1.10052e+01       3.36242e-01       7.44886e+00
  285  2.85e-03      1.10842e+01       2.97571e-01       7.48863e+00
  286  2.86e-03      1.12770e+01       3.56530e-01       7.63685e+00
  287  2.87e-03      1.12892e+01       2.92134e-01       7.62354e+00
  288  2.88e-03      1.13501e+01       2.79335e-01       7.65984e+00
  289  2.89e-03      1.14923e+01       3.30215e-01       7.77157e+00
  290  2.90e-03      1.15052e+01       3.11827e-01       7.77405e+00
  291  2.91e-03      1.15812e+01       3.12698e-01       7.82505e+00
  292  2.92e-03      1.17554e+01       3.20717e-01       7.94383e+00
  293  2.93e-03      1.17278e+01       3.44521e-01       7.93335e+00
  294  2.94e-03      1.19699e+01       3.52928e-01       8.09757e+00
  295  2.95e-03      1.18453e+01       3.52193e-01       8.01427e+00
  296  2.96e-03      1.20290e+01       2.48444e-01       8.10212e+00
  297  2.97e-03      1.20931e+01       3.35800e-01       8.17400e+00
  298  2.98e-03      1.20661e+01       2.71917e-01       8.13471e+00
  299  2.99e-03      1.22822e+01       3.00477e-01       8.28829e+00
  300  3.00e-03      1.22325e+01       3.00265e-01       8.25508e+00
  301  3.01e-03      1.22544e+01       3.05853e-01       8.27153e+00
  302  3.02e-03      1.21765e+01       3.80076e-01       8.24434e+00
  303  3.03e-03      1.23067e+01       3.40767e-01       8.31805e+00
  304  3.04e-03      1.22124e+01       3.12119e-01       8.24564e+00
  305  3.05e-03      1.22612e+01       3.20726e-01       8.28103e+00
  306  3.06e-03      1.24081e+01       4.10590e-01       8.40891e+00
  307  3.07e-03      1.24364e+01       2.82325e-01       8.38507e+00
  308  3.08e-03      1.24442e+01       3.34710e-01       8.40769e+00
  309  3.09e-03      1.25207e+01       3.57106e-01       8.46617e+00
  310  3.10e-03      1.26485e+01       3.01354e-01       8.53277e+00
  311  3.11e-03      1.26017e+01       3.40632e-01       8.51466e+00
  312  3.12e-03      1.27139e+01       2.62091e-01       8.56329e+00
  313  3.13e-03      1.28421e+01       3.11042e-01       8.66507e+00
  314  3.14e-03      1.29046e+01       2.58776e-01       8.68936e+00
  315  3.15e-03      1.29601e+01       2.47853e-01       8.72267e+00
  316  3.16e-03      1.29662e+01       2.85594e-01       8.73934e+00
  317  3.17e-03      1.29285e+01       2.45535e-01       8.70085e+00
  318  3.18e-03      1.30022e+01       2.94229e-01       8.76622e+00
  319  3.19e-03      1.31091e+01       3.11128e-01       8.84314e+00
  320  3.20e-03      1.31217e+01       3.01366e-01       8.84824e+00
  321  3.21e-03      1.32857e+01       2.65776e-01       8.94571e+00
  322  3.22e-03      1.31529e+01       2.57285e-01       8.85438e+00
  323  3.23e-03      1.33795e+01       2.85284e-01       9.01473e+00
  324  3.24e-03      1.33333e+01       3.07947e-01       8.99152e+00
  325  3.25e-03      1.33712e+01       2.39707e-01       8.99406e+00
  326  3.26e-03      1.34260e+01       2.45951e-01       9.03262e+00
  327  3.27e-03      1.33907e+01       2.54474e-01       9.01197e+00
  328  3.28e-03      1.33282e+01       2.68951e-01       8.97515e+00
  329  3.29e-03      1.33266e+01       3.34542e-01       8.99594e+00
  330  3.30e-03      1.37059e+01       2.46518e-01       9.21942e+00
  331  3.31e-03      1.38081e+01       3.40725e-01       9.31901e+00
  332  3.32e-03      1.38592e+01       3.02156e-01       9.34016e+00
  333  3.33e-03      1.37876e+01       2.93007e-01       9.28940e+00
  334  3.34e-03      1.39281e+01       2.87386e-01       9.38119e+00
  335  3.35e-03      1.39569e+01       2.97103e-01       9.40360e+00
  336  3.36e-03      1.38710e+01       2.87639e-01       9.34320e+00
  337  3.37e-03      1.39273e+01       3.12263e-01       9.38896e+00
  338  3.38e-03      1.39279e+01       2.97581e-01       9.38447e+00
  339  3.39e-03      1.39956e+01       3.02646e-01       9.43129e+00
  340  3.40e-03      1.39754e+01       3.21687e-01       9.42418e+00
  341  3.41e-03      1.40454e+01       3.28447e-01       9.47310e+00
  342  3.42e-03      1.39434e+01       3.18992e-01       9.40192e+00
  343  3.43e-03      1.38835e+01       2.60104e-01       9.34234e+00
  344  3.44e-03      1.38168e+01       2.85777e-01       9.30647e+00
  345  3.45e-03      1.40555e+01       2.52549e-01       9.45451e+00
  346  3.46e-03      1.41311e+01       2.83077e-01       9.51513e+00
  347  3.47e-03      1.41910e+01       2.67412e-01       9.54981e+00
  348  3.48e-03      1.42575e+01       2.74627e-01       9.59656e+00
  349  3.49e-03      1.43457e+01       2.53262e-01       9.64823e+00
  350  3.50e-03      1.45318e+01       2.79286e-01       9.78097e+00
  351  3.51e-03      1.44454e+01       2.74152e-01       9.72162e+00
  352  3.52e-03      1.46196e+01       2.46540e-01       9.82860e+00
  353  3.53e-03      1.46598e+01       2.81224e-01       9.86696e+00
  354  3.54e-03      1.47860e+01       2.81772e-01       9.95128e+00
  355  3.55e-03      1.47848e+01       2.69795e-01       9.94648e+00
  356  3.56e-03      1.49453e+01       2.78943e-01       1.00565e+01
  357  3.57e-03      1.51165e+01       2.92247e-01       1.01751e+01
  358  3.58e-03      1.49799e+01       4.07572e-01       1.01225e+01
  359  3.59e-03      1.50925e+01       3.71232e-01       1.01854e+01
  360  3.60e-03      1.49758e+01       3.46804e-01       1.00995e+01
  361  3.61e-03      1.50435e+01       2.93338e-01       1.01268e+01
  362  3.62e-03      1.51966e+01       2.88313e-01       1.02272e+01
  363  3.63e-03      1.52200e+01       3.24121e-01       1.02547e+01
  364  3.64e-03      1.51440e+01       3.65125e-01       1.02177e+01
  365  3.65e-03      1.53200e+01       3.23931e-01       1.03213e+01
  366  3.66e-03      1.54868e+01       3.17564e-01       1.04304e+01
  367  3.67e-03      1.56390e+01       2.88975e-01       1.05223e+01
  368  3.68e-03      1.57066e+01       2.58074e-01       1.05571e+01
  369  3.69e-03      1.58280e+01       2.44543e-01       1.06335e+01
  370  3.70e-03      1.59726e+01       2.63773e-01       1.07363e+01
  371  3.71e-03      1.60174e+01       2.81464e-01       1.07721e+01
  372  3.72e-03      1.60192e+01       2.70701e-01       1.07697e+01
  373  3.73e-03      1.61654e+01       2.86288e-01       1.08724e+01
  374  3.74e-03      1.61227e+01       2.83738e-01       1.08431e+01
  375  3.75e-03      1.60683e+01       2.30645e-01       1.07891e+01
  376  3.76e-03      1.59354e+01       2.96370e-01       1.07224e+01
  377  3.77e-03      1.60766e+01       2.83379e-01       1.08122e+01
  378  3.78e-03      1.59096e+01       2.62466e-01       1.06939e+01
  379  3.79e-03      1.61323e+01       3.23482e-01       1.08627e+01
  380  3.80e-03      1.60597e+01       3.15055e-01       1.08115e+01
  381  3.81e-03      1.60787e+01       2.67857e-01       1.08084e+01
  382  3.82e-03      1.60663e+01       2.76191e-01       1.08029e+01
  383  3.83e-03      1.60330e+01       2.50006e-01       1.07720e+01
  384  3.84e-03      1.61576e+01       3.30340e-01       1.08819e+01
  385  3.85e-03      1.62417e+01       2.80080e-01       1.09212e+01
  386  3.86e-03      1.63976e+01       3.11418e-01       1.10355e+01
  387  3.87e-03      1.65887e+01       2.76371e-01       1.11513e+01
  388  3.88e-03      1.66762e+01       2.71395e-01       1.12079e+01
  389  3.89e-03      1.67134e+01       2.28035e-01       1.12183e+01
  390  3.90e-03      1.68457e+01       2.38325e-01       1.13099e+01
  391  3.91e-03      1.68909e+01       2.23418e-01       1.13351e+01
  392  3.92e-03      1.70041e+01       2.91726e-01       1.14333e+01
  393  3.93e-03      1.70753e+01       3.22772e-01       1.14911e+01
  394  3.94e-03      1.67598e+01       3.14882e-01       1.12781e+01
  395  3.95e-03      1.68906e+01       2.88372e-01       1.13565e+01
  396  3.96e-03      1.68492e+01       3.26786e-01       1.13417e+01
  397  3.97e-03      1.69398e+01       2.78101e-01       1.13859e+01
  398  3.98e-03      1.69756e+01       2.50152e-01       1.14004e+01
  399  3.99e-03      1.72314e+01       2.62411e-01       1.15751e+01
  400  4.00e-03      1.73669e+01       2.99636e-01       1.16778e+01
  401  4.01e-03      1.76658e+01       2.82979e-01       1.18716e+01
  402  4.02e-03      1.78565e+01       3.08097e-01       1.20071e+01
  403  4.03e-03      1.79935e+01       3.76990e-01       1.21213e+01
  404  4.04e-03      1.80615e+01       3.13552e-01       1.21455e+01
  405  4.05e-03      1.80387e+01       2.95477e-01       1.21243e+01
  406  4.06e-03      1.82435e+01       3.00695e-01       1.22625e+01
  407  4.07e-03      1.81958e+01       3.15837e-01       1.22358e+01
  408  4.08e-03      1.84135e+01       2.84644e-01       1.23705e+01
  409  4.09e-03      1.83744e+01       3.39751e-01       1.23628e+01
  410  4.10e-03      1.85215e+01       2.96468e-01       1.24465e+01
  411  4.11e-03      1.85870e+01       3.08462e-01       1.24942e+01
  412  4.12e-03      1.87758e+01       3.32078e-01       1.26279e+01
  413  4.13e-03      1.88835e+01       3.02411e-01       1.26898e+01
  414  4.14e-03      1.88856e+01       3.52109e-01       1.27078e+01
  415  4.15e-03      1.90558e+01       3.45681e-01       1.28191e+01
  416  4.16e-03      1.89059e+01       3.49537e-01       1.27205e+01
  417  4.17e-03      1.91907e+01       3.67095e-01       1.29161e+01
  418  4.18e-03      1.92656e+01       3.59594e-01       1.29636e+01
  419  4.19e-03      1.92043e+01       3.68042e-01       1.29256e+01
  420  4.20e-03      1.93326e+01       3.74594e-01       1.30132e+01
  421  4.21e-03      1.93441e+01       3.52781e-01       1.30136e+01
  422  4.22e-03      1.94721e+01       3.31180e-01       1.30918e+01
  423  4.23e-03      1.94622e+01       3.02987e-01       1.30758e+01
  424  4.24e-03      1.97670e+01       3.03681e-01       1.32792e+01
  425  4.25e-03      1.95970e+01       3.32231e-01       1.31754e+01
  426  4.26e-03      1.96598e+01       3.03228e-01       1.32076e+01
  427  4.27e-03      1.98664e+01       3.08799e-01       1.33472e+01
  428  4.28e-03      1.99782e+01       3.03111e-01       1.34198e+01
  429  4.29e-03      1.99162e+01       3.25452e-01       1.33859e+01
  430  4.30e-03      2.00998e+01       3.24862e-01       1.35082e+01
  431  4.31e-03      2.00454e+01       3.48690e-01       1.34798e+01
  432  4.32e-03      2.00718e+01       2.76165e-01       1.34732e+01
  433  4.33e-03      2.02828e+01       2.98542e-01       1.36214e+01
  434  4.34e-03      2.02186e+01       3.54565e-01       1.35972e+01
  435  4.35e-03      2.03456e+01       4.07112e-01       1.36995e+01
  436  4.36e-03      2.01647e+01       3.00548e-01       1.35433e+01
  437  4.37e-03      2.02728e+01       3.29065e-01       1.36249e+01
  438  4.38e-03      2.02642e+01       3.42691e-01       1.36237e+01
  439  4.39e-03      2.02312e+01       3.43844e-01       1.36021e+01
  440  4.40e-03      2.01432e+01       3.38284e-01       1.35416e+01
  441  4.41e-03      2.01457e+01       3.70847e-01       1.35541e+01
  442  4.42e-03      2.00998e+01       3.20204e-01       1.35066e+01
  443  4.43e-03      1.99858e+01       3.71329e-01       1.34476e+01
  444  4.44e-03      2.01912e+01       3.21467e-01       1.35679e+01
  445  4.45e-03      1.99717e+01       3.09236e-01       1.34176e+01
  446  4.46e-03      2.00555e+01       3.17321e-01       1.34761e+01
  447  4.47e-03      1.99771e+01       3.46831e-01       1.34336e+01
  448  4.48e-03      2.01420e+01       2.25080e-01       1.35030e+01
  449  4.49e-03      2.01510e+01       3.11500e-01       1.35378e+01
  450  4.50e-03      2.02413e+01       2.80106e-01       1.35876e+01
  451  4.51e-03      2.04508e+01       2.58905e-01       1.37202e+01
  452  4.52e-03      2.06000e+01       2.89273e-01       1.38297e+01
  453  4.53e-03      2.06885e+01       3.35340e-01       1.39041e+01
  454  4.54e-03      2.05907e+01       2.79577e-01       1.38203e+01
  455  4.55e-03      2.06218e+01       3.20102e-01       1.38546e+01
  456  4.56e-03      2.07009e+01       3.55393e-01       1.39191e+01
  457  4.57e-03      2.07719e+01       3.30135e-01       1.39580e+01
  458  4.58e-03      2.07495e+01       2.79359e-01       1.39261e+01
  459  4.59e-03      2.07838e+01       2.94132e-01       1.39539e+01
  460  4.60e-03      2.08551e+01       3.00928e-01       1.40037e+01
  461  4.61e-03      2.08855e+01       2.91019e-01       1.40207e+01
  462  4.62e-03      2.11272e+01       2.55716e-01       1.41700e+01
  463  4.63e-03      2.10313e+01       2.73097e-01       1.41119e+01
  464  4.64e-03      2.12583e+01       2.91508e-01       1.42694e+01
  465  4.65e-03      2.12754e+01       3.20208e-01       1.42903e+01
  466  4.66e-03      2.13137e+01       3.03774e-01       1.43104e+01
  467  4.67e-03      2.12751e+01       2.41450e-01       1.42639e+01
  468  4.68e-03      2.14238e+01       2.45900e-01       1.43645e+01
  469  4.69e-03      2.15196e+01       2.35485e-01       1.44249e+01
  470  4.70e-03      2.15728e+01       2.90090e-01       1.44786e+01
  471  4.71e-03      2.14417e+01       3.30101e-01       1.44045e+01
  472  4.72e-03      2.12461e+01       3.00321e-01       1.42642e+01
  473  4.73e-03      2.15625e+01       2.78196e-01       1.44677e+01
  474  4.74e-03      2.15297e+01       2.50571e-01       1.44367e+01
  475  4.75e-03      2.16637e+01       3.00827e-01       1.45427e+01
  476  4.76e-03      2.17992e+01       2.91298e-01       1.46299e+01
  477  4.77e-03      2.18462e+01       2.97807e-01       1.46634e+01
  478  4.78e-03      2.18615e+01       3.18358e-01       1.46805e+01
  479  4.79e-03      2.20480e+01       3.65196e-01       1.48204e+01
  480  4.80e-03      2.22576e+01       3.10831e-01       1.49420e+01
  481  4.81e-03      2.21267e+01       3.51803e-01       1.48684e+01
  482  4.82e-03      2.24097e+01       3.49442e-01       1.50563e+01
  483  4.83e-03      2.21882e+01       3.01257e-01       1.48925e+01
  484  4.84e-03      2.22148e+01       3.04946e-01       1.49115e+01
  485  4.85e-03      2.22878e+01       3.29204e-01       1.49683e+01
  486  4.86e-03      2.24110e+01       2.99309e-01       1.50404e+01
  487  4.87e-03      2.24840e+01       3.12752e-01       1.50936e+01
  488  4.88e-03      2.26069e+01       2.70789e-01       1.51615e+01
  489  4.89e-03      2.27793e+01       2.50072e-01       1.52695e+01
  490  4.90e-03      2.27487e+01       2.33988e-01       1.52438e+01
  491  4.91e-03      2.29553e+01       2.55863e-01       1.53888e+01
  492  4.92e-03      2.28304e+01       2.63724e-01       1.53082e+01
  493  4.93e-03      2.30722e+01       2.90892e-01       1.54785e+01
  494  4.94e-03      2.30028e+01       2.89713e-01       1.54318e+01
  495  4.95e-03      2.32860e+01       3.33432e-01       1.56351e+01
  496  4.96e-03      2.32152e+01       3.24115e-01       1.55848e+01
  497  4.97e-03      2.32869e+01       2.72196e-01       1.56153e+01
  498  4.98e-03      2.33270e+01       2.95263e-01       1.56497e+01
  499  4.99e-03      2.32340e+01       3.18780e-01       1.55956e+01
  500  5.00e-03      2.34628e+01       2.84026e-01       1.57365e+01
  501  5.01e-03      2.35175e+01       3.12084e-01       1.57823e+01
  502  5.02e-03      2.38212e+01       3.61662e-01       1.60013e+01
  503  5.03e-03      2.35886e+01       3.30519e-01       1.58359e+01
  504  5.04e-03      2.36074e+01       3.15128e-01       1.58433e+01
  505  5.05e-03      2.35952e+01       2.38271e-01       1.58096e+01
  506  5.06e-03      2.38158e+01       2.53965e-01       1.59619e+01
  507  5.07e-03      2.42623e+01       2.27351e-01       1.62507e+01
  508  5.08e-03      2.42601e+01       2.58647e-01       1.62596e+01
  509  5.09e-03      2.46107e+01       2.56768e-01       1.64927e+01
  510  5.10e-03      2.44502e+01       2.54076e-01       1.63848e+01
  511  5.11e-03      2.47889e+01       2.31009e-01       1.66030e+01
  512  5.12e-03      2.47370e+01       3.21369e-01       1.65984e+01
  513  5.13e-03      2.48446e+01       2.97067e-01       1.66621e+01
  514  5.14e-03      2.47849e+01       2.42227e-01       1.66040e+01
  515  5.15e-03      2.49500e+01       2.38337e-01       1.67128e+01
  516  5.16e-03      2.49465e+01       2.92476e-01       1.67285e+01
  517  5.17e-03      2.49453e+01       2.99249e-01       1.67299e+01
  518  5.18e-03      2.51690e+01       2.71161e-01       1.68697e+01
  519  5.19e-03      2.51734e+01       2.74567e-01       1.68738e+01
  520  5.20e-03      2.53133e+01       2.93969e-01       1.69735e+01
  521  5.21e-03      2.50631e+01       2.58787e-01       1.67950e+01
  522  5.22e-03      2.53426e+01       2.49086e-01       1.69781e+01
  523  5.23e-03      2.53467e+01       2.49439e-01       1.69809e+01
  524  5.24e-03      2.56193e+01       2.24923e-01       1.71545e+01
  525  5.25e-03      2.56152e+01       2.33414e-01       1.71546e+01
  526  5.26e-03      2.57873e+01       2.80330e-01       1.72850e+01
  527  5.27e-03      2.57701e+01       2.72007e-01       1.72707e+01
  528  5.28e-03      2.57498e+01       2.34249e-01       1.72446e+01
  529  5.29e-03      2.60451e+01       2.28491e-01       1.74395e+01
  530  5.30e-03      2.58266e+01       2.93990e-01       1.73157e+01
  531  5.31e-03      2.59886e+01       2.53751e-01       1.74103e+01
  532  5.32e-03      2.59766e+01       2.55867e-01       1.74030e+01
  533  5.33e-03      2.60310e+01       3.52267e-01       1.74714e+01
  534  5.34e-03      2.59937e+01       3.07106e-01       1.74315e+01
  535  5.35e-03      2.62017e+01       2.97231e-01       1.75669e+01
  536  5.36e-03      2.62152e+01       3.00386e-01       1.75769e+01
  537  5.37e-03      2.63167e+01       3.13176e-01       1.76489e+01
  538  5.38e-03      2.64884e+01       2.99339e-01       1.77587e+01
  539  5.39e-03      2.63157e+01       3.05278e-01       1.76456e+01
  540  5.40e-03      2.65821e+01       2.99956e-01       1.78214e+01
  541  5.41e-03      2.65215e+01       2.54452e-01       1.77658e+01
  542  5.42e-03      2.67590e+01       3.40774e-01       1.79529e+01
  543  5.43e-03      2.67884e+01       2.96218e-01       1.79577e+01
  544  5.44e-03      2.67650e+01       3.16133e-01       1.79487e+01
  545  5.45e-03      2.70489e+01       3.44059e-01       1.81473e+01
  546  5.46e-03      2.68444e+01       3.02978e-01       1.79973e+01
  547  5.47e-03      2.71607e+01       3.26025e-01       1.82158e+01
  548  5.48e-03      2.71764e+01       3.28520e-01       1.82271e+01
  549  5.49e-03      2.73683e+01       3.13292e-01       1.83499e+01
  550  5.50e-03      2.72065e+01       2.89838e-01       1.82343e+01
  551  5.51e-03      2.75441e+01       3.12421e-01       1.84669e+01
  552  5.52e-03      2.75683e+01       3.98993e-01       1.85118e+01
  553  5.53e-03      2.75238e+01       3.50466e-01       1.84660e+01
  554  5.54e-03      2.75587e+01       2.58656e-01       1.84587e+01
  555  5.55e-03      2.75623e+01       3.04462e-01       1.84764e+01
  556  5.56e-03      2.77936e+01       2.71272e-01       1.86195e+01
  557  5.57e-03      2.77076e+01       2.94352e-01       1.85698e+01
  558  5.58e-03      2.81197e+01       2.65633e-01       1.88350e+01
  559  5.59e-03      2.80469e+01       3.07480e-01       1.88004e+01
  560  5.60e-03      2.82626e+01       2.98109e-01       1.89411e+01
  561  5.61e-03      2.80916e+01       2.69861e-01       1.88177e+01
  562  5.62e-03      2.82889e+01       3.05038e-01       1.89610e+01
  563  5.63e-03      2.81919e+01       3.34034e-01       1.89060e+01
  564  5.64e-03      2.82423e+01       3.48845e-01       1.89445e+01
  565  5.65e-03      2.84501e+01       2.87403e-01       1.90625e+01
  566  5.66e-03      2.83983e+01       3.64737e-01       1.90538e+01
  567  5.67e-03      2.85144e+01       3.56218e-01       1.91284e+01
  568  5.68e-03      2.84479e+01       3.87000e-01       1.90942e+01
  569  5.69e-03      2.84833e+01       3.32162e-01       1.90996e+01
  570  5.70e-03      2.81424e+01       3.71526e-01       1.88855e+01
  571  5.71e-03      2.82996e+01       3.79517e-01       1.89929e+01
  572  5.72e-03      2.81852e+01       3.74245e-01       1.89149e+01
  573  5.73e-03      2.85209e+01       3.64364e-01       1.91354e+01
  574  5.74e-03      2.85965e+01       3.22817e-01       1.91719e+01
  575  5.75e-03      2.86494e+01       3.24389e-01       1.92077e+01
  576  5.76e-03      2.91723e+01       2.83298e-01       1.95426e+01
  577  5.77e-03      2.91508e+01       2.89593e-01       1.95304e+01
  578  5.78e-03      2.91650e+01       2.86300e-01       1.95388e+01
  579  5.79e-03      2.89553e+01       3.02977e-01       1.94045e+01
  580  5.80e-03      2.94130e+01       2.82900e-01       1.97030e+01
  581  5.81e-03      2.94304e+01       2.99258e-01       1.97200e+01
  582  5.82e-03      2.96267e+01       2.84598e-01       1.98460e+01
  583  5.83e-03      2.97972e+01       2.98892e-01       1.99644e+01
  584  5.84e-03      3.00201e+01       3.39558e-01       2.01266e+01
  585  5.85e-03      3.01707e+01       2.85353e-01       2.02089e+01
  586  5.86e-03      2.97940e+01       3.33982e-01       1.99740e+01
  587  5.87e-03      3.02016e+01       3.66057e-01       2.02564e+01
  588  5.88e-03      3.00248e+01       3.57445e-01       2.01357e+01
  589  5.89e-03      3.00840e+01       3.37783e-01       2.01686e+01
  590  5.90e-03      3.00589e+01       3.71358e-01       2.01630e+01
  591  5.91e-03      3.01953e+01       3.71988e-01       2.02542e+01
  592  5.92e-03      3.00745e+01       3.31768e-01       2.01603e+01
  593  5.93e-03      3.00149e+01       3.06680e-01       2.01122e+01
  594  5.94e-03      3.05322e+01       2.78521e-01       2.04476e+01
  595  5.95e-03      3.02565e+01       2.59470e-01       2.02575e+01
  596  5.96e-03      3.03159e+01       2.71724e-01       2.03012e+01
  597  5.97e-03      3.00897e+01       3.14658e-01       2.01647e+01
  598  5.98e-03      3.03075e+01       2.93477e-01       2.03028e+01
  599  5.99e-03      3.02167e+01       2.87270e-01       2.02402e+01
  600  6.00e-03      3.04148e+01       2.70839e-01       2.03668e+01
  601  6.01e-03      3.04292e+01       2.84743e-01       2.03811e+01
  602  6.02e-03      3.08495e+01       3.38141e-01       2.06791e+01
  603  6.03e-03      3.11155e+01       2.71544e-01       2.08342e+01
  604  6.04e-03      3.09914e+01       2.48870e-01       2.07439e+01
  605  6.05e-03      3.12189e+01       2.52912e-01       2.08969e+01
  606  6.06e-03      3.08558e+01       3.07783e-01       2.06732e+01
  607  6.07e-03      3.10216e+01       2.67880e-01       2.07703e+01
  608  6.08e-03      3.05602e+01       2.53176e-01       2.04578e+01
  609  6.09e-03      3.05150e+01       3.42780e-01       2.04576e+01
  610  6.10e-03      3.04068e+01       2.87078e-01       2.03669e+01
  611  6.11e-03      3.04561e+01       2.51826e-01       2.03880e+01
  612  6.12e-03      3.08194e+01       3.71402e-01       2.06701e+01
  613  6.13e-03      3.08514e+01       3.42812e-01       2.06818e+01
  614  6.14e-03      3.10337e+01       3.19631e-01       2.07957e+01
  615  6.15e-03      3.10057e+01       3.26651e-01       2.07794e+01
  616  6.16e-03      3.10587e+01       3.07059e-01       2.08081e+01
  617  6.17e-03      3.10498e+01       3.30398e-01       2.08100e+01
  618  6.18e-03      3.10854e+01       3.62308e-01       2.08444e+01
  619  6.19e-03      3.10628e+01       2.55970e-01       2.07938e+01
  620  6.20e-03      3.14307e+01       2.53862e-01       2.10384e+01
  621  6.21e-03      3.15907e+01       2.89644e-01       2.11570e+01
  622  6.22e-03      3.15551e+01       3.17457e-01       2.11426e+01
  623  6.23e-03      3.19031e+01       2.53479e-01       2.13533e+01
  624  6.24e-03      3.18691e+01       2.58379e-01       2.13322e+01
  625  6.25e-03      3.20998e+01       3.44657e-01       2.15148e+01
  626  6.26e-03      3.19955e+01       3.39820e-01       2.14436e+01
  627  6.27e-03      3.24521e+01       3.14303e-01       2.17395e+01
  628  6.28e-03      3.22951e+01       3.11330e-01       2.16338e+01
  629  6.29e-03      3.24025e+01       2.58539e-01       2.16878e+01
  630  6.30e-03      3.24755e+01       2.62469e-01       2.17378e+01
  631  6.31e-03      3.23472e+01       2.70108e-01       2.16548e+01
  632  6.32e-03      3.26671e+01       2.48243e-01       2.18608e+01
  633  6.33e-03      3.27955e+01       2.50791e-01       2.19473e+01
  634  6.34e-03      3.29820e+01       2.86665e-01       2.20835e+01
  635  6.35e-03      3.29552e+01       3.02121e-01       2.20709e+01
  636  6.36e-03      3.32280e+01       3.17250e-01       2.22577e+01
  637  6.37e-03      3.29980e+01       2.95037e-01       2.20970e+01
  638  6.38e-03      3.29140e+01       3.01263e-01       2.20431e+01
  639  6.39e-03      3.29115e+01       2.88670e-01       2.20372e+01
  640  6.40e-03      3.31021e+01       2.48248e-01       2.21508e+01
  641  6.41e-03      3.31014e+01       2.77217e-01       2.21600e+01
  642  6.42e-03      3.29148e+01       2.93004e-01       2.20409e+01
  643  6.43e-03      3.31260e+01       2.62772e-01       2.21716e+01
  644  6.44e-03      3.30946e+01       2.05714e-01       2.21316e+01
  645  6.45e-03      3.30993e+01       2.69670e-01       2.21561e+01
  646  6.46e-03      3.29500e+01       2.43316e-01       2.20477e+01
  647  6.47e-03      3.27837e+01       2.55860e-01       2.19411e+01
  648  6.48e-03      3.28960e+01       2.50682e-01       2.20142e+01
  649  6.49e-03      3.30884e+01       2.49887e-01       2.21422e+01
  650  6.50e-03      3.32625e+01       2.28482e-01       2.22511e+01
  651  6.51e-03      3.29674e+01       3.07251e-01       2.20807e+01
  652  6.52e-03      3.31570e+01       2.50060e-01       2.21880e+01
  653  6.53e-03      3.31125e+01       2.62968e-01       2.21627e+01
  654  6.54e-03      3.34664e+01       2.64330e-01       2.23990e+01
  655  6.55e-03      3.32463e+01       2.42329e-01       2.22450e+01
  656  6.56e-03      3.35581e+01       3.07369e-01       2.24745e+01
  657  6.57e-03      3.37009e+01       2.90041e-01       2.25639e+01
  658  6.58e-03      3.38014e+01       2.83102e-01       2.26286e+01
  659  6.59e-03      3.34969e+01       2.61989e-01       2.24186e+01
  660  6.60e-03      3.35007e+01       3.19434e-01       2.24403e+01
  661  6.61e-03      3.41109e+01       2.90684e-01       2.28375e+01
  662  6.62e-03      3.39265e+01       2.71484e-01       2.27081e+01
  663  6.63e-03      3.41405e+01       2.66187e-01       2.28491e+01
  664  6.64e-03      3.40924e+01       2.42109e-01       2.28090e+01
  665  6.65e-03      3.42666e+01       1.85790e-01       2.29063e+01
  666  6.66e-03      3.42457e+01       2.74535e-01       2.29220e+01
  667  6.67e-03      3.44733e+01       2.60903e-01       2.30692e+01
  668  6.68e-03      3.43433e+01       2.55408e-01       2.29807e+01
  669  6.69e-03      3.43584e+01       2.38695e-01       2.29851e+01
  670  6.70e-03      3.42136e+01       2.59885e-01       2.28957e+01
  671  6.71e-03      3.40674e+01       2.39953e-01       2.27916e+01
  672  6.72e-03      3.42276e+01       2.69993e-01       2.29084e+01
  673  6.73e-03      3.39353e+01       2.68162e-01       2.27129e+01
  674  6.74e-03      3.42008e+01       2.63562e-01       2.28884e+01
  675  6.75e-03      3.39989e+01       3.10008e-01       2.27693e+01
  676  6.76e-03      3.41456e+01       2.45849e-01       2.28457e+01
  677  6.77e-03      3.43469e+01       2.88615e-01       2.29942e+01
  678  6.78e-03      3.41628e+01       2.80378e-01       2.28686e+01
  679  6.79e-03      3.41548e+01       2.95374e-01       2.28683e+01
  680  6.80e-03      3.41963e+01       2.71607e-01       2.28881e+01
  681  6.81e-03      3.43555e+01       3.25542e-01       2.30122e+01
  682  6.82e-03      3.39951e+01       3.43007e-01       2.27778e+01
  683  6.83e-03      3.42921e+01       3.00323e-01       2.29615e+01
  684  6.84e-03      3.41204e+01       3.02083e-01       2.28476e+01
  685  6.85e-03      3.44522e+01       3.01579e-01       2.30686e+01
  686  6.86e-03      3.43716e+01       2.67863e-01       2.30037e+01
  687  6.87e-03      3.43341e+01       3.16721e-01       2.29950e+01
  688  6.88e-03      3.45557e+01       2.92656e-01       2.31347e+01
  689  6.89e-03      3.43007e+01       2.59139e-01       2.29535e+01
  690  6.90e-03      3.46242e+01       2.65448e-01       2.31713e+01
  691  6.91e-03      3.45943e+01       3.15307e-01       2.31680e+01
  692  6.92e-03      3.48129e+01       2.93664e-01       2.33065e+01
  693  6.93e-03      3.46466e+01       2.99645e-01       2.31976e+01
  694  6.94e-03      3.48891e+01       3.40567e-01       2.33730e+01
  695  6.95e-03      3.45843e+01       3.57894e-01       2.31755e+01
  696  6.96e-03      3.43218e+01       3.38097e-01       2.29939e+01
  697  6.97e-03      3.44437e+01       3.46475e-01       2.30779e+01
  698  6.98e-03      3.42166e+01       3.72664e-01       2.29353e+01
  699  6.99e-03      3.45083e+01       3.02878e-01       2.31065e+01
  700  7.00e-03      3.44983e+01       3.11757e-01       2.31028e+01
  701  7.01e-03      3.48895e+01       2.91685e-01       2.33569e+01
  702  7.02e-03      3.49070e+01       3.19117e-01       2.33777e+01
  703  7.03e-03      3.51528e+01       2.91744e-01       2.35324e+01
  704  7.04e-03      3.50899e+01       2.62988e-01       2.34809e+01
  705  7.05e-03      3.49080e+01       3.30010e-01       2.33820e+01
  706  7.06e-03      3.52148e+01       2.94756e-01       2.35748e+01
  707  7.07e-03      3.49137e+01       3.12090e-01       2.33798e+01
  708  7.08e-03      3.47911e+01       2.37911e-01       2.32733e+01
  709  7.09e-03      3.46490e+01       3.15076e-01       2.32043e+01
  710  7.10e-03      3.48411e+01       3.32935e-01       2.33384e+01
  711  7.11e-03      3.49059e+01       2.95890e-01       2.33692e+01
  712  7.12e-03      3.51437e+01       3.35837e-01       2.35411e+01
  713  7.13e-03      3.47369e+01       3.47310e-01       2.32737e+01
  714  7.14e-03      3.45980e+01       3.28941e-01       2.31750e+01
  715  7.15e-03      3.48611e+01       4.20091e-01       2.33807e+01
  716  7.16e-03      3.50063e+01       4.01668e-01       2.34714e+01
  717  7.17e-03      3.51706e+01       3.62371e-01       2.35679e+01
  718  7.18e-03      3.51215e+01       3.27193e-01       2.35234e+01
  719  7.19e-03      3.54346e+01       3.27019e-01       2.37321e+01
  720  7.20e-03      3.52966e+01       3.04765e-01       2.36327e+01
  721  7.21e-03      3.53735e+01       3.30584e-01       2.36925e+01
  722  7.22e-03      3.54286e+01       3.18709e-01       2.37253e+01
  723  7.23e-03      3.55817e+01       2.48152e-01       2.38038e+01
  724  7.24e-03      3.56130e+01       2.87732e-01       2.38379e+01
  725  7.25e-03      3.57965e+01       3.05111e-01       2.39661e+01
  726  7.26e-03      3.59739e+01       3.10100e-01       2.40859e+01
  727  7.27e-03      3.59439e+01       2.72468e-01       2.40534e+01
  728  7.28e-03      3.62447e+01       2.83074e-01       2.42575e+01
  729  7.29e-03      3.59960e+01       2.90528e-01       2.40941e+01
  730  7.30e-03      3.63359e+01       2.62551e-01       2.43114e+01
  731  7.31e-03      3.61483e+01       2.97958e-01       2.41982e+01
  732  7.32e-03      3.66702e+01       2.91787e-01       2.45441e+01
  733  7.33e-03      3.64689e+01       3.06946e-01       2.44149e+01
  734  7.34e-03      3.64580e+01       3.26789e-01       2.44142e+01
  735  7.35e-03      3.67026e+01       3.46078e-01       2.45838e+01
  736  7.36e-03      3.66455e+01       3.10864e-01       2.45339e+01
  737  7.37e-03      3.69387e+01       3.38701e-01       2.47387e+01
  738  7.38e-03      3.68344e+01       2.68739e-01       2.46458e+01
  739  7.39e-03      3.70993e+01       3.19969e-01       2.48395e+01
  740  7.40e-03      3.69400e+01       2.84235e-01       2.47214e+01
  741  7.41e-03      3.72366e+01       2.89006e-01       2.49207e+01
  742  7.42e-03      3.68930e+01       2.87309e-01       2.46911e+01
  743  7.43e-03      3.68653e+01       2.74188e-01       2.46682e+01
  744  7.44e-03      3.72752e+01       3.05666e-01       2.49520e+01
  745  7.45e-03      3.72474e+01       3.67683e-01       2.49542e+01
  746  7.46e-03      3.74990e+01       3.22261e-01       2.51068e+01
  747  7.47e-03      3.74458e+01       2.91901e-01       2.50611e+01
  748  7.48e-03      3.78416e+01       3.42982e-01       2.53421e+01
  749  7.49e-03      3.74094e+01       3.43129e-01       2.50540e+01
  750  7.50e-03      3.76694e+01       2.87658e-01       2.52088e+01
  751  7.51e-03      3.76261e+01       2.88670e-01       2.51803e+01
  752  7.52e-03      3.78343e+01       3.51055e-01       2.53399e+01
  753  7.53e-03      3.77457e+01       3.24022e-01       2.52718e+01
  754  7.54e-03      3.74590e+01       2.88960e-01       2.50690e+01
  755  7.55e-03      3.76643e+01       2.98483e-01       2.52090e+01
  756  7.56e-03      3.74348e+01       3.33169e-01       2.50676e+01
  757  7.57e-03      3.78009e+01       3.58836e-01       2.53202e+01
  758  7.58e-03      3.74965e+01       3.07703e-01       2.51002e+01
  759  7.59e-03      3.75215e+01       3.66847e-01       2.51366e+01
  760  7.60e-03      3.75389e+01       2.76484e-01       2.51181e+01
  761  7.61e-03      3.77255e+01       2.78140e-01       2.52430e+01
  762  7.62e-03      3.78063e+01       3.93295e-01       2.53353e+01
  763  7.63e-03      3.77958e+01       2.80566e-01       2.52907e+01
  764  7.64e-03      3.79862e+01       3.01603e-01       2.54247e+01
  765  7.65e-03      3.76772e+01       3.14497e-01       2.52230e+01
  766  7.66e-03      3.78413e+01       2.64753e-01       2.53158e+01
  767  7.67e-03      3.76983e+01       2.67236e-01       2.52213e+01
  768  7.68e-03      3.77118e+01       2.77480e-01       2.52337e+01
  769  7.69e-03      3.76551e+01       2.96528e-01       2.52023e+01
  770  7.70e-03      3.80880e+01       3.18184e-01       2.54980e+01
  771  7.71e-03      3.81468e+01       3.09577e-01       2.55344e+01
  772  7.72e-03      3.79715e+01       3.04863e-01       2.54160e+01
  773  7.73e-03      3.82150e+01       3.39607e-01       2.55899e+01
  774  7.74e-03      3.80908e+01       3.05958e-01       2.54959e+01
  775  7.75e-03      3.84197e+01       3.42329e-01       2.57273e+01
  776  7.76e-03      3.82116e+01       2.66934e-01       2.55634e+01
  777  7.77e-03      3.87363e+01       2.96161e-01       2.59229e+01
  778  7.78e-03      3.85231e+01       3.07944e-01       2.57847e+01
  779  7.79e-03      3.88204e+01       2.73284e-01       2.59713e+01
  780  7.80e-03      3.89639e+01       2.87322e-01       2.60717e+01
  781  7.81e-03      3.92194e+01       2.85822e-01       2.62415e+01
  782  7.82e-03      3.94231e+01       3.11303e-01       2.63858e+01
  783  7.83e-03      3.93661e+01       3.17124e-01       2.63498e+01
  784  7.84e-03      3.96012e+01       2.88033e-01       2.64968e+01
  785  7.85e-03      3.95778e+01       3.24609e-01       2.64934e+01
  786  7.86e-03      3.97698e+01       3.49217e-01       2.66296e+01
  787  7.87e-03      3.98309e+01       3.68123e-01       2.66766e+01
  788  7.88e-03      3.99926e+01       3.13184e-01       2.67661e+01
  789  7.89e-03      3.99714e+01       3.15925e-01       2.67529e+01
  790  7.90e-03      4.00153e+01       3.33238e-01       2.67879e+01
  791  7.91e-03      4.00792e+01       2.80014e-01       2.68128e+01
  792  7.92e-03      3.98783e+01       3.29180e-01       2.66953e+01
  793  7.93e-03      4.01401e+01       3.47576e-01       2.68759e+01
  794  7.94e-03      3.99539e+01       2.74014e-01       2.67273e+01
  795  7.95e-03      3.99787e+01       2.69134e-01       2.67422e+01
  796  7.96e-03      3.98325e+01       3.56897e-01       2.66740e+01
  797  7.97e-03      4.02850e+01       2.96226e-01       2.69554e+01
  798  7.98e-03      4.01904e+01       3.08178e-01       2.68963e+01
  799  7.99e-03      4.03540e+01       2.91133e-01       2.69997e+01
  800  8.00e-03      4.07413e+01       3.39349e-01       2.72740e+01
  801  8.01e-03      4.05515e+01       2.77552e-01       2.71268e+01
  802  8.02e-03      4.09072e+01       3.23026e-01       2.73791e+01
  803  8.03e-03      4.04871e+01       3.15685e-01       2.70966e+01
  804  8.04e-03      4.10266e+01       3.05721e-01       2.74530e+01
  805  8.05e-03      4.08048e+01       3.40581e-01       2.73168e+01
  806  8.06e-03      4.10578e+01       2.50339e-01       2.74553e+01
  807  8.07e-03      4.06962e+01       3.07044e-01       2.72332e+01
  808  8.08e-03      4.07607e+01       2.81398e-01       2.72676e+01
  809  8.09e-03      4.08145e+01       3.09457e-01       2.73128e+01
  810  8.10e-03      4.08493e+01       3.66197e-01       2.73549e+01
  811  8.11e-03      4.09626e+01       3.48775e-01       2.74247e+01
  812  8.12e-03      4.05836e+01       3.23191e-01       2.71635e+01
  813  8.13e-03      4.11476e+01       2.83552e-01       2.75263e+01
  814  8.14e-03      4.07766e+01       3.13688e-01       2.72890e+01
  815  8.15e-03      4.12294e+01       3.42586e-01       2.76004e+01
  816  8.16e-03      4.11487e+01       3.10730e-01       2.75361e+01
  817  8.17e-03      4.13134e+01       2.94643e-01       2.76405e+01
  818  8.18e-03      4.14107e+01       3.37181e-01       2.77196e+01
  819  8.19e-03      4.12949e+01       3.49566e-01       2.76464e+01
  820  8.20e-03      4.16776e+01       3.10775e-01       2.78886e+01
  821  8.21e-03      4.18774e+01       3.19765e-01       2.80249e+01
  822  8.22e-03      4.21504e+01       2.97624e-01       2.81995e+01
  823  8.23e-03      4.16685e+01       2.94409e-01       2.78771e+01
  824  8.24e-03      4.19354e+01       2.56631e-01       2.80425e+01
  825  8.25e-03      4.14917e+01       2.61052e-01       2.77482e+01
  826  8.26e-03      4.14654e+01       2.84240e-01       2.77384e+01
  827  8.27e-03      4.14224e+01       2.55339e-01       2.77000e+01
  828  8.28e-03      4.14546e+01       2.70776e-01       2.77267e+01
  829  8.29e-03      4.16560e+01       2.88381e-01       2.78668e+01
  830  8.30e-03      4.15223e+01       2.82383e-01       2.77757e+01
  831  8.31e-03      4.18438e+01       2.64415e-01       2.79840e+01
  832  8.32e-03      4.15497e+01       2.60974e-01       2.77868e+01
  833  8.33e-03      4.15804e+01       3.07770e-01       2.78229e+01
  834  8.34e-03      4.13031e+01       2.86410e-01       2.76309e+01
  835  8.35e-03      4.16843e+01       3.46137e-01       2.79049e+01
  836  8.36e-03      4.18592e+01       3.41143e-01       2.80199e+01
  837  8.37e-03      4.18566e+01       3.13922e-01       2.80091e+01
  838  8.38e-03      4.19282e+01       2.88827e-01       2.80484e+01
  839  8.39e-03      4.18351e+01       3.02624e-01       2.79909e+01
  840  8.40e-03      4.22839e+01       2.84684e-01       2.82842e+01
  841  8.41e-03      4.19940e+01       2.90556e-01       2.80929e+01
  842  8.42e-03      4.24602e+01       2.81858e-01       2.84008e+01
  843  8.43e-03      4.22577e+01       3.11021e-01       2.82755e+01
  844  8.44e-03      4.24987e+01       3.58634e-01       2.84520e+01
  845  8.45e-03      4.26648e+01       2.92015e-01       2.85405e+01
  846  8.46e-03      4.28833e+01       2.95827e-01       2.86875e+01
  847  8.47e-03      4.27077e+01       2.96081e-01       2.85705e+01
  848  8.48e-03      4.27077e+01       3.19796e-01       2.85784e+01
  849  8.49e-03      4.31976e+01       2.94972e-01       2.88967e+01
  850  8.50e-03      4.30819e+01       3.09287e-01       2.88244e+01
  851  8.51e-03      4.34888e+01       3.04014e-01       2.90939e+01
  852  8.52e-03      4.33696e+01       2.99981e-01       2.90130e+01
  853  8.53e-03      4.37597e+01       3.12182e-01       2.92772e+01
  854  8.54e-03      4.38034e+01       3.00753e-01       2.93025e+01
  855  8.55e-03      4.38440e+01       3.31709e-01       2.93399e+01
  856  8.56e-03      4.37868e+01       2.97653e-01       2.92904e+01
  857  8.57e-03      4.36976e+01       2.99690e-01       2.92316e+01
  858  8.58e-03      4.40336e+01       2.80828e-01       2.94493e+01
  859  8.59e-03      4.38474e+01       2.54834e-01       2.93165e+01
  860  8.60e-03      4.43464e+01       2.41518e-01       2.96448e+01
  861  8.61e-03      4.41720e+01       3.14045e-01       2.95527e+01
  862  8.62e-03      4.44961e+01       2.28935e-01       2.97404e+01
  863  8.63e-03      4.45209e+01       2.66092e-01       2.97693e+01
  864  8.64e-03      4.48282e+01       3.28721e-01       2.99950e+01
  865  8.65e-03      4.52181e+01       2.75423e-01       3.02372e+01
  866  8.66e-03      4.48912e+01       2.85463e-01       3.00226e+01
  867  8.67e-03      4.52127e+01       2.34347e-01       3.02199e+01
  868  8.68e-03      4.49779e+01       2.49364e-01       3.00684e+01
  869  8.69e-03      4.54859e+01       2.89463e-01       3.04204e+01
  870  8.70e-03      4.50377e+01       2.84517e-01       3.01200e+01
  871  8.71e-03      4.52627e+01       2.77033e-01       3.02675e+01
  872  8.72e-03      4.51157e+01       3.57586e-01       3.01963e+01
  873  8.73e-03      4.55195e+01       2.89011e-01       3.04427e+01
  874  8.74e-03      4.56647e+01       2.98736e-01       3.05427e+01
  875  8.75e-03      4.60508e+01       2.54019e-01       3.07852e+01
  876  8.76e-03      4.63035e+01       2.85159e-01       3.09641e+01
  877  8.77e-03      4.59257e+01       2.79968e-01       3.07105e+01
  878  8.78e-03      4.61599e+01       2.46922e-01       3.08555e+01
  879  8.79e-03      4.57423e+01       2.97999e-01       3.05942e+01
  880  8.80e-03      4.60182e+01       2.78220e-01       3.07715e+01
  881  8.81e-03      4.57471e+01       2.70214e-01       3.05881e+01
  882  8.82e-03      4.59974e+01       2.71364e-01       3.07554e+01
  883  8.83e-03      4.57414e+01       2.68445e-01       3.05837e+01
  884  8.84e-03      4.58757e+01       2.89702e-01       3.06803e+01
  885  8.85e-03      4.63203e+01       2.47369e-01       3.09626e+01
  886  8.86e-03      4.60332e+01       2.67142e-01       3.07779e+01
  887  8.87e-03      4.65975e+01       3.32513e-01       3.11759e+01
  888  8.88e-03      4.63658e+01       2.41556e-01       3.09911e+01
  889  8.89e-03      4.66256e+01       2.37848e-01       3.11630e+01
  890  8.90e-03      4.63833e+01       2.30183e-01       3.09989e+01
  891  8.91e-03      4.64141e+01       2.09849e-01       3.10127e+01
  892  8.92e-03      4.64315e+01       2.28752e-01       3.10306e+01
  893  8.93e-03      4.62151e+01       2.33973e-01       3.08881e+01
  894  8.94e-03      4.64016e+01       2.65101e-01       3.10228e+01
  895  8.95e-03      4.62314e+01       2.35031e-01       3.08992e+01
  896  8.96e-03      4.64703e+01       2.44510e-01       3.10617e+01
  897  8.97e-03      4.63373e+01       2.66575e-01       3.09804e+01
  898  8.98e-03      4.63778e+01       2.85495e-01       3.10137e+01
  899  8.99e-03      4.61956e+01       2.90679e-01       3.08940e+01
  900  9.00e-03      4.63699e+01       2.99853e-01       3.10132e+01
  901  9.01e-03      4.63503e+01       2.85394e-01       3.09953e+01
  902  9.02e-03      4.64058e+01       3.42755e-01       3.10515e+01
  903  9.03e-03      4.68558e+01       3.02611e-01       3.13381e+01
  904  9.04e-03      4.65466e+01       2.91175e-01       3.11281e+01
  905  9.05e-03      4.67579e+01       2.63119e-01       3.12596e+01
  906  9.06e-03      4.64350e+01       2.30321e-01       3.10334e+01
  907  9.07e-03      4.67940e+01       3.00328e-01       3.12961e+01
  908  9.08e-03      4.66677e+01       3.30800e-01       3.12221e+01
  909  9.09e-03      4.69351e+01       2.93119e-01       3.13878e+01
  910  9.10e-03      4.66471e+01       2.75990e-01       3.11900e+01
  911  9.11e-03      4.66953e+01       2.70546e-01       3.12204e+01
  912  9.12e-03      4.70522e+01       2.73698e-01       3.14594e+01
  913  9.13e-03      4.67513e+01       2.67450e-01       3.12567e+01
  914  9.14e-03      4.68097e+01       2.93414e-01       3.13043e+01
  915  9.15e-03      4.65346e+01       3.36834e-01       3.11353e+01
  916  9.16e-03      4.69764e+01       3.17141e-01       3.14233e+01
  917  9.17e-03      4.68198e+01       2.78889e-01       3.13061e+01
  918  9.18e-03      4.69873e+01       2.65380e-01       3.14134e+01
  919  9.19e-03      4.71239e+01       3.09565e-01       3.15191e+01
  920  9.20e-03      4.71593e+01       3.14727e-01       3.15445e+01
  921  9.21e-03      4.72625e+01       2.91500e-01       3.16055e+01
  922  9.22e-03      4.71404e+01       2.92711e-01       3.15245e+01
  923  9.23e-03      4.77040e+01       2.93206e-01       3.19004e+01
  924  9.24e-03      4.73209e+01       3.04360e-01       3.16487e+01
  925  9.25e-03      4.72608e+01       3.01907e-01       3.16079e+01
  926  9.26e-03      4.71648e+01       2.72029e-01       3.15339e+01
  927  9.27e-03      4.73644e+01       3.47634e-01       3.16922e+01
  928  9.28e-03      4.73292e+01       3.26452e-01       3.16616e+01
  929  9.29e-03      4.72994e+01       3.29215e-01       3.16427e+01
  930  9.30e-03      4.73544e+01       3.40079e-01       3.16830e+01
  931  9.31e-03      4.73765e+01       3.39655e-01       3.16976e+01
  932  9.32e-03      4.76119e+01       3.40929e-01       3.18549e+01
  933  9.33e-03      4.73327e+01       3.28160e-01       3.16645e+01
  934  9.34e-03      4.79445e+01       3.46510e-01       3.20785e+01
  935  9.35e-03      4.80789e+01       3.32256e-01       3.21633e+01
  936  9.36e-03      4.83389e+01       2.98001e-01       3.23252e+01
  937  9.37e-03      4.79630e+01       3.41350e-01       3.20891e+01
  938  9.38e-03      4.81479e+01       2.65845e-01       3.21872e+01
  939  9.39e-03      4.82428e+01       3.25360e-01       3.22703e+01
  940  9.40e-03      4.81942e+01       3.00455e-01       3.22296e+01
  941  9.41e-03      4.87856e+01       3.16981e-01       3.26294e+01
  942  9.42e-03      4.84935e+01       2.83907e-01       3.24236e+01
  943  9.43e-03      4.87457e+01       2.93413e-01       3.25950e+01
  944  9.44e-03      4.84452e+01       3.29080e-01       3.24065e+01
  945  9.45e-03      4.89302e+01       3.03474e-01       3.27213e+01
  946  9.46e-03      4.86574e+01       2.35618e-01       3.25168e+01
  947  9.47e-03      4.88449e+01       3.05416e-01       3.26651e+01
  948  9.48e-03      4.86752e+01       3.25630e-01       3.25587e+01
  949  9.49e-03      4.89802e+01       3.00693e-01       3.27537e+01
  950  9.50e-03      4.92561e+01       3.06779e-01       3.29397e+01
  951  9.51e-03      4.90226e+01       2.85986e-01       3.27771e+01
  952  9.52e-03      4.93004e+01       2.59048e-01       3.29533e+01
  953  9.53e-03      4.87554e+01       2.98172e-01       3.26030e+01
  954  9.54e-03      4.91615e+01       3.06504e-01       3.28765e+01
  955  9.55e-03      4.88193e+01       3.57953e-01       3.26655e+01
  956  9.56e-03      4.95049e+01       3.64952e-01       3.31249e+01
  957  9.57e-03      4.95261e+01       3.19664e-01       3.31239e+01
  958  9.58e-03      4.93115e+01       3.96524e-01       3.30065e+01
  959  9.59e-03      4.95400e+01       3.35667e-01       3.31385e+01
  960  9.60e-03      4.92572e+01       3.54166e-01       3.29562e+01
  961  9.61e-03      4.98982e+01       3.48737e-01       3.33817e+01
  962  9.62e-03      4.96718e+01       3.10229e-01       3.32180e+01
  963  9.63e-03      4.98586e+01       3.00632e-01       3.33393e+01
  964  9.64e-03      4.94167e+01       3.62055e-01       3.30651e+01
  965  9.65e-03      5.00470e+01       2.50476e-01       3.34482e+01
  966  9.66e-03      4.96359e+01       3.35905e-01       3.32026e+01
  967  9.67e-03      4.97689e+01       3.10396e-01       3.32827e+01
  968  9.68e-03      4.99843e+01       2.41566e-01       3.34034e+01
  969  9.69e-03      4.99168e+01       2.86807e-01       3.33735e+01
  970  9.70e-03      5.02087e+01       2.72034e-01       3.35631e+01
  971  9.71e-03      4.97496e+01       2.82546e-01       3.32606e+01
  972  9.72e-03      5.01127e+01       2.99229e-01       3.35082e+01
  973  9.73e-03      4.98768e+01       3.12055e-01       3.33552e+01
  974  9.74e-03      5.02215e+01       2.42883e-01       3.35619e+01
  975  9.75e-03      4.97164e+01       2.47707e-01       3.32268e+01
  976  9.76e-03      4.96870e+01       2.59114e-01       3.32110e+01
  977  9.77e-03      4.95886e+01       2.82607e-01       3.31533e+01
  978  9.78e-03      4.94648e+01       2.58170e-01       3.30626e+01
  979  9.79e-03      5.00318e+01       2.69671e-01       3.34444e+01
  980  9.80e-03      4.97957e+01       2.90246e-01       3.32939e+01
  981  9.81e-03      5.03620e+01       2.91860e-01       3.36719e+01
  982  9.82e-03      4.99543e+01       2.86422e-01       3.33984e+01
  983  9.83e-03      5.00723e+01       2.36843e-01       3.34605e+01
  984  9.84e-03      4.99134e+01       2.20011e-01       3.33489e+01
  985  9.85e-03      4.99598e+01       2.82761e-01       3.34008e+01
  986  9.86e-03      5.01694e+01       3.28674e-01       3.35558e+01
  987  9.87e-03      4.99954e+01       2.74258e-01       3.34217e+01
  988  9.88e-03      5.06418e+01       3.81082e-01       3.38882e+01
  989  9.89e-03      5.04196e+01       3.21957e-01       3.37204e+01
  990  9.90e-03      5.07002e+01       2.79125e-01       3.38932e+01
  991  9.91e-03      5.02061e+01       3.01083e-01       3.35711e+01
  992  9.92e-03      5.08133e+01       2.95160e-01       3.39739e+01
  993  9.93e-03      5.04739e+01       2.82759e-01       3.37435e+01
  994  9.94e-03      5.11714e+01       3.19861e-01       3.42209e+01
  995  9.95e-03      5.13300e+01       2.99737e-01       3.43199e+01
  996  9.96e-03      5.10784e+01       3.04184e-01       3.41537e+01
  997  9.97e-03      5.14783e+01       3.50572e-01       3.44357e+01
  998  9.98e-03      5.12185e+01       3.29427e-01       3.42555e+01
  999  9.99e-03      5.19604e+01       3.27202e-01       3.47493e+01
