Delta = -9.474e+00 gamma
 step      t        T_in_plane/mK   T_out_of_plane/mK   T_tot/mK
    0  0.00e+00      5.72964e+00       0.00000e+00       3.81976e+00
    1  2.00e-06      5.60821e+00       1.34936e-04       3.73885e+00
    2  4.00e-06      5.61785e+00       3.41845e-04       3.74535e+00
    3  6.00e-06      5.65067e+00       7.37134e-04       3.76736e+00
    4  8.00e-06      5.65390e+00       9.42964e-04       3.76958e+00
    5  1.00e-05      5.64667e+00       1.38772e-03       3.76491e+00
    6  1.20e-05      5.67585e+00       1.67323e-03       3.78446e+00
    7  1.40e-05      5.64292e+00       1.88791e-03       3.76257e+00
    8  1.60e-05      5.64635e+00       2.00260e-03       3.76490e+00
    9  1.80e-05      5.67651e+00       2.53153e-03       3.78518e+00
   10  2.00e-05      5.68072e+00       2.61964e-03       3.78802e+00
   11  2.20e-05      5.66721e+00       2.65021e-03       3.77902e+00
   12  2.40e-05      5.68028e+00       2.04370e-03       3.78754e+00
   13  2.60e-05      5.69238e+00       2.91305e-03       3.79589e+00
   14  2.80e-05      5.70288e+00       3.82677e-03       3.80319e+00
   15  3.00e-05      5.69808e+00       3.43843e-03       3.79987e+00
   16  3.20e-05      5.71003e+00       4.34174e-03       3.80813e+00
   17  3.40e-05      5.68269e+00       4.81637e-03       3.79006e+00
   18  3.60e-05      5.66221e+00       4.53168e-03       3.77632e+00
   19  3.80e-05      5.68442e+00       4.85871e-03       3.79123e+00
   20  4.00e-05      5.68339e+00       6.02136e-03       3.79094e+00
   21  4.20e-05      5.67747e+00       7.50905e-03       3.78748e+00
   22  4.40e-05      5.67335e+00       7.63921e-03       3.78478e+00
   23  4.60e-05      5.68368e+00       5.66365e-03       3.79101e+00
   24  4.80e-05      5.66730e+00       6.21855e-03       3.78027e+00
   25  5.00e-05      5.65060e+00       8.51462e-03       3.76991e+00
   26  5.20e-05      5.63008e+00       9.52118e-03       3.75656e+00
   27  5.40e-05      5.60947e+00       9.23579e-03       3.74273e+00
   28  5.60e-05      5.61524e+00       9.94861e-03       3.74681e+00
   29  5.80e-05      5.59822e+00       9.20152e-03       3.73521e+00
   30  6.00e-05      5.57522e+00       1.03092e-02       3.72025e+00
   31  6.20e-05      5.59454e+00       9.58281e-03       3.73289e+00
   32  6.40e-05      5.58360e+00       1.05262e-02       3.72591e+00
   33  6.60e-05      5.56403e+00       1.20259e-02       3.71336e+00
   34  6.80e-05      5.54283e+00       1.15704e-02       3.69908e+00
   35  7.00e-05      5.55357e+00       1.01873e-02       3.70578e+00
   36  7.20e-05      5.53755e+00       1.08492e-02       3.69532e+00
   37  7.40e-05      5.55061e+00       1.29726e-02       3.70473e+00
   38  7.60e-05      5.52411e+00       1.24483e-02       3.68689e+00
   39  7.80e-05      5.55251e+00       1.20461e-02       3.70569e+00
   40  8.00e-05      5.53926e+00       1.22258e-02       3.69692e+00
   41  8.20e-05      5.56476e+00       1.26621e-02       3.71406e+00
   42  8.40e-05      5.51728e+00       1.25388e-02       3.68236e+00
   43  8.60e-05      5.51412e+00       1.50472e-02       3.68109e+00
   44  8.80e-05      5.50754e+00       1.43505e-02       3.67648e+00
   45  9.00e-05      5.50463e+00       1.37610e-02       3.67434e+00
   46  9.20e-05      5.45832e+00       1.34664e-02       3.64337e+00
   47  9.40e-05      5.46459e+00       1.72169e-02       3.64880e+00
   48  9.60e-05      5.44972e+00       1.78295e-02       3.63909e+00
   49  9.80e-05      5.42349e+00       1.42059e-02       3.62039e+00
   50  1.00e-04      5.41760e+00       1.45545e-02       3.61659e+00
   51  1.02e-04      5.40990e+00       1.64009e-02       3.61207e+00
   52  1.04e-04      5.39482e+00       1.32481e-02       3.60096e+00
   53  1.06e-04      5.38658e+00       1.69794e-02       3.59671e+00
   54  1.08e-04      5.40439e+00       1.75400e-02       3.60877e+00
   55  1.10e-04      5.39875e+00       1.64608e-02       3.60465e+00
   56  1.12e-04      5.38032e+00       1.71779e-02       3.59261e+00
   57  1.14e-04      5.38647e+00       1.64399e-02       3.59646e+00
   58  1.16e-04      5.38690e+00       1.70954e-02       3.59697e+00
   59  1.18e-04      5.41140e+00       1.72184e-02       3.61334e+00
   60  1.20e-04      5.41164e+00       1.97565e-02       3.61434e+00
   61  1.22e-04      5.42150e+00       1.62990e-02       3.61977e+00
   62  1.24e-04      5.40196e+00       1.66677e-02       3.60686e+00
   63  1.26e-04      5.40194e+00       1.79382e-02       3.60727e+00
   64  1.28e-04      5.37966e+00       1.91580e-02       3.59282e+00
   65  1.30e-04      5.40765e+00       1.80515e-02       3.61112e+00
   66  1.32e-04      5.42472e+00       1.95463e-02       3.62299e+00
   67  1.34e-04      5.43139e+00       1.67287e-02       3.62650e+00
   68  1.36e-04      5.41787e+00       2.04564e-02       3.61873e+00
   69  1.38e-04      5.42859e+00       2.03182e-02       3.62583e+00
   70  1.40e-04      5.42182e+00       1.89022e-02       3.62085e+00
   71  1.42e-04      5.40124e+00       2.10023e-02       3.60783e+00
   72  1.44e-04      5.42264e+00       2.08755e-02       3.62205e+00
   73  1.46e-04      5.38671e+00       1.95429e-02       3.59766e+00
   74  1.48e-04      5.38506e+00       2.46485e-02       3.59825e+00
   75  1.50e-04      5.39862e+00       2.17118e-02       3.60632e+00
   76  1.52e-04      5.38150e+00       2.33972e-02       3.59546e+00
   77  1.54e-04      5.35912e+00       2.54113e-02       3.58122e+00
   78  1.56e-04      5.38633e+00       2.51674e-02       3.59928e+00
   79  1.58e-04      5.37403e+00       2.36733e-02       3.59058e+00
   80  1.60e-04      5.36987e+00       2.65982e-02       3.58878e+00
   81  1.62e-04      5.36703e+00       2.95757e-02       3.58788e+00
   82  1.64e-04      5.38300e+00       2.49636e-02       3.59699e+00
   83  1.66e-04      5.36060e+00       2.80586e-02       3.58309e+00
   84  1.68e-04      5.35784e+00       2.61544e-02       3.58061e+00
   85  1.70e-04      5.35878e+00       2.39436e-02       3.58050e+00
   86  1.72e-04      5.34421e+00       2.69373e-02       3.57179e+00
   87  1.74e-04      5.34608e+00       2.49094e-02       3.57235e+00
   88  1.76e-04      5.35548e+00       2.46887e-02       3.57855e+00
   89  1.78e-04      5.34630e+00       2.71958e-02       3.57326e+00
   90  1.80e-04      5.35761e+00       2.36612e-02       3.57963e+00
   91  1.82e-04      5.36875e+00       2.58465e-02       3.58778e+00
   92  1.84e-04      5.38747e+00       2.77263e-02       3.60089e+00
   93  1.86e-04      5.36467e+00       2.60062e-02       3.58512e+00
   94  1.88e-04      5.35298e+00       2.77622e-02       3.57791e+00
   95  1.90e-04      5.33791e+00       2.69157e-02       3.56758e+00
   96  1.92e-04      5.34840e+00       2.41341e-02       3.57365e+00
   97  1.94e-04      5.34960e+00       2.76559e-02       3.57562e+00
   98  1.96e-04      5.31849e+00       3.46319e-02       3.55721e+00
   99  1.98e-04      5.30650e+00       2.58754e-02       3.54629e+00
  100  2.00e-04      5.31525e+00       2.61327e-02       3.55221e+00
  101  2.02e-04      5.29603e+00       2.73382e-02       3.53980e+00
  102  2.04e-04      5.28894e+00       2.35664e-02       3.53381e+00
  103  2.06e-04      5.27405e+00       2.83632e-02       3.52549e+00
  104  2.08e-04      5.27932e+00       2.99698e-02       3.52953e+00
  105  2.10e-04      5.24785e+00       2.87539e-02       3.50815e+00
  106  2.12e-04      5.23561e+00       3.10520e-02       3.50075e+00
  107  2.14e-04      5.23405e+00       2.92140e-02       3.49910e+00
  108  2.16e-04      5.22833e+00       3.42366e-02       3.49697e+00
  109  2.18e-04      5.21879e+00       3.69200e-02       3.49150e+00
  110  2.20e-04      5.23061e+00       2.97707e-02       3.49700e+00
  111  2.22e-04      5.21553e+00       3.13094e-02       3.48746e+00
  112  2.24e-04      5.21645e+00       2.85655e-02       3.48716e+00
  113  2.26e-04      5.21549e+00       2.83785e-02       3.48645e+00
  114  2.28e-04      5.18669e+00       2.89925e-02       3.46746e+00
  115  2.30e-04      5.19803e+00       3.29623e-02       3.47634e+00
  116  2.32e-04      5.18571e+00       3.60560e-02       3.46916e+00
  117  2.34e-04      5.19307e+00       3.10949e-02       3.47241e+00
  118  2.36e-04      5.16978e+00       3.59709e-02       3.45851e+00
  119  2.38e-04      5.19549e+00       4.49439e-02       3.47864e+00
  120  2.40e-04      5.22115e+00       3.54395e-02       3.49258e+00
  121  2.42e-04      5.23584e+00       3.79785e-02       3.50322e+00
  122  2.44e-04      5.20194e+00       3.43563e-02       3.47941e+00
  123  2.46e-04      5.21638e+00       3.60376e-02       3.48960e+00
  124  2.48e-04      5.22519e+00       3.52968e-02       3.49523e+00
  125  2.50e-04      5.22164e+00       3.60153e-02       3.49310e+00
  126  2.52e-04      5.21755e+00       4.19225e-02       3.49234e+00
  127  2.54e-04      5.21604e+00       4.14466e-02       3.49117e+00
  128  2.56e-04      5.20652e+00       3.79811e-02       3.48367e+00
  129  2.58e-04      5.21063e+00       3.53074e-02       3.48552e+00
  130  2.60e-04      5.20635e+00       3.72403e-02       3.48331e+00
  131  2.62e-04      5.20660e+00       3.73469e-02       3.48351e+00
  132  2.64e-04      5.22252e+00       3.62948e-02       3.49378e+00
  133  2.66e-04      5.23459e+00       3.55574e-02       3.50158e+00
  134  2.68e-04      5.25162e+00       3.49965e-02       3.51274e+00
  135  2.70e-04      5.27885e+00       3.91985e-02       3.53230e+00
  136  2.72e-04      5.27466e+00       3.85920e-02       3.52930e+00
  137  2.74e-04      5.27223e+00       4.21847e-02       3.52888e+00
  138  2.76e-04      5.26045e+00       3.99865e-02       3.52030e+00
  139  2.78e-04      5.25091e+00       3.70254e-02       3.51295e+00
  140  2.80e-04      5.26527e+00       3.83008e-02       3.52295e+00
  141  2.82e-04      5.25322e+00       3.50816e-02       3.51384e+00
  142  2.84e-04      5.23099e+00       4.74701e-02       3.50315e+00
  143  2.86e-04      5.25858e+00       4.15845e-02       3.51958e+00
  144  2.88e-04      5.23899e+00       4.62450e-02       3.50807e+00
  145  2.90e-04      5.24655e+00       4.82495e-02       3.51378e+00
  146  2.92e-04      5.23819e+00       3.84442e-02       3.50494e+00
  147  2.94e-04      5.24225e+00       3.91576e-02       3.50789e+00
  148  2.96e-04      5.23629e+00       5.03522e-02       3.50764e+00
  149  2.98e-04      5.24588e+00       4.10134e-02       3.51093e+00
  150  3.00e-04      5.23620e+00       3.21193e-02       3.50150e+00
  151  3.02e-04      5.21006e+00       3.58140e-02       3.48531e+00
  152  3.04e-04      5.20974e+00       4.78968e-02       3.48913e+00
  153  3.06e-04      5.20836e+00       4.46259e-02       3.48712e+00
  154  3.08e-04      5.20549e+00       4.32091e-02       3.48473e+00
  155  3.10e-04      5.19008e+00       5.21958e-02       3.47745e+00
  156  3.12e-04      5.15980e+00       3.92680e-02       3.45296e+00
  157  3.14e-04      5.16999e+00       4.27486e-02       3.46091e+00
  158  3.16e-04      5.14641e+00       3.94518e-02       3.44409e+00
  159  3.18e-04      5.18111e+00       4.34219e-02       3.46854e+00
  160  3.20e-04      5.16518e+00       5.41262e-02       3.46150e+00
  161  3.22e-04      5.16528e+00       4.51558e-02       3.45858e+00
  162  3.24e-04      5.16151e+00       4.19990e-02       3.45501e+00
  163  3.26e-04      5.14797e+00       5.23587e-02       3.44943e+00
  164  3.28e-04      5.12204e+00       5.71983e-02       3.43376e+00
  165  3.30e-04      5.11116e+00       5.26296e-02       3.42498e+00
  166  3.32e-04      5.10161e+00       4.81001e-02       3.41711e+00
  167  3.34e-04      5.10801e+00       5.27470e-02       3.42292e+00
  168  3.36e-04      5.08809e+00       5.01629e-02       3.40878e+00
  169  3.38e-04      5.10166e+00       4.35432e-02       3.41562e+00
  170  3.40e-04      5.05885e+00       5.40182e-02       3.39057e+00
  171  3.42e-04      5.05952e+00       4.83611e-02       3.38914e+00
  172  3.44e-04      5.09198e+00       5.24228e-02       3.41213e+00
  173  3.46e-04      5.07172e+00       5.13934e-02       3.39828e+00
  174  3.48e-04      5.06965e+00       4.91519e-02       3.39615e+00
  175  3.50e-04      5.06175e+00       5.98176e-02       3.39444e+00
  176  3.52e-04      5.07241e+00       5.33784e-02       3.39940e+00
  177  3.54e-04      5.02894e+00       4.99681e-02       3.36928e+00
  178  3.56e-04      5.07456e+00       5.26984e-02       3.40061e+00
  179  3.58e-04      5.05927e+00       5.14290e-02       3.38999e+00
  180  3.60e-04      5.05874e+00       5.51102e-02       3.39086e+00
  181  3.62e-04      5.04962e+00       5.36579e-02       3.38430e+00
  182  3.64e-04      5.04132e+00       6.24632e-02       3.38170e+00
  183  3.66e-04      5.02208e+00       5.55869e-02       3.36658e+00
  184  3.68e-04      5.05222e+00       6.21581e-02       3.38886e+00
  185  3.70e-04      5.05004e+00       6.62535e-02       3.38878e+00
  186  3.72e-04      5.04507e+00       5.76988e-02       3.38261e+00
  187  3.74e-04      5.04152e+00       5.78125e-02       3.38029e+00
  188  3.76e-04      5.04595e+00       6.11326e-02       3.38434e+00
  189  3.78e-04      5.02217e+00       5.88466e-02       3.36773e+00
  190  3.80e-04      5.00162e+00       6.29445e-02       3.35539e+00
  191  3.82e-04      4.99156e+00       7.17674e-02       3.35163e+00
  192  3.84e-04      4.99749e+00       5.98471e-02       3.35161e+00
  193  3.86e-04      4.98787e+00       6.07413e-02       3.34549e+00
  194  3.88e-04      4.98025e+00       6.58198e-02       3.34211e+00
  195  3.90e-04      4.95479e+00       5.61304e-02       3.32190e+00
  196  3.92e-04      4.94059e+00       5.83492e-02       3.31318e+00
  197  3.94e-04      4.94245e+00       5.58294e-02       3.31358e+00
  198  3.96e-04      4.94539e+00       5.96684e-02       3.31682e+00
  199  3.98e-04      4.93223e+00       5.54513e-02       3.30664e+00
  200  4.00e-04      4.92447e+00       5.88542e-02       3.30260e+00
  201  4.02e-04      4.91974e+00       6.45576e-02       3.30135e+00
  202  4.04e-04      4.91794e+00       5.42845e-02       3.29672e+00
  203  4.06e-04      4.93172e+00       5.96522e-02       3.30770e+00
  204  4.08e-04      4.93910e+00       6.33041e-02       3.31383e+00
  205  4.10e-04      4.93355e+00       6.23753e-02       3.30982e+00
  206  4.12e-04      4.90758e+00       5.80620e-02       3.29107e+00
  207  4.14e-04      4.89559e+00       6.51641e-02       3.28545e+00
  208  4.16e-04      4.90523e+00       6.77597e-02       3.29274e+00
  209  4.18e-04      4.88943e+00       6.40561e-02       3.28097e+00
  210  4.20e-04      4.90391e+00       6.28467e-02       3.29022e+00
  211  4.22e-04      4.91857e+00       6.76955e-02       3.30161e+00
  212  4.24e-04      4.90980e+00       6.23423e-02       3.29398e+00
  213  4.26e-04      4.90975e+00       6.27235e-02       3.29408e+00
  214  4.28e-04      4.91129e+00       6.69480e-02       3.29651e+00
  215  4.30e-04      4.89140e+00       6.58269e-02       3.28288e+00
  216  4.32e-04      4.90873e+00       6.72989e-02       3.29492e+00
  217  4.34e-04      4.88729e+00       6.10110e-02       3.27853e+00
  218  4.36e-04      4.88129e+00       5.67766e-02       3.27312e+00
  219  4.38e-04      4.85371e+00       6.57658e-02       3.25773e+00
  220  4.40e-04      4.85970e+00       5.92209e-02       3.25954e+00
  221  4.42e-04      4.86290e+00       5.59989e-02       3.26060e+00
  222  4.44e-04      4.87087e+00       5.92594e-02       3.26700e+00
  223  4.46e-04      4.83749e+00       5.52106e-02       3.24340e+00
  224  4.48e-04      4.82993e+00       6.33377e-02       3.24106e+00
  225  4.50e-04      4.82566e+00       5.98382e-02       3.23705e+00
  226  4.52e-04      4.81832e+00       6.38292e-02       3.23349e+00
  227  4.54e-04      4.81324e+00       6.81940e-02       3.23156e+00
  228  4.56e-04      4.81411e+00       5.87323e-02       3.22899e+00
  229  4.58e-04      4.81648e+00       5.59805e-02       3.22965e+00
  230  4.60e-04      4.82185e+00       5.55406e-02       3.23308e+00
  231  4.62e-04      4.80675e+00       6.72506e-02       3.22691e+00
  232  4.64e-04      4.81050e+00       5.77496e-02       3.22625e+00
  233  4.66e-04      4.80250e+00       4.90415e-02       3.21802e+00
  234  4.68e-04      4.81356e+00       6.82685e-02       3.23180e+00
  235  4.70e-04      4.81568e+00       5.67788e-02       3.22938e+00
  236  4.72e-04      4.81123e+00       6.59237e-02       3.22946e+00
  237  4.74e-04      4.80181e+00       7.38707e-02       3.22583e+00
  238  4.76e-04      4.81663e+00       6.06402e-02       3.23130e+00
  239  4.78e-04      4.83066e+00       6.58654e-02       3.24240e+00
  240  4.80e-04      4.79603e+00       5.68491e-02       3.21630e+00
  241  4.82e-04      4.79687e+00       6.09211e-02       3.21822e+00
  242  4.84e-04      4.77384e+00       6.11904e-02       3.20296e+00
  243  4.86e-04      4.77023e+00       6.84006e-02       3.20295e+00
  244  4.88e-04      4.75103e+00       6.19034e-02       3.18799e+00
  245  4.90e-04      4.76212e+00       6.85715e-02       3.19760e+00
  246  4.92e-04      4.76585e+00       7.67074e-02       3.20281e+00
  247  4.94e-04      4.77884e+00       6.14140e-02       3.20637e+00
  248  4.96e-04      4.77013e+00       7.05237e-02       3.20360e+00
  249  4.98e-04      4.78133e+00       7.12689e-02       3.21131e+00
  250  5.00e-04      4.75980e+00       4.82659e-02       3.18929e+00
  251  5.02e-04      4.74638e+00       6.43260e-02       3.18569e+00
  252  5.04e-04      4.78249e+00       7.29702e-02       3.21265e+00
  253  5.06e-04      4.76428e+00       5.80760e-02       3.19555e+00
  254  5.08e-04      4.73809e+00       6.83710e-02       3.18152e+00
  255  5.10e-04      4.73989e+00       7.50170e-02       3.18493e+00
  256  5.12e-04      4.72921e+00       6.57988e-02       3.17474e+00
  257  5.14e-04      4.73155e+00       7.96676e-02       3.18092e+00
  258  5.16e-04      4.73682e+00       7.20086e-02       3.18188e+00
  259  5.18e-04      4.70061e+00       6.92020e-02       3.15681e+00
  260  5.20e-04      4.72318e+00       6.76840e-02       3.17135e+00
  261  5.22e-04      4.71013e+00       6.75028e-02       3.16259e+00
  262  5.24e-04      4.72466e+00       6.49788e-02       3.17143e+00
  263  5.26e-04      4.72388e+00       7.07485e-02       3.17284e+00
  264  5.28e-04      4.72768e+00       7.60197e-02       3.17713e+00
  265  5.30e-04      4.71752e+00       6.35940e-02       3.16621e+00
  266  5.32e-04      4.72074e+00       7.57212e-02       3.17240e+00
  267  5.34e-04      4.72104e+00       6.84421e-02       3.17017e+00
  268  5.36e-04      4.71389e+00       6.00385e-02       3.16260e+00
  269  5.38e-04      4.70679e+00       6.96470e-02       3.16107e+00
  270  5.40e-04      4.71180e+00       6.62795e-02       3.16329e+00
  271  5.42e-04      4.70427e+00       6.37765e-02       3.15744e+00
  272  5.44e-04      4.68593e+00       6.56544e-02       3.14584e+00
  273  5.46e-04      4.69770e+00       6.93793e-02       3.15493e+00
  274  5.48e-04      4.67390e+00       7.23965e-02       3.14007e+00
  275  5.50e-04      4.67442e+00       9.30740e-02       3.14731e+00
  276  5.52e-04      4.68632e+00       8.17131e-02       3.15145e+00
  277  5.54e-04      4.68281e+00       6.12831e-02       3.14230e+00
  278  5.56e-04      4.66652e+00       8.24104e-02       3.13848e+00
  279  5.58e-04      4.68711e+00       8.02936e-02       3.15151e+00
  280  5.60e-04      4.70313e+00       6.41311e-02       3.15680e+00
  281  5.62e-04      4.67525e+00       7.34359e-02       3.14131e+00
  282  5.64e-04      4.67205e+00       7.22038e-02       3.13877e+00
  283  5.66e-04      4.68140e+00       6.31514e-02       3.14199e+00
  284  5.68e-04      4.67400e+00       7.42207e-02       3.14074e+00
  285  5.70e-04      4.66822e+00       8.27189e-02       3.13972e+00
  286  5.72e-04      4.68476e+00       6.28840e-02       3.14413e+00
  287  5.74e-04      4.67535e+00       7.20203e-02       3.14090e+00
  288  5.76e-04      4.68755e+00       8.14387e-02       3.15218e+00
  289  5.78e-04      4.66160e+00       6.84362e-02       3.13054e+00
  290  5.80e-04      4.64768e+00       7.55062e-02       3.12362e+00
  291  5.82e-04      4.66451e+00       8.14349e-02       3.13682e+00
  292  5.84e-04      4.65673e+00       7.98765e-02       3.13111e+00
  293  5.86e-04      4.65382e+00       8.70709e-02       3.13157e+00
  294  5.88e-04      4.63529e+00       7.63072e-02       3.11563e+00
  295  5.90e-04      4.64582e+00       7.85929e-02       3.12341e+00
  296  5.92e-04      4.61017e+00       7.59609e-02       3.09877e+00
  297  5.94e-04      4.62851e+00       8.23480e-02       3.11312e+00
  298  5.96e-04      4.62755e+00       8.46706e-02       3.11326e+00
  299  5.98e-04      4.63142e+00       8.06064e-02       3.11449e+00
  300  6.00e-04      4.61391e+00       8.78560e-02       3.10523e+00
  301  6.02e-04      4.63143e+00       7.76050e-02       3.11349e+00
  302  6.04e-04      4.63661e+00       7.74373e-02       3.11689e+00
  303  6.06e-04      4.63772e+00       8.06691e-02       3.11870e+00
  304  6.08e-04      4.60893e+00       7.30933e-02       3.09698e+00
  305  6.10e-04      4.60641e+00       8.60739e-02       3.09963e+00
  306  6.12e-04      4.61282e+00       7.85267e-02       3.10139e+00
  307  6.14e-04      4.63167e+00       8.63022e-02       3.11655e+00
  308  6.16e-04      4.63776e+00       9.94720e-02       3.12499e+00
  309  6.18e-04      4.63587e+00       8.60484e-02       3.11927e+00
  310  6.20e-04      4.60031e+00       7.98128e-02       3.09348e+00
  311  6.22e-04      4.61158e+00       9.43775e-02       3.10584e+00
  312  6.24e-04      4.60928e+00       9.53476e-02       3.10463e+00
  313  6.26e-04      4.62558e+00       7.45164e-02       3.10856e+00
  314  6.28e-04      4.62870e+00       8.56278e-02       3.11435e+00
  315  6.30e-04      4.61280e+00       9.31726e-02       3.10626e+00
  316  6.32e-04      4.62763e+00       7.84055e-02       3.11122e+00
  317  6.34e-04      4.61176e+00       9.57227e-02       3.10642e+00
  318  6.36e-04      4.59042e+00       9.49873e-02       3.09194e+00
  319  6.38e-04      4.60501e+00       7.87239e-02       3.09625e+00
  320  6.40e-04      4.60504e+00       9.99637e-02       3.10334e+00
  321  6.42e-04      4.57665e+00       8.94652e-02       3.08092e+00
  322  6.44e-04      4.57106e+00       8.70731e-02       3.07640e+00
  323  6.46e-04      4.56855e+00       9.94950e-02       3.07887e+00
  324  6.48e-04      4.56081e+00       8.75857e-02       3.06973e+00
  325  6.50e-04      4.56765e+00       9.27152e-02       3.07601e+00
  326  6.52e-04      4.57752e+00       8.68680e-02       3.08063e+00
  327  6.54e-04      4.58816e+00       9.96995e-02       3.09201e+00
  328  6.56e-04      4.58104e+00       9.21325e-02       3.08474e+00
  329  6.58e-04      4.58307e+00       1.09845e-01       3.09200e+00
  330  6.60e-04      4.59207e+00       1.03692e-01       3.09594e+00
  331  6.62e-04      4.58935e+00       8.91413e-02       3.08928e+00
  332  6.64e-04      4.58181e+00       9.85988e-02       3.08741e+00
  333  6.66e-04      4.57710e+00       8.59684e-02       3.08006e+00
  334  6.68e-04      4.58785e+00       7.74184e-02       3.08437e+00
  335  6.70e-04      4.60050e+00       9.71647e-02       3.09939e+00
  336  6.72e-04      4.57812e+00       1.05974e-01       3.08741e+00
  337  6.74e-04      4.57297e+00       1.01232e-01       3.08239e+00
  338  6.76e-04      4.57413e+00       1.09386e-01       3.08588e+00
  339  6.78e-04      4.58274e+00       1.11508e-01       3.09233e+00
  340  6.80e-04      4.58062e+00       1.05289e-01       3.08885e+00
  341  6.82e-04      4.59531e+00       1.19041e-01       3.10322e+00
  342  6.84e-04      4.58707e+00       1.12509e-01       3.09555e+00
  343  6.86e-04      4.58296e+00       9.54923e-02       3.08714e+00
  344  6.88e-04      4.57719e+00       1.10617e-01       3.08834e+00
  345  6.90e-04      4.56857e+00       1.07043e-01       3.08140e+00
  346  6.92e-04      4.56424e+00       9.49074e-02       3.07446e+00
  347  6.94e-04      4.59737e+00       9.63303e-02       3.09702e+00
  348  6.96e-04      4.59704e+00       1.17015e-01       3.10370e+00
  349  6.98e-04      4.59478e+00       1.03649e-01       3.09773e+00
  350  7.00e-04      4.60326e+00       1.12340e-01       3.10629e+00
  351  7.02e-04      4.58407e+00       1.10318e-01       3.09282e+00
  352  7.04e-04      4.55270e+00       1.03149e-01       3.06952e+00
  353  7.06e-04      4.54739e+00       1.15128e-01       3.06997e+00
  354  7.08e-04      4.55827e+00       1.08099e-01       3.07488e+00
  355  7.10e-04      4.57643e+00       1.06499e-01       3.08645e+00
  356  7.12e-04      4.55139e+00       1.10424e-01       3.07107e+00
  357  7.14e-04      4.53064e+00       1.10088e-01       3.05712e+00
  358  7.16e-04      4.54420e+00       1.19328e-01       3.06924e+00
  359  7.18e-04      4.52472e+00       1.25459e-01       3.05830e+00
  360  7.20e-04      4.54498e+00       1.23844e-01       3.07127e+00
  361  7.22e-04      4.54181e+00       1.06749e-01       3.06346e+00
  362  7.24e-04      4.51866e+00       1.10069e-01       3.04913e+00
  363  7.26e-04      4.51589e+00       1.10443e-01       3.04740e+00
  364  7.28e-04      4.53547e+00       1.01286e-01       3.05741e+00
  365  7.30e-04      4.52465e+00       1.15761e-01       3.05502e+00
  366  7.32e-04      4.50811e+00       1.15675e-01       3.04396e+00
  367  7.34e-04      4.51648e+00       1.01957e-01       3.04497e+00
  368  7.36e-04      4.53332e+00       1.23107e-01       3.06325e+00
  369  7.38e-04      4.52809e+00       1.25069e-01       3.06042e+00
  370  7.40e-04      4.50561e+00       1.12232e-01       3.04115e+00
  371  7.42e-04      4.52215e+00       1.12754e-01       3.05235e+00
  372  7.44e-04      4.51758e+00       1.20423e-01       3.05186e+00
  373  7.46e-04      4.52440e+00       1.10353e-01       3.05305e+00
  374  7.48e-04      4.52544e+00       1.22834e-01       3.05791e+00
  375  7.50e-04      4.53259e+00       1.16041e-01       3.06041e+00
  376  7.52e-04      4.52585e+00       1.01126e-01       3.05094e+00
  377  7.54e-04      4.52805e+00       1.21018e-01       3.05904e+00
  378  7.56e-04      4.52349e+00       1.19601e-01       3.05552e+00
  379  7.58e-04      4.52589e+00       9.90498e-02       3.05028e+00
  380  7.60e-04      4.52152e+00       1.03812e-01       3.04895e+00
  381  7.62e-04      4.49952e+00       1.00752e-01       3.03326e+00
  382  7.64e-04      4.49896e+00       1.18741e-01       3.03889e+00
  383  7.66e-04      4.51618e+00       1.17921e-01       3.05009e+00
  384  7.68e-04      4.50539e+00       1.26570e-01       3.04578e+00
  385  7.70e-04      4.50151e+00       1.16612e-01       3.03988e+00
  386  7.72e-04      4.50271e+00       1.27018e-01       3.04415e+00
  387  7.74e-04      4.50363e+00       1.22210e-01       3.04316e+00
  388  7.76e-04      4.51966e+00       1.15752e-01       3.05169e+00
  389  7.78e-04      4.53676e+00       1.31651e-01       3.06839e+00
  390  7.80e-04      4.53708e+00       1.07317e-01       3.06049e+00
  391  7.82e-04      4.54556e+00       1.18232e-01       3.06978e+00
  392  7.84e-04      4.55606e+00       1.28563e-01       3.08023e+00
  393  7.86e-04      4.55337e+00       1.01559e-01       3.06943e+00
  394  7.88e-04      4.54964e+00       9.46387e-02       3.06464e+00
  395  7.90e-04      4.54750e+00       1.15853e-01       3.07028e+00
  396  7.92e-04      4.54812e+00       1.25821e-01       3.07402e+00
  397  7.94e-04      4.55152e+00       1.31409e-01       3.07815e+00
  398  7.96e-04      4.54184e+00       1.13863e-01       3.06585e+00
  399  7.98e-04      4.54694e+00       1.17595e-01       3.07049e+00
  400  8.00e-04      4.54343e+00       1.07672e-01       3.06485e+00
  401  8.02e-04      4.55080e+00       1.37443e-01       3.07968e+00
  402  8.04e-04      4.53391e+00       1.28638e-01       3.06549e+00
  403  8.06e-04      4.55120e+00       1.17046e-01       3.07315e+00
  404  8.08e-04      4.54084e+00       1.33247e-01       3.07164e+00
  405  8.10e-04      4.53277e+00       1.24080e-01       3.06320e+00
  406  8.12e-04      4.53704e+00       1.21411e-01       3.06516e+00
  407  8.14e-04      4.53709e+00       1.24025e-01       3.06607e+00
  408  8.16e-04      4.52338e+00       1.06454e-01       3.05107e+00
  409  8.18e-04      4.53308e+00       1.30507e-01       3.06556e+00
  410  8.20e-04      4.54525e+00       1.33359e-01       3.07462e+00
  411  8.22e-04      4.54113e+00       1.14181e-01       3.06548e+00
  412  8.24e-04      4.53417e+00       1.03985e-01       3.05744e+00
  413  8.26e-04      4.52770e+00       1.25552e-01       3.06032e+00
  414  8.28e-04      4.49634e+00       1.42528e-01       3.04507e+00
  415  8.30e-04      4.50633e+00       1.21045e-01       3.04457e+00
  416  8.32e-04      4.48811e+00       1.46641e-01       3.04095e+00
  417  8.34e-04      4.48388e+00       1.20464e-01       3.02941e+00
  418  8.36e-04      4.51033e+00       1.13336e-01       3.04466e+00
  419  8.38e-04      4.50711e+00       1.34576e-01       3.04960e+00
  420  8.40e-04      4.51483e+00       1.14412e-01       3.04802e+00
  421  8.42e-04      4.51762e+00       1.14735e-01       3.04999e+00
  422  8.44e-04      4.52213e+00       1.34389e-01       3.05955e+00
  423  8.46e-04      4.51222e+00       1.33185e-01       3.05254e+00
  424  8.48e-04      4.52970e+00       9.24043e-02       3.05060e+00
  425  8.50e-04      4.55573e+00       1.19332e-01       3.07693e+00
  426  8.52e-04      4.53801e+00       1.39744e-01       3.07192e+00
  427  8.54e-04      4.53719e+00       1.16541e-01       3.06364e+00
  428  8.56e-04      4.55950e+00       1.53750e-01       3.09092e+00
  429  8.58e-04      4.55624e+00       1.31749e-01       3.08141e+00
  430  8.60e-04      4.54426e+00       1.25145e-01       3.07122e+00
  431  8.62e-04      4.53697e+00       1.35172e-01       3.06971e+00
  432  8.64e-04      4.54890e+00       1.28285e-01       3.07536e+00
  433  8.66e-04      4.54283e+00       1.18784e-01       3.06815e+00
  434  8.68e-04      4.53338e+00       1.36203e-01       3.06766e+00
  435  8.70e-04      4.50107e+00       1.53991e-01       3.05205e+00
  436  8.72e-04      4.49995e+00       1.39455e-01       3.04645e+00
  437  8.74e-04      4.48878e+00       1.38215e-01       3.03859e+00
  438  8.76e-04      4.50273e+00       1.23186e-01       3.04288e+00
  439  8.78e-04      4.48459e+00       1.36138e-01       3.03511e+00
  440  8.80e-04      4.48474e+00       1.58253e-01       3.04258e+00
  441  8.82e-04      4.49355e+00       1.27946e-01       3.03835e+00
  442  8.84e-04      4.50479e+00       1.36795e-01       3.04879e+00
  443  8.86e-04      4.49006e+00       1.45080e-01       3.04173e+00
  444  8.88e-04      4.48943e+00       1.21230e-01       3.03337e+00
  445  8.90e-04      4.47144e+00       1.31696e-01       3.02486e+00
  446  8.92e-04      4.48159e+00       1.51541e-01       3.03824e+00
  447  8.94e-04      4.46319e+00       1.40834e-01       3.02241e+00
  448  8.96e-04      4.48862e+00       1.53049e-01       3.04343e+00
  449  8.98e-04      4.47085e+00       1.60716e-01       3.03414e+00
  450  9.00e-04      4.46234e+00       1.51113e-01       3.02526e+00
  451  9.02e-04      4.49374e+00       1.39548e-01       3.04234e+00
  452  9.04e-04      4.50370e+00       1.72810e-01       3.06007e+00
  453  9.06e-04      4.49603e+00       1.69204e-01       3.05376e+00
  454  9.08e-04      4.49657e+00       1.41477e-01       3.04487e+00
  455  9.10e-04      4.46921e+00       1.37779e-01       3.02540e+00
  456  9.12e-04      4.48023e+00       1.46033e-01       3.03550e+00
  457  9.14e-04      4.46153e+00       1.37794e-01       3.02028e+00
  458  9.16e-04      4.45622e+00       1.53424e-01       3.02196e+00
  459  9.18e-04      4.43345e+00       1.54392e-01       3.00710e+00
  460  9.20e-04      4.43341e+00       1.71501e-01       3.01277e+00
  461  9.22e-04      4.43268e+00       1.86039e-01       3.01713e+00
  462  9.24e-04      4.42107e+00       1.74971e-01       3.00570e+00
  463  9.26e-04      4.43953e+00       1.71144e-01       3.01674e+00
  464  9.28e-04      4.43914e+00       1.79269e-01       3.01918e+00
  465  9.30e-04      4.44497e+00       1.74920e-01       3.02162e+00
  466  9.32e-04      4.43986e+00       1.63228e-01       3.01432e+00
  467  9.34e-04      4.44135e+00       1.62982e-01       3.01523e+00
  468  9.36e-04      4.44087e+00       1.36874e-01       3.00621e+00
  469  9.38e-04      4.44549e+00       1.45778e-01       3.01225e+00
  470  9.40e-04      4.44571e+00       1.64611e-01       3.01868e+00
  471  9.42e-04      4.46943e+00       1.68669e-01       3.03585e+00
  472  9.44e-04      4.44560e+00       1.37812e-01       3.00967e+00
  473  9.46e-04      4.45131e+00       1.99241e-01       3.03395e+00
  474  9.48e-04      4.44277e+00       1.55410e-01       3.01365e+00
  475  9.50e-04      4.45166e+00       1.63409e-01       3.02225e+00
  476  9.52e-04      4.44553e+00       1.76100e-01       3.02239e+00
  477  9.54e-04      4.46738e+00       1.55644e-01       3.03014e+00
  478  9.56e-04      4.44654e+00       1.55078e-01       3.01605e+00
  479  9.58e-04      4.45134e+00       1.97707e-01       3.03346e+00
  480  9.60e-04      4.45744e+00       1.79452e-01       3.03144e+00
  481  9.62e-04      4.45718e+00       1.53872e-01       3.02274e+00
  482  9.64e-04      4.45519e+00       1.77460e-01       3.02928e+00
  483  9.66e-04      4.45490e+00       1.78674e-01       3.02949e+00
  484  9.68e-04      4.43819e+00       1.49483e-01       3.00862e+00
  485  9.70e-04      4.42674e+00       1.63313e-01       3.00560e+00
  486  9.72e-04      4.40910e+00       1.41576e-01       2.98659e+00
  487  9.74e-04      4.42742e+00       1.35764e-01       2.99687e+00
  488  9.76e-04      4.42394e+00       1.72415e-01       3.00676e+00
  489  9.78e-04      4.41462e+00       1.73331e-01       3.00086e+00
  490  9.80e-04      4.40155e+00       1.88469e-01       2.99719e+00
  491  9.82e-04      4.39137e+00       1.97998e-01       2.99358e+00
  492  9.84e-04      4.36121e+00       1.83622e-01       2.96868e+00
  493  9.86e-04      4.38370e+00       1.56850e-01       2.97475e+00
  494  9.88e-04      4.37041e+00       2.02511e-01       2.98111e+00
  495  9.90e-04      4.38772e+00       1.60307e-01       2.97858e+00
  496  9.92e-04      4.37273e+00       1.84809e-01       2.97675e+00
  497  9.94e-04      4.35998e+00       2.06126e-01       2.97536e+00
  498  9.96e-04      4.36311e+00       1.74640e-01       2.96695e+00
  499  9.98e-04      4.39002e+00       1.92525e-01       2.99086e+00
  500  1.00e-03      4.38115e+00       1.96727e-01       2.98634e+00
  501  1.00e-03      4.36044e+00       1.80049e-01       2.96697e+00
  502  1.00e-03      4.35661e+00       1.70870e-01       2.96136e+00
  503  1.01e-03      4.34729e+00       2.01055e-01       2.96521e+00
  504  1.01e-03      4.36167e+00       1.53145e-01       2.95883e+00
  505  1.01e-03      4.36557e+00       1.39345e-01       2.95683e+00
  506  1.01e-03      4.36206e+00       1.80017e-01       2.96805e+00
  507  1.01e-03      4.37094e+00       1.65023e-01       2.96897e+00
  508  1.02e-03      4.37931e+00       1.75236e-01       2.97795e+00
  509  1.02e-03      4.36110e+00       1.81436e-01       2.96788e+00
  510  1.02e-03      4.34459e+00       1.74353e-01       2.95451e+00
  511  1.02e-03      4.35093e+00       1.65294e-01       2.95572e+00
  512  1.02e-03      4.33039e+00       2.03068e-01       2.95462e+00
  513  1.03e-03      4.34458e+00       1.71064e-01       2.95341e+00
  514  1.03e-03      4.35094e+00       1.59060e-01       2.95365e+00
  515  1.03e-03      4.34492e+00       1.75971e-01       2.95527e+00
  516  1.03e-03      4.34286e+00       1.42576e-01       2.94276e+00
  517  1.03e-03      4.32089e+00       1.76503e-01       2.93943e+00
  518  1.04e-03      4.32395e+00       1.68826e-01       2.93891e+00
  519  1.04e-03      4.32646e+00       1.54914e-01       2.93595e+00
  520  1.04e-03      4.33189e+00       1.80678e-01       2.94815e+00
  521  1.04e-03      4.32184e+00       1.77195e-01       2.94029e+00
  522  1.04e-03      4.32029e+00       1.64200e-01       2.93493e+00
  523  1.05e-03      4.30074e+00       1.60783e-01       2.92076e+00
  524  1.05e-03      4.32553e+00       2.01276e-01       2.95078e+00
  525  1.05e-03      4.31213e+00       1.50804e-01       2.92502e+00
  526  1.05e-03      4.31569e+00       1.72605e-01       2.93466e+00
  527  1.05e-03      4.30592e+00       2.04798e-01       2.93888e+00
  528  1.06e-03      4.31374e+00       1.73156e-01       2.93355e+00
  529  1.06e-03      4.32014e+00       1.71560e-01       2.93728e+00
  530  1.06e-03      4.31991e+00       1.71777e-01       2.93720e+00
  531  1.06e-03      4.30186e+00       1.34912e-01       2.91288e+00
  532  1.06e-03      4.31803e+00       1.56013e-01       2.93069e+00
  533  1.07e-03      4.30309e+00       1.65759e-01       2.92398e+00
  534  1.07e-03      4.30925e+00       1.54356e-01       2.92428e+00
  535  1.07e-03      4.27285e+00       1.66517e-01       2.90407e+00
  536  1.07e-03      4.29148e+00       1.61196e-01       2.91472e+00
  537  1.07e-03      4.27551e+00       1.36166e-01       2.89573e+00
  538  1.08e-03      4.28015e+00       1.51839e-01       2.90405e+00
  539  1.08e-03      4.27180e+00       1.88660e-01       2.91076e+00
  540  1.08e-03      4.26257e+00       1.75129e-01       2.90009e+00
  541  1.08e-03      4.23455e+00       1.71545e-01       2.88022e+00
  542  1.08e-03      4.24674e+00       1.87047e-01       2.89351e+00
  543  1.09e-03      4.21810e+00       1.71288e-01       2.86916e+00
  544  1.09e-03      4.22837e+00       1.58480e-01       2.87174e+00
  545  1.09e-03      4.21905e+00       1.99357e-01       2.87915e+00
  546  1.09e-03      4.23038e+00       1.63080e-01       2.87461e+00
  547  1.09e-03      4.20468e+00       1.73712e-01       2.86102e+00
  548  1.10e-03      4.19942e+00       1.65265e-01       2.85470e+00
  549  1.10e-03      4.19419e+00       1.45778e-01       2.84472e+00
  550  1.10e-03      4.20164e+00       1.56999e-01       2.85343e+00
  551  1.10e-03      4.18757e+00       2.04284e-01       2.85980e+00
  552  1.10e-03      4.17721e+00       1.66839e-01       2.84042e+00
  553  1.11e-03      4.20599e+00       1.70525e-01       2.86084e+00
  554  1.11e-03      4.19449e+00       1.77754e-01       2.85558e+00
  555  1.11e-03      4.23323e+00       1.31992e-01       2.86615e+00
  556  1.11e-03      4.21534e+00       1.68074e-01       2.86625e+00
  557  1.11e-03      4.20594e+00       1.82430e-01       2.86477e+00
  558  1.12e-03      4.19838e+00       1.78304e-01       2.85836e+00
  559  1.12e-03      4.20912e+00       1.83483e-01       2.86724e+00
  560  1.12e-03      4.17145e+00       1.90879e-01       2.84459e+00
  561  1.12e-03      4.17065e+00       1.97034e-01       2.84611e+00
  562  1.12e-03      4.17137e+00       1.83560e-01       2.84210e+00
  563  1.13e-03      4.17653e+00       1.90354e-01       2.84780e+00
  564  1.13e-03      4.15512e+00       1.87175e-01       2.83247e+00
  565  1.13e-03      4.14628e+00       1.77599e-01       2.82339e+00
  566  1.13e-03      4.15164e+00       2.05374e-01       2.83622e+00
  567  1.13e-03      4.16324e+00       1.46057e-01       2.82418e+00
  568  1.14e-03      4.14691e+00       2.09812e-01       2.83455e+00
  569  1.14e-03      4.14785e+00       1.96289e-01       2.83066e+00
  570  1.14e-03      4.15804e+00       1.69165e-01       2.82841e+00
  571  1.14e-03      4.16671e+00       2.11118e-01       2.84818e+00
  572  1.14e-03      4.18059e+00       2.12393e-01       2.85786e+00
  573  1.15e-03      4.17140e+00       2.05793e-01       2.84953e+00
  574  1.15e-03      4.15354e+00       1.86206e-01       2.83110e+00
  575  1.15e-03      4.15364e+00       2.06857e-01       2.83804e+00
  576  1.15e-03      4.13894e+00       1.90907e-01       2.82293e+00
  577  1.15e-03      4.14408e+00       2.09834e-01       2.83266e+00
  578  1.16e-03      4.11643e+00       2.14779e-01       2.81588e+00
  579  1.16e-03      4.10277e+00       1.87948e-01       2.79783e+00
  580  1.16e-03      4.09947e+00       1.99843e-01       2.79959e+00
  581  1.16e-03      4.11455e+00       2.06219e-01       2.81177e+00
  582  1.16e-03      4.09535e+00       1.61318e-01       2.78401e+00
  583  1.17e-03      4.10366e+00       2.02548e-01       2.80329e+00
  584  1.17e-03      4.09314e+00       1.97900e-01       2.79473e+00
  585  1.17e-03      4.10533e+00       1.94129e-01       2.80159e+00
  586  1.17e-03      4.10004e+00       2.26659e-01       2.80891e+00
  587  1.17e-03      4.08939e+00       2.12043e-01       2.79694e+00
  588  1.18e-03      4.09009e+00       2.15909e-01       2.79870e+00
  589  1.18e-03      4.10082e+00       2.41220e-01       2.81429e+00
  590  1.18e-03      4.10770e+00       2.49092e-01       2.82150e+00
  591  1.18e-03      4.11703e+00       2.27437e-01       2.82050e+00
  592  1.18e-03      4.10540e+00       2.26359e-01       2.81238e+00
  593  1.19e-03      4.12184e+00       2.09123e-01       2.81760e+00
  594  1.19e-03      4.11064e+00       2.06442e-01       2.80924e+00
  595  1.19e-03      4.11843e+00       2.32961e-01       2.82327e+00
  596  1.19e-03      4.11864e+00       2.26660e-01       2.82132e+00
  597  1.19e-03      4.11761e+00       2.10102e-01       2.81511e+00
  598  1.20e-03      4.13137e+00       2.03304e-01       2.82201e+00
  599  1.20e-03      4.14201e+00       1.95250e-01       2.82642e+00
  600  1.20e-03      4.11733e+00       2.01623e-01       2.81209e+00
  601  1.20e-03      4.10551e+00       2.01407e-01       2.80414e+00
  602  1.20e-03      4.10387e+00       2.20752e-01       2.80950e+00
  603  1.21e-03      4.10480e+00       2.10545e-01       2.80672e+00
  604  1.21e-03      4.10779e+00       2.28333e-01       2.81464e+00
  605  1.21e-03      4.11785e+00       2.25419e-01       2.82037e+00
  606  1.21e-03      4.09340e+00       2.10989e-01       2.79927e+00
  607  1.21e-03      4.08528e+00       2.29608e-01       2.80005e+00
  608  1.22e-03      4.08379e+00       1.97706e-01       2.78843e+00
  609  1.22e-03      4.08012e+00       2.21488e-01       2.79391e+00
  610  1.22e-03      4.07909e+00       1.99931e-01       2.78604e+00
  611  1.22e-03      4.04980e+00       1.98902e-01       2.76617e+00
  612  1.22e-03      4.05937e+00       2.11646e-01       2.77679e+00
  613  1.23e-03      4.04801e+00       1.91894e-01       2.76264e+00
  614  1.23e-03      4.04169e+00       1.90648e-01       2.75801e+00
  615  1.23e-03      4.03844e+00       2.13374e-01       2.76342e+00
  616  1.23e-03      4.04691e+00       1.96460e-01       2.76343e+00
  617  1.23e-03      4.04148e+00       2.14868e-01       2.76594e+00
  618  1.24e-03      4.00360e+00       1.85817e-01       2.73101e+00
  619  1.24e-03      3.99474e+00       2.03324e-01       2.73094e+00
  620  1.24e-03      4.01103e+00       2.01512e-01       2.74119e+00
  621  1.24e-03      3.99298e+00       2.15745e-01       2.73390e+00
  622  1.24e-03      4.00356e+00       1.80708e-01       2.72927e+00
  623  1.25e-03      4.00029e+00       2.08167e-01       2.73625e+00
  624  1.25e-03      4.00638e+00       1.90565e-01       2.73444e+00
  625  1.25e-03      4.01425e+00       2.01757e-01       2.74342e+00
  626  1.25e-03      4.02537e+00       1.93491e-01       2.74808e+00
  627  1.25e-03      4.01419e+00       1.96234e-01       2.74154e+00
  628  1.26e-03      4.03446e+00       2.17558e-01       2.76216e+00
  629  1.26e-03      4.01689e+00       1.62621e-01       2.73213e+00
  630  1.26e-03      4.02985e+00       1.79007e-01       2.74623e+00
  631  1.26e-03      4.01796e+00       1.59310e-01       2.73174e+00
  632  1.26e-03      4.00008e+00       1.88513e-01       2.72956e+00
  633  1.27e-03      4.00483e+00       1.97357e-01       2.73567e+00
  634  1.27e-03      4.01923e+00       2.13755e-01       2.75074e+00
  635  1.27e-03      4.02265e+00       1.99274e-01       2.74819e+00
  636  1.27e-03      4.01457e+00       2.10106e-01       2.74641e+00
  637  1.27e-03      4.02413e+00       1.97554e-01       2.74860e+00
  638  1.28e-03      4.01725e+00       2.15660e-01       2.75005e+00
  639  1.28e-03      3.99801e+00       1.99612e-01       2.73188e+00
  640  1.28e-03      3.99585e+00       2.33903e-01       2.74187e+00
  641  1.28e-03      4.00165e+00       2.13503e-01       2.73893e+00
  642  1.28e-03      3.98362e+00       1.72655e-01       2.71330e+00
  643  1.29e-03      3.97706e+00       1.84793e-01       2.71297e+00
  644  1.29e-03      3.98190e+00       1.67690e-01       2.71050e+00
  645  1.29e-03      3.96648e+00       1.76789e-01       2.70325e+00
  646  1.29e-03      3.96320e+00       1.85454e-01       2.70395e+00
  647  1.29e-03      3.98371e+00       1.69996e-01       2.71247e+00
  648  1.30e-03      3.97329e+00       1.73325e-01       2.70663e+00
  649  1.30e-03      3.96777e+00       2.08433e-01       2.71466e+00
  650  1.30e-03      3.97375e+00       1.85640e-01       2.71105e+00
  651  1.30e-03      3.96986e+00       1.98038e-01       2.71259e+00
  652  1.30e-03      3.96806e+00       1.90442e-01       2.70885e+00
  653  1.31e-03      3.94790e+00       2.12979e-01       2.70292e+00
  654  1.31e-03      3.95918e+00       2.14779e-01       2.71105e+00
  655  1.31e-03      3.94770e+00       2.41415e-01       2.71227e+00
  656  1.31e-03      3.96284e+00       2.15677e-01       2.71379e+00
  657  1.31e-03      3.96658e+00       2.33398e-01       2.72219e+00
  658  1.32e-03      3.96556e+00       2.39974e-01       2.72370e+00
  659  1.32e-03      3.96861e+00       2.03367e-01       2.71353e+00
  660  1.32e-03      3.96309e+00       1.84240e-01       2.70347e+00
  661  1.32e-03      3.96774e+00       1.80784e-01       2.70542e+00
  662  1.32e-03      3.96597e+00       2.15909e-01       2.71595e+00
  663  1.33e-03      3.97661e+00       1.72785e-01       2.70867e+00
  664  1.33e-03      3.96519e+00       2.09753e-01       2.71337e+00
  665  1.33e-03      3.98212e+00       2.02215e-01       2.72215e+00
  666  1.33e-03      3.96348e+00       2.28329e-01       2.71843e+00
  667  1.33e-03      3.97878e+00       2.12029e-01       2.72319e+00
  668  1.34e-03      3.95982e+00       1.88914e-01       2.70285e+00
  669  1.34e-03      3.95174e+00       2.23192e-01       2.70889e+00
  670  1.34e-03      3.95897e+00       2.33124e-01       2.71702e+00
  671  1.34e-03      3.99313e+00       2.29920e-01       2.73873e+00
  672  1.34e-03      3.96274e+00       1.98116e-01       2.70786e+00
  673  1.35e-03      4.00050e+00       2.21579e-01       2.74086e+00
  674  1.35e-03      3.99340e+00       2.46330e-01       2.74438e+00
  675  1.35e-03      4.00694e+00       2.05636e-01       2.73984e+00
  676  1.35e-03      4.00078e+00       2.18743e-01       2.74010e+00
  677  1.35e-03      3.99479e+00       2.52704e-01       2.74743e+00
  678  1.36e-03      3.97804e+00       2.32467e-01       2.72951e+00
  679  1.36e-03      3.97660e+00       2.41373e-01       2.73153e+00
  680  1.36e-03      3.98402e+00       1.99573e-01       2.72254e+00
  681  1.36e-03      3.96276e+00       2.22296e-01       2.71594e+00
  682  1.36e-03      3.95020e+00       2.45910e-01       2.71543e+00
  683  1.37e-03      3.96487e+00       2.62585e-01       2.73077e+00
  684  1.37e-03      3.95389e+00       2.59553e-01       2.72244e+00
  685  1.37e-03      3.94398e+00       2.46426e-01       2.71146e+00
  686  1.37e-03      3.94151e+00       2.55840e-01       2.71295e+00
  687  1.37e-03      3.92714e+00       2.48560e-01       2.70095e+00
  688  1.38e-03      3.92355e+00       2.44491e-01       2.69719e+00
  689  1.38e-03      3.93610e+00       2.69004e-01       2.71373e+00
  690  1.38e-03      3.92824e+00       2.70348e-01       2.70894e+00
  691  1.38e-03      3.93100e+00       2.69676e-01       2.71056e+00
  692  1.38e-03      3.91731e+00       2.30435e-01       2.68835e+00
  693  1.39e-03      3.92289e+00       2.37208e-01       2.69433e+00
  694  1.39e-03      3.90160e+00       2.43339e-01       2.68218e+00
  695  1.39e-03      3.88673e+00       2.57658e-01       2.67704e+00
  696  1.39e-03      3.89302e+00       2.63865e-01       2.68330e+00
  697  1.39e-03      3.89083e+00       2.24011e-01       2.66856e+00
  698  1.40e-03      3.88650e+00       2.55763e-01       2.67626e+00
  699  1.40e-03      3.89517e+00       2.13265e-01       2.66787e+00
  700  1.40e-03      3.89895e+00       2.51028e-01       2.68297e+00
  701  1.40e-03      3.90421e+00       2.64650e-01       2.69102e+00
  702  1.40e-03      3.89153e+00       2.46951e-01       2.67667e+00
  703  1.41e-03      3.87301e+00       2.60321e-01       2.66878e+00
  704  1.41e-03      3.87011e+00       2.75899e-01       2.67204e+00
  705  1.41e-03      3.87777e+00       2.26330e-01       2.66062e+00
  706  1.41e-03      3.88634e+00       2.35816e-01       2.66950e+00
  707  1.41e-03      3.88111e+00       2.46222e-01       2.66948e+00
  708  1.42e-03      3.87730e+00       2.55352e-01       2.66999e+00
  709  1.42e-03      3.86676e+00       2.14707e-01       2.64941e+00
  710  1.42e-03      3.85668e+00       2.39291e-01       2.65088e+00
  711  1.42e-03      3.85377e+00       2.40618e-01       2.64938e+00
  712  1.42e-03      3.84508e+00       1.93179e-01       2.62778e+00
  713  1.43e-03      3.84328e+00       2.49988e-01       2.64551e+00
  714  1.43e-03      3.85093e+00       2.25017e-01       2.64229e+00
  715  1.43e-03      3.80769e+00       2.21000e-01       2.61213e+00
  716  1.43e-03      3.80386e+00       2.54699e-01       2.62081e+00
  717  1.43e-03      3.80474e+00       2.34484e-01       2.61465e+00
  718  1.44e-03      3.79027e+00       2.26733e-01       2.60242e+00
  719  1.44e-03      3.79549e+00       2.29886e-01       2.60695e+00
  720  1.44e-03      3.76422e+00       2.45563e-01       2.59133e+00
  721  1.44e-03      3.76993e+00       2.43780e-01       2.59454e+00
  722  1.44e-03      3.79759e+00       2.23603e-01       2.60626e+00
  723  1.45e-03      3.78231e+00       2.37249e-01       2.60062e+00
  724  1.45e-03      3.78329e+00       1.87778e-01       2.58479e+00
  725  1.45e-03      3.78294e+00       2.41536e-01       2.60247e+00
  726  1.45e-03      3.79617e+00       2.36964e-01       2.60977e+00
  727  1.45e-03      3.77355e+00       2.41199e-01       2.59610e+00
  728  1.46e-03      3.78714e+00       2.52525e-01       2.60893e+00
  729  1.46e-03      3.77571e+00       2.39662e-01       2.59702e+00
  730  1.46e-03      3.79729e+00       2.01938e-01       2.59884e+00
  731  1.46e-03      3.78952e+00       1.96600e-01       2.59188e+00
  732  1.46e-03      3.79809e+00       2.39418e-01       2.61186e+00
  733  1.47e-03      3.76165e+00       2.13777e-01       2.57902e+00
  734  1.47e-03      3.77705e+00       2.52184e-01       2.60209e+00
  735  1.47e-03      3.78441e+00       2.38834e-01       2.60255e+00
  736  1.47e-03      3.78478e+00       2.09027e-01       2.59286e+00
  737  1.47e-03      3.78926e+00       1.68907e-01       2.58248e+00
  738  1.48e-03      3.78380e+00       2.24456e-01       2.59735e+00
  739  1.48e-03      3.76560e+00       1.92012e-01       2.57440e+00
  740  1.48e-03      3.78643e+00       1.93534e-01       2.58879e+00
  741  1.48e-03      3.76694e+00       2.05974e-01       2.57995e+00
  742  1.48e-03      3.76829e+00       2.19599e-01       2.58539e+00
  743  1.49e-03      3.75679e+00       2.02822e-01       2.57213e+00
  744  1.49e-03      3.77725e+00       2.16488e-01       2.59033e+00
  745  1.49e-03      3.74762e+00       2.09901e-01       2.56838e+00
  746  1.49e-03      3.73350e+00       1.95404e-01       2.55413e+00
  747  1.49e-03      3.71869e+00       2.54548e-01       2.56397e+00
  748  1.50e-03      3.72602e+00       2.40410e-01       2.56415e+00
  749  1.50e-03      3.73601e+00       2.33026e-01       2.56835e+00
  750  1.50e-03      3.74214e+00       2.15280e-01       2.56652e+00
  751  1.50e-03      3.73430e+00       2.37464e-01       2.56869e+00
  752  1.50e-03      3.71805e+00       1.96003e-01       2.54404e+00
  753  1.51e-03      3.73639e+00       2.02371e-01       2.55838e+00
  754  1.51e-03      3.71399e+00       2.30443e-01       2.55281e+00
  755  1.51e-03      3.70304e+00       2.35297e-01       2.54712e+00
  756  1.51e-03      3.70002e+00       2.25411e-01       2.54182e+00
  757  1.51e-03      3.71203e+00       2.37846e-01       2.55397e+00
  758  1.52e-03      3.71203e+00       2.14205e-01       2.54609e+00
  759  1.52e-03      3.72816e+00       2.27819e-01       2.56138e+00
  760  1.52e-03      3.72927e+00       2.45418e-01       2.56799e+00
  761  1.52e-03      3.72626e+00       2.26367e-01       2.55963e+00
  762  1.52e-03      3.72288e+00       2.24949e-01       2.55690e+00
  763  1.53e-03      3.75340e+00       2.62701e-01       2.58984e+00
  764  1.53e-03      3.73614e+00       2.36593e-01       2.56963e+00
  765  1.53e-03      3.72519e+00       2.55345e-01       2.56858e+00
  766  1.53e-03      3.71967e+00       2.91544e-01       2.57696e+00
  767  1.53e-03      3.72564e+00       2.65949e-01       2.57241e+00
  768  1.54e-03      3.71354e+00       2.39619e-01       2.55557e+00
  769  1.54e-03      3.70314e+00       2.56693e-01       2.55433e+00
  770  1.54e-03      3.70992e+00       2.60326e-01       2.56006e+00
  771  1.54e-03      3.69430e+00       2.53564e-01       2.54739e+00
  772  1.54e-03      3.70005e+00       2.76212e-01       2.55877e+00
  773  1.55e-03      3.68995e+00       2.40945e-01       2.54028e+00
  774  1.55e-03      3.68920e+00       2.52513e-01       2.54364e+00
  775  1.55e-03      3.69732e+00       2.05584e-01       2.53340e+00
  776  1.55e-03      3.71634e+00       2.29389e-01       2.55402e+00
  777  1.55e-03      3.71734e+00       2.56868e-01       2.56385e+00
  778  1.56e-03      3.69811e+00       2.82860e-01       2.55970e+00
  779  1.56e-03      3.72155e+00       2.74988e-01       2.57270e+00
  780  1.56e-03      3.71697e+00       2.45907e-01       2.55995e+00
  781  1.56e-03      3.71046e+00       2.32231e-01       2.55105e+00
  782  1.56e-03      3.69687e+00       2.29330e-01       2.54102e+00
  783  1.57e-03      3.70074e+00       2.51456e-01       2.55098e+00
  784  1.57e-03      3.67936e+00       2.44231e-01       2.53432e+00
  785  1.57e-03      3.70140e+00       2.75363e-01       2.55939e+00
  786  1.57e-03      3.67858e+00       2.66850e-01       2.54134e+00
  787  1.57e-03      3.67938e+00       2.41979e-01       2.53358e+00
  788  1.58e-03      3.66337e+00       2.18132e-01       2.51495e+00
  789  1.58e-03      3.66346e+00       2.30317e-01       2.51908e+00
  790  1.58e-03      3.65160e+00       2.40931e-01       2.51471e+00
  791  1.58e-03      3.66250e+00       2.32599e-01       2.51920e+00
  792  1.58e-03      3.65060e+00       2.42509e-01       2.51457e+00
  793  1.59e-03      3.65947e+00       2.24789e-01       2.51457e+00
  794  1.59e-03      3.63531e+00       2.40405e-01       2.50367e+00
  795  1.59e-03      3.64551e+00       2.49599e-01       2.51354e+00
  796  1.59e-03      3.63800e+00       2.37498e-01       2.50450e+00
  797  1.59e-03      3.65626e+00       2.33632e-01       2.51538e+00
  798  1.60e-03      3.66025e+00       2.62584e-01       2.52769e+00
  799  1.60e-03      3.64950e+00       2.80389e-01       2.52646e+00
  800  1.60e-03      3.64028e+00       1.86173e-01       2.48891e+00
  801  1.60e-03      3.66249e+00       2.23377e-01       2.51612e+00
  802  1.60e-03      3.65169e+00       2.23900e-01       2.50909e+00
  803  1.61e-03      3.63211e+00       2.10412e-01       2.49154e+00
  804  1.61e-03      3.63968e+00       2.31791e-01       2.50372e+00
  805  1.61e-03      3.64224e+00       2.16491e-01       2.50032e+00
  806  1.61e-03      3.65525e+00       2.46612e-01       2.51904e+00
  807  1.61e-03      3.64120e+00       2.17005e-01       2.49980e+00
  808  1.62e-03      3.66667e+00       2.17144e-01       2.51683e+00
  809  1.62e-03      3.65500e+00       2.22080e-01       2.51069e+00
  810  1.62e-03      3.66393e+00       2.67813e-01       2.53189e+00
  811  1.62e-03      3.65986e+00       2.42931e-01       2.52088e+00
  812  1.62e-03      3.64818e+00       2.28183e-01       2.50818e+00
  813  1.63e-03      3.63390e+00       2.30078e-01       2.49929e+00
  814  1.63e-03      3.64613e+00       2.60269e-01       2.51751e+00
  815  1.63e-03      3.63476e+00       2.18052e-01       2.49586e+00
  816  1.63e-03      3.62417e+00       2.59771e-01       2.50270e+00
  817  1.63e-03      3.62635e+00       2.26316e-01       2.49301e+00
  818  1.64e-03      3.61556e+00       2.02741e-01       2.47796e+00
  819  1.64e-03      3.61576e+00       2.19181e-01       2.48357e+00
  820  1.64e-03      3.61261e+00       1.96723e-01       2.47398e+00
  821  1.64e-03      3.60611e+00       2.23695e-01       2.47864e+00
  822  1.64e-03      3.62346e+00       2.19654e-01       2.48886e+00
  823  1.65e-03      3.61225e+00       2.63917e-01       2.49614e+00
  824  1.65e-03      3.63000e+00       2.07705e-01       2.48924e+00
  825  1.65e-03      3.62394e+00       2.32634e-01       2.49350e+00
  826  1.65e-03      3.63312e+00       2.24839e-01       2.49702e+00
  827  1.65e-03      3.61877e+00       2.22547e-01       2.48670e+00
  828  1.66e-03      3.64864e+00       2.24576e-01       2.50729e+00
  829  1.66e-03      3.63940e+00       2.43768e-01       2.50752e+00
  830  1.66e-03      3.65341e+00       2.03228e-01       2.50335e+00
  831  1.66e-03      3.63721e+00       2.16343e-01       2.49692e+00
  832  1.66e-03      3.67879e+00       2.45065e-01       2.53421e+00
  833  1.67e-03      3.66676e+00       2.49208e-01       2.52757e+00
  834  1.67e-03      3.67860e+00       2.20415e-01       2.52587e+00
  835  1.67e-03      3.63936e+00       2.51976e-01       2.51023e+00
  836  1.67e-03      3.64730e+00       2.46431e-01       2.51368e+00
  837  1.67e-03      3.64879e+00       2.31560e-01       2.50972e+00
  838  1.68e-03      3.64699e+00       2.01770e-01       2.49859e+00
  839  1.68e-03      3.65527e+00       1.96670e-01       2.50240e+00
  840  1.68e-03      3.65668e+00       2.45902e-01       2.51975e+00
  841  1.68e-03      3.64570e+00       1.96840e-01       2.49608e+00
  842  1.68e-03      3.65924e+00       2.19273e-01       2.51258e+00
  843  1.69e-03      3.66503e+00       2.22970e-01       2.51768e+00
  844  1.69e-03      3.63617e+00       2.64460e-01       2.51227e+00
  845  1.69e-03      3.64716e+00       2.14110e-01       2.50281e+00
  846  1.69e-03      3.63220e+00       2.17592e-01       2.49400e+00
  847  1.69e-03      3.62916e+00       2.34728e-01       2.49769e+00
  848  1.70e-03      3.63874e+00       2.56586e-01       2.51135e+00
  849  1.70e-03      3.63203e+00       2.56388e-01       2.50681e+00
  850  1.70e-03      3.62954e+00       2.67059e-01       2.50871e+00
  851  1.70e-03      3.64083e+00       2.46692e-01       2.50945e+00
  852  1.70e-03      3.62706e+00       2.39596e-01       2.49791e+00
  853  1.71e-03      3.62070e+00       2.58037e-01       2.49981e+00
  854  1.71e-03      3.60329e+00       2.70786e-01       2.49246e+00
  855  1.71e-03      3.59350e+00       2.97210e-01       2.49474e+00
  856  1.71e-03      3.59630e+00       2.92113e-01       2.49491e+00
  857  1.71e-03      3.60166e+00       3.00434e-01       2.50125e+00
  858  1.72e-03      3.60202e+00       2.15199e-01       2.47308e+00
  859  1.72e-03      3.59908e+00       2.60757e-01       2.48631e+00
  860  1.72e-03      3.60249e+00       2.64287e-01       2.48976e+00
  861  1.72e-03      3.60809e+00       2.32317e-01       2.48283e+00
  862  1.72e-03      3.59658e+00       2.95291e-01       2.49615e+00
  863  1.73e-03      3.59647e+00       2.86864e-01       2.49327e+00
  864  1.73e-03      3.58278e+00       2.55134e-01       2.47357e+00
  865  1.73e-03      3.58890e+00       2.49396e-01       2.47573e+00
  866  1.73e-03      3.58974e+00       2.83927e-01       2.48780e+00
  867  1.73e-03      3.59899e+00       2.90594e-01       2.49619e+00
  868  1.74e-03      3.56268e+00       2.60457e-01       2.46194e+00
  869  1.74e-03      3.58796e+00       2.79969e-01       2.48530e+00
  870  1.74e-03      3.57722e+00       2.85040e-01       2.47983e+00
  871  1.74e-03      3.58540e+00       3.03206e-01       2.49134e+00
  872  1.74e-03      3.56866e+00       2.74761e-01       2.47070e+00
  873  1.75e-03      3.57491e+00       2.72404e-01       2.47408e+00
  874  1.75e-03      3.55257e+00       3.12508e-01       2.47255e+00
  875  1.75e-03      3.56928e+00       3.25817e-01       2.48813e+00
  876  1.75e-03      3.56148e+00       2.73812e-01       2.46559e+00
  877  1.75e-03      3.55880e+00       3.06132e-01       2.47458e+00
  878  1.76e-03      3.56269e+00       3.33465e-01       2.48628e+00
  879  1.76e-03      3.56248e+00       2.92809e-01       2.47259e+00
  880  1.76e-03      3.55059e+00       2.98692e-01       2.46662e+00
  881  1.76e-03      3.54914e+00       2.97830e-01       2.46537e+00
  882  1.76e-03      3.51763e+00       3.23416e-01       2.45289e+00
  883  1.77e-03      3.54862e+00       2.74229e-01       2.45716e+00
  884  1.77e-03      3.54574e+00       2.82013e-01       2.45783e+00
  885  1.77e-03      3.51401e+00       2.94910e-01       2.44098e+00
  886  1.77e-03      3.49667e+00       2.82798e-01       2.42538e+00
  887  1.77e-03      3.51207e+00       2.93274e-01       2.43914e+00
  888  1.78e-03      3.51322e+00       2.73425e-01       2.43329e+00
  889  1.78e-03      3.49381e+00       2.22344e-01       2.40332e+00
  890  1.78e-03      3.49107e+00       2.81348e-01       2.42116e+00
  891  1.78e-03      3.49564e+00       2.88801e-01       2.42669e+00
  892  1.78e-03      3.49405e+00       2.83277e-01       2.42379e+00
  893  1.79e-03      3.50075e+00       3.01968e-01       2.43449e+00
  894  1.79e-03      3.50085e+00       3.18329e-01       2.44001e+00
  895  1.79e-03      3.51105e+00       2.90267e-01       2.43746e+00
  896  1.79e-03      3.50255e+00       2.32005e-01       2.41237e+00
  897  1.79e-03      3.51000e+00       3.13844e-01       2.44461e+00
  898  1.80e-03      3.52800e+00       2.85132e-01       2.44705e+00
  899  1.80e-03      3.51544e+00       3.07498e-01       2.44613e+00
  900  1.80e-03      3.53275e+00       3.52388e-01       2.47263e+00
  901  1.80e-03      3.52711e+00       3.26567e-01       2.46026e+00
  902  1.80e-03      3.52559e+00       2.64375e-01       2.43852e+00
  903  1.81e-03      3.50774e+00       3.03178e-01       2.43955e+00
  904  1.81e-03      3.50872e+00       2.90917e-01       2.43612e+00
  905  1.81e-03      3.49567e+00       2.79572e-01       2.42364e+00
  906  1.81e-03      3.48187e+00       2.44593e-01       2.40278e+00
  907  1.81e-03      3.48235e+00       3.02399e-01       2.42237e+00
  908  1.82e-03      3.50311e+00       2.97092e-01       2.43444e+00
  909  1.82e-03      3.47433e+00       2.58468e-01       2.40237e+00
  910  1.82e-03      3.48691e+00       2.63598e-01       2.41247e+00
  911  1.82e-03      3.47088e+00       2.26966e-01       2.38958e+00
  912  1.82e-03      3.48281e+00       3.31780e-01       2.43247e+00
  913  1.83e-03      3.47631e+00       2.90616e-01       2.41441e+00
  914  1.83e-03      3.49299e+00       2.71379e-01       2.41912e+00
  915  1.83e-03      3.48149e+00       3.08012e-01       2.42366e+00
  916  1.83e-03      3.49798e+00       3.14211e-01       2.43672e+00
  917  1.83e-03      3.45915e+00       2.40985e-01       2.38643e+00
  918  1.84e-03      3.46130e+00       3.09635e-01       2.41075e+00
  919  1.84e-03      3.46856e+00       3.02187e-01       2.41310e+00
  920  1.84e-03      3.47008e+00       2.84730e-01       2.40830e+00
  921  1.84e-03      3.45902e+00       2.98448e-01       2.40550e+00
  922  1.84e-03      3.46270e+00       3.10472e-01       2.41195e+00
  923  1.85e-03      3.46117e+00       2.65910e-01       2.39608e+00
  924  1.85e-03      3.47414e+00       2.56325e-01       2.40154e+00
  925  1.85e-03      3.44051e+00       3.17444e-01       2.39949e+00
  926  1.85e-03      3.44452e+00       2.50374e-01       2.37980e+00
  927  1.85e-03      3.44778e+00       2.65132e-01       2.38689e+00
  928  1.86e-03      3.44676e+00       3.21130e-01       2.40489e+00
  929  1.86e-03      3.42753e+00       2.44381e-01       2.36648e+00
  930  1.86e-03      3.43863e+00       2.37709e-01       2.37166e+00
  931  1.86e-03      3.42229e+00       3.14969e-01       2.38652e+00
  932  1.86e-03      3.44900e+00       2.69565e-01       2.38919e+00
  933  1.87e-03      3.44199e+00       2.98823e-01       2.39427e+00
  934  1.87e-03      3.44089e+00       2.92639e-01       2.39147e+00
  935  1.87e-03      3.44032e+00       3.08540e-01       2.39639e+00
  936  1.87e-03      3.43888e+00       2.43722e-01       2.37383e+00
  937  1.87e-03      3.43591e+00       2.83790e-01       2.38520e+00
  938  1.88e-03      3.45373e+00       3.24900e-01       2.41079e+00
  939  1.88e-03      3.45355e+00       2.73955e-01       2.39368e+00
  940  1.88e-03      3.43217e+00       3.03914e-01       2.38942e+00
  941  1.88e-03      3.43301e+00       3.15995e-01       2.39401e+00
  942  1.88e-03      3.43462e+00       2.73804e-01       2.38102e+00
  943  1.89e-03      3.43932e+00       3.33539e-01       2.40406e+00
  944  1.89e-03      3.45551e+00       3.24394e-01       2.41181e+00
  945  1.89e-03      3.43099e+00       3.19882e-01       2.39395e+00
  946  1.89e-03      3.43839e+00       3.18871e-01       2.39855e+00
  947  1.89e-03      3.44676e+00       2.74998e-01       2.38950e+00
  948  1.90e-03      3.42071e+00       3.01923e-01       2.38111e+00
  949  1.90e-03      3.42960e+00       2.92400e-01       2.38387e+00
  950  1.90e-03      3.43442e+00       3.34463e-01       2.40110e+00
  951  1.90e-03      3.41510e+00       3.09302e-01       2.37983e+00
  952  1.90e-03      3.41972e+00       3.01511e-01       2.38032e+00
  953  1.91e-03      3.42928e+00       2.89225e-01       2.38260e+00
  954  1.91e-03      3.40303e+00       2.68061e-01       2.35804e+00
  955  1.91e-03      3.39754e+00       2.90360e-01       2.36181e+00
  956  1.91e-03      3.38696e+00       2.71951e-01       2.34862e+00
  957  1.91e-03      3.39473e+00       2.64540e-01       2.35133e+00
  958  1.92e-03      3.37111e+00       3.07371e-01       2.34986e+00
  959  1.92e-03      3.39402e+00       3.00249e-01       2.36276e+00
  960  1.92e-03      3.40043e+00       2.92830e-01       2.36456e+00
  961  1.92e-03      3.40920e+00       2.68858e-01       2.36242e+00
  962  1.92e-03      3.39090e+00       3.05774e-01       2.36253e+00
  963  1.93e-03      3.39710e+00       3.32743e-01       2.37565e+00
  964  1.93e-03      3.37709e+00       3.31109e-01       2.36176e+00
  965  1.93e-03      3.37707e+00       3.17970e-01       2.35737e+00
  966  1.93e-03      3.36343e+00       3.16843e-01       2.34790e+00
  967  1.93e-03      3.35647e+00       2.69634e-01       2.32753e+00
  968  1.94e-03      3.37093e+00       2.86847e-01       2.34290e+00
  969  1.94e-03      3.37615e+00       2.69959e-01       2.34076e+00
  970  1.94e-03      3.37835e+00       2.97403e-01       2.35137e+00
  971  1.94e-03      3.38446e+00       3.20989e-01       2.36330e+00
  972  1.94e-03      3.38725e+00       2.63579e-01       2.34603e+00
  973  1.95e-03      3.37161e+00       2.49674e-01       2.33096e+00
  974  1.95e-03      3.35375e+00       2.62952e-01       2.32348e+00
  975  1.95e-03      3.35503e+00       2.58351e-01       2.32281e+00
  976  1.95e-03      3.33936e+00       2.65203e-01       2.31464e+00
  977  1.95e-03      3.33711e+00       3.16386e-01       2.33020e+00
  978  1.96e-03      3.33087e+00       3.10184e-01       2.32398e+00
  979  1.96e-03      3.33696e+00       2.77477e-01       2.31713e+00
  980  1.96e-03      3.32907e+00       2.73835e-01       2.31066e+00
  981  1.96e-03      3.36957e+00       3.20474e-01       2.35320e+00
  982  1.96e-03      3.36923e+00       2.69622e-01       2.33603e+00
  983  1.97e-03      3.34428e+00       2.92216e-01       2.32693e+00
  984  1.97e-03      3.34361e+00       3.26608e-01       2.33794e+00
  985  1.97e-03      3.35188e+00       2.94153e-01       2.33264e+00
  986  1.97e-03      3.35362e+00       3.06677e-01       2.33797e+00
  987  1.97e-03      3.35277e+00       2.68420e-01       2.32465e+00
  988  1.98e-03      3.33854e+00       2.87854e-01       2.32165e+00
  989  1.98e-03      3.32587e+00       2.49946e-01       2.30056e+00
  990  1.98e-03      3.32829e+00       2.88017e-01       2.31486e+00
  991  1.98e-03      3.33785e+00       3.03728e-01       2.32648e+00
  992  1.98e-03      3.34410e+00       2.97194e-01       2.32847e+00
  993  1.99e-03      3.34138e+00       3.22904e-01       2.33522e+00
  994  1.99e-03      3.35249e+00       3.00370e-01       2.33512e+00
  995  1.99e-03      3.35754e+00       2.67103e-01       2.32739e+00
  996  1.99e-03      3.35902e+00       3.17593e-01       2.34521e+00
  997  1.99e-03      3.36395e+00       2.79635e-01       2.33584e+00
  998  2.00e-03      3.35880e+00       2.72258e-01       2.32995e+00
  999  2.00e-03      3.35937e+00       3.01137e-01       2.33996e+00
