Delta = -8.421e+00 gamma
 step      t        T_in_plane/mK   T_out_of_plane/mK   T_tot/mK
    0  0.00e+00      5.78459e+00       0.00000e+00       3.85639e+00
    1  2.00e-06      5.67761e+00       2.64656e-04       3.78516e+00
    2  4.00e-06      5.65263e+00       8.47171e-04       3.76870e+00
    3  6.00e-06      5.66344e+00       1.32521e-03       3.77607e+00
    4  8.00e-06      5.65549e+00       1.76842e-03       3.77092e+00
    5  1.00e-05      5.65399e+00       2.43015e-03       3.77013e+00
    6  1.20e-05      5.66246e+00       2.50888e-03       3.77581e+00
    7  1.40e-05      5.62769e+00       3.07060e-03       3.75282e+00
    8  1.60e-05      5.62875e+00       4.32995e-03       3.75394e+00
    9  1.80e-05      5.58998e+00       3.96447e-03       3.72798e+00
   10  2.00e-05      5.59615e+00       4.23916e-03       3.73218e+00
   11  2.20e-05      5.62191e+00       5.56108e-03       3.74979e+00
   12  2.40e-05      5.59570e+00       6.56836e-03       3.73266e+00
   13  2.60e-05      5.62271e+00       5.80390e-03       3.75041e+00
   14  2.80e-05      5.63561e+00       6.39838e-03       3.75921e+00
   15  3.00e-05      5.59814e+00       8.81824e-03       3.73503e+00
   16  3.20e-05      5.60430e+00       7.18683e-03       3.73860e+00
   17  3.40e-05      5.61187e+00       7.75532e-03       3.74383e+00
   18  3.60e-05      5.60698e+00       7.84946e-03       3.74060e+00
   19  3.80e-05      5.58771e+00       9.54946e-03       3.72832e+00
   20  4.00e-05      5.59783e+00       8.79790e-03       3.73482e+00
   21  4.20e-05      5.57477e+00       8.36306e-03       3.71930e+00
   22  4.40e-05      5.56830e+00       1.00260e-02       3.71554e+00
   23  4.60e-05      5.59342e+00       1.12591e-02       3.73270e+00
   24  4.80e-05      5.60307e+00       9.30484e-03       3.73848e+00
   25  5.00e-05      5.64499e+00       1.10531e-02       3.76701e+00
   26  5.20e-05      5.61506e+00       1.05410e-02       3.74689e+00
   27  5.40e-05      5.60875e+00       1.28414e-02       3.74345e+00
   28  5.60e-05      5.63246e+00       1.18241e-02       3.75891e+00
   29  5.80e-05      5.62205e+00       1.17059e-02       3.75194e+00
   30  6.00e-05      5.57904e+00       1.14897e-02       3.72319e+00
   31  6.20e-05      5.62003e+00       1.16287e-02       3.75056e+00
   32  6.40e-05      5.66793e+00       1.33240e-02       3.78306e+00
   33  6.60e-05      5.62897e+00       1.43340e-02       3.75742e+00
   34  6.80e-05      5.64791e+00       1.43348e-02       3.77005e+00
   35  7.00e-05      5.63479e+00       1.68293e-02       3.76214e+00
   36  7.20e-05      5.62917e+00       1.41193e-02       3.75749e+00
   37  7.40e-05      5.61133e+00       1.76615e-02       3.74677e+00
   38  7.60e-05      5.60656e+00       2.13867e-02       3.74484e+00
   39  7.80e-05      5.61364e+00       1.93269e-02       3.74887e+00
   40  8.00e-05      5.61252e+00       2.00897e-02       3.74837e+00
   41  8.20e-05      5.63551e+00       1.85490e-02       3.76319e+00
   42  8.40e-05      5.65163e+00       2.30080e-02       3.77542e+00
   43  8.60e-05      5.66142e+00       2.02210e-02       3.78102e+00
   44  8.80e-05      5.66791e+00       2.15873e-02       3.78580e+00
   45  9.00e-05      5.65899e+00       2.00090e-02       3.77933e+00
   46  9.20e-05      5.66402e+00       2.22825e-02       3.78344e+00
   47  9.40e-05      5.68899e+00       2.65861e-02       3.80152e+00
   48  9.60e-05      5.67942e+00       1.92724e-02       3.79271e+00
   49  9.80e-05      5.67247e+00       2.45613e-02       3.78984e+00
   50  1.00e-04      5.67080e+00       1.97105e-02       3.78711e+00
   51  1.02e-04      5.67647e+00       2.53983e-02       3.79278e+00
   52  1.04e-04      5.69627e+00       2.74311e-02       3.80666e+00
   53  1.06e-04      5.68651e+00       2.38637e-02       3.79896e+00
   54  1.08e-04      5.69471e+00       2.68800e-02       3.80543e+00
   55  1.10e-04      5.69281e+00       2.55686e-02       3.80373e+00
   56  1.12e-04      5.68390e+00       3.21546e-02       3.79998e+00
   57  1.14e-04      5.72036e+00       2.76344e-02       3.82279e+00
   58  1.16e-04      5.70970e+00       2.99592e-02       3.81645e+00
   59  1.18e-04      5.73721e+00       3.33701e-02       3.83593e+00
   60  1.20e-04      5.73046e+00       2.53137e-02       3.82875e+00
   61  1.22e-04      5.72350e+00       2.52017e-02       3.82407e+00
   62  1.24e-04      5.72649e+00       3.02971e-02       3.82776e+00
   63  1.26e-04      5.72043e+00       3.22587e-02       3.82437e+00
   64  1.28e-04      5.71483e+00       3.11972e-02       3.82028e+00
   65  1.30e-04      5.72899e+00       2.47495e-02       3.82758e+00
   66  1.32e-04      5.74063e+00       3.07719e-02       3.83735e+00
   67  1.34e-04      5.74727e+00       3.64221e-02       3.84365e+00
   68  1.36e-04      5.74795e+00       2.84114e-02       3.84144e+00
   69  1.38e-04      5.75507e+00       2.84022e-02       3.84618e+00
   70  1.40e-04      5.74739e+00       3.27869e-02       3.84252e+00
   71  1.42e-04      5.75804e+00       3.70190e-02       3.85103e+00
   72  1.44e-04      5.77730e+00       3.08008e-02       3.86180e+00
   73  1.46e-04      5.76794e+00       3.54457e-02       3.85711e+00
   74  1.48e-04      5.74293e+00       4.16949e-02       3.84252e+00
   75  1.50e-04      5.75673e+00       3.86365e-02       3.85070e+00
   76  1.52e-04      5.74870e+00       3.53591e-02       3.84425e+00
   77  1.54e-04      5.74789e+00       3.86278e-02       3.84480e+00
   78  1.56e-04      5.77308e+00       4.17212e-02       3.86263e+00
   79  1.58e-04      5.74388e+00       3.89456e-02       3.84224e+00
   80  1.60e-04      5.76010e+00       2.85602e-02       3.84958e+00
   81  1.62e-04      5.75232e+00       4.31733e-02       3.84927e+00
   82  1.64e-04      5.74203e+00       3.90852e-02       3.84105e+00
   83  1.66e-04      5.70778e+00       3.69792e-02       3.81751e+00
   84  1.68e-04      5.67931e+00       4.04919e-02       3.79970e+00
   85  1.70e-04      5.66837e+00       4.60764e-02       3.79428e+00
   86  1.72e-04      5.67216e+00       3.76982e-02       3.79400e+00
   87  1.74e-04      5.65790e+00       3.98651e-02       3.78522e+00
   88  1.76e-04      5.65011e+00       4.73444e-02       3.78252e+00
   89  1.78e-04      5.63541e+00       4.12271e-02       3.77068e+00
   90  1.80e-04      5.62319e+00       4.01018e-02       3.76216e+00
   91  1.82e-04      5.59123e+00       4.38897e-02       3.74211e+00
   92  1.84e-04      5.55717e+00       4.53553e-02       3.71990e+00
   93  1.86e-04      5.56426e+00       4.94901e-02       3.72600e+00
   94  1.88e-04      5.54916e+00       4.93440e-02       3.71589e+00
   95  1.90e-04      5.56659e+00       4.26448e-02       3.72527e+00
   96  1.92e-04      5.57758e+00       4.36087e-02       3.73293e+00
   97  1.94e-04      5.59540e+00       4.31498e-02       3.74465e+00
   98  1.96e-04      5.57190e+00       5.36789e-02       3.73249e+00
   99  1.98e-04      5.57110e+00       4.05706e-02       3.72759e+00
  100  2.00e-04      5.55386e+00       4.22901e-02       3.71667e+00
  101  2.02e-04      5.57066e+00       5.31898e-02       3.73150e+00
  102  2.04e-04      5.56666e+00       5.51323e-02       3.72948e+00
  103  2.06e-04      5.54821e+00       4.40101e-02       3.71348e+00
  104  2.08e-04      5.56224e+00       4.62603e-02       3.72358e+00
  105  2.10e-04      5.54106e+00       4.53102e-02       3.70914e+00
  106  2.12e-04      5.53652e+00       4.19286e-02       3.70499e+00
  107  2.14e-04      5.53450e+00       4.48809e-02       3.70463e+00
  108  2.16e-04      5.52744e+00       5.25429e-02       3.70247e+00
  109  2.18e-04      5.52179e+00       4.97487e-02       3.69777e+00
  110  2.20e-04      5.49805e+00       4.49532e-02       3.68035e+00
  111  2.22e-04      5.49561e+00       5.54441e-02       3.68222e+00
  112  2.24e-04      5.49207e+00       5.36914e-02       3.67927e+00
  113  2.26e-04      5.49288e+00       5.59372e-02       3.68057e+00
  114  2.28e-04      5.47720e+00       4.97427e-02       3.66805e+00
  115  2.30e-04      5.46719e+00       5.51688e-02       3.66318e+00
  116  2.32e-04      5.48165e+00       5.06209e-02       3.67130e+00
  117  2.34e-04      5.45835e+00       5.96513e-02       3.65879e+00
  118  2.36e-04      5.47812e+00       6.02147e-02       3.67215e+00
  119  2.38e-04      5.46503e+00       5.16833e-02       3.66058e+00
  120  2.40e-04      5.46450e+00       5.41829e-02       3.66106e+00
  121  2.42e-04      5.46287e+00       5.77991e-02       3.66118e+00
  122  2.44e-04      5.45243e+00       6.39381e-02       3.65627e+00
  123  2.46e-04      5.43493e+00       5.60863e-02       3.64199e+00
  124  2.48e-04      5.48156e+00       5.12909e-02       3.67147e+00
  125  2.50e-04      5.48943e+00       6.17579e-02       3.68021e+00
  126  2.52e-04      5.48912e+00       5.89620e-02       3.67906e+00
  127  2.54e-04      5.46252e+00       5.43767e-02       3.65981e+00
  128  2.56e-04      5.43864e+00       5.42651e-02       3.64385e+00
  129  2.58e-04      5.41725e+00       6.47076e-02       3.63307e+00
  130  2.60e-04      5.41100e+00       5.52593e-02       3.62575e+00
  131  2.62e-04      5.38486e+00       5.40638e-02       3.60793e+00
  132  2.64e-04      5.36894e+00       5.95268e-02       3.59913e+00
  133  2.66e-04      5.39652e+00       5.83142e-02       3.61712e+00
  134  2.68e-04      5.40021e+00       5.36275e-02       3.61802e+00
  135  2.70e-04      5.39185e+00       6.72749e-02       3.61699e+00
  136  2.72e-04      5.42083e+00       6.49696e-02       3.63554e+00
  137  2.74e-04      5.42369e+00       6.26570e-02       3.63668e+00
  138  2.76e-04      5.40944e+00       7.21222e-02       3.63033e+00
  139  2.78e-04      5.45132e+00       6.63729e-02       3.65634e+00
  140  2.80e-04      5.44705e+00       7.36122e-02       3.65590e+00
  141  2.82e-04      5.46350e+00       6.43229e-02       3.66377e+00
  142  2.84e-04      5.47253e+00       6.11582e-02       3.66874e+00
  143  2.86e-04      5.43998e+00       5.37044e-02       3.64455e+00
  144  2.88e-04      5.43107e+00       5.50174e-02       3.63905e+00
  145  2.90e-04      5.41767e+00       6.50233e-02       3.63346e+00
  146  2.92e-04      5.42484e+00       6.76535e-02       3.63911e+00
  147  2.94e-04      5.43447e+00       6.74439e-02       3.64546e+00
  148  2.96e-04      5.40090e+00       6.63319e-02       3.62271e+00
  149  2.98e-04      5.41134e+00       7.16964e-02       3.63146e+00
  150  3.00e-04      5.41426e+00       5.29304e-02       3.62715e+00
  151  3.02e-04      5.38678e+00       6.24486e-02       3.61200e+00
  152  3.04e-04      5.40924e+00       7.68448e-02       3.63178e+00
  153  3.06e-04      5.39029e+00       6.00999e-02       3.61356e+00
  154  3.08e-04      5.41076e+00       5.28983e-02       3.62481e+00
  155  3.10e-04      5.40250e+00       6.76800e-02       3.62422e+00
  156  3.12e-04      5.39347e+00       7.66540e-02       3.62119e+00
  157  3.14e-04      5.39540e+00       7.22433e-02       3.62101e+00
  158  3.16e-04      5.38643e+00       7.17159e-02       3.61486e+00
  159  3.18e-04      5.40515e+00       6.40958e-02       3.62480e+00
  160  3.20e-04      5.41378e+00       6.88320e-02       3.63213e+00
  161  3.22e-04      5.37282e+00       7.58150e-02       3.60715e+00
  162  3.24e-04      5.38109e+00       7.14712e-02       3.61122e+00
  163  3.26e-04      5.37895e+00       7.05211e-02       3.60947e+00
  164  3.28e-04      5.38618e+00       7.35327e-02       3.61530e+00
  165  3.30e-04      5.37067e+00       6.48984e-02       3.60208e+00
  166  3.32e-04      5.36721e+00       6.78399e-02       3.60076e+00
  167  3.34e-04      5.39012e+00       9.05318e-02       3.62359e+00
  168  3.36e-04      5.38834e+00       8.65273e-02       3.62107e+00
  169  3.38e-04      5.39179e+00       6.32289e-02       3.61560e+00
  170  3.40e-04      5.38461e+00       7.18036e-02       3.61367e+00
  171  3.42e-04      5.38299e+00       7.47163e-02       3.61356e+00
  172  3.44e-04      5.37366e+00       7.60000e-02       3.60777e+00
  173  3.46e-04      5.37985e+00       7.93209e-02       3.61301e+00
  174  3.48e-04      5.37146e+00       6.86136e-02       3.60385e+00
  175  3.50e-04      5.37818e+00       6.67540e-02       3.60771e+00
  176  3.52e-04      5.37078e+00       8.04860e-02       3.60735e+00
  177  3.54e-04      5.35299e+00       8.43880e-02       3.59679e+00
  178  3.56e-04      5.36563e+00       8.74940e-02       3.60625e+00
  179  3.58e-04      5.36828e+00       7.71196e-02       3.60456e+00
  180  3.60e-04      5.35122e+00       7.82997e-02       3.59358e+00
  181  3.62e-04      5.36168e+00       7.53979e-02       3.59959e+00
  182  3.64e-04      5.35369e+00       8.11799e-02       3.59619e+00
  183  3.66e-04      5.35031e+00       7.78883e-02       3.59284e+00
  184  3.68e-04      5.34920e+00       8.19299e-02       3.59344e+00
  185  3.70e-04      5.33288e+00       9.00472e-02       3.58527e+00
  186  3.72e-04      5.32756e+00       8.24120e-02       3.57918e+00
  187  3.74e-04      5.31378e+00       8.54798e-02       3.57102e+00
  188  3.76e-04      5.29254e+00       9.25654e-02       3.55921e+00
  189  3.78e-04      5.30358e+00       7.64080e-02       3.56119e+00
  190  3.80e-04      5.31066e+00       8.45348e-02       3.56862e+00
  191  3.82e-04      5.33461e+00       8.15254e-02       3.58358e+00
  192  3.84e-04      5.32648e+00       7.99268e-02       3.57763e+00
  193  3.86e-04      5.31373e+00       9.03817e-02       3.57262e+00
  194  3.88e-04      5.30110e+00       1.02249e-01       3.56815e+00
  195  3.90e-04      5.30197e+00       1.09646e-01       3.57119e+00
  196  3.92e-04      5.31330e+00       1.00435e-01       3.57568e+00
  197  3.94e-04      5.31958e+00       9.40211e-02       3.57773e+00
  198  3.96e-04      5.31301e+00       9.80237e-02       3.57468e+00
  199  3.98e-04      5.32553e+00       1.13053e-01       3.58804e+00
  200  4.00e-04      5.34413e+00       1.07879e-01       3.59872e+00
  201  4.02e-04      5.34524e+00       8.65502e-02       3.59234e+00
  202  4.04e-04      5.31106e+00       1.10558e-01       3.57756e+00
  203  4.06e-04      5.35195e+00       9.53523e-02       3.59975e+00
  204  4.08e-04      5.35439e+00       1.02752e-01       3.60385e+00
  205  4.10e-04      5.33638e+00       1.07986e-01       3.59358e+00
  206  4.12e-04      5.35803e+00       8.89316e-02       3.60167e+00
  207  4.14e-04      5.34002e+00       9.06934e-02       3.59025e+00
  208  4.16e-04      5.33339e+00       1.00739e-01       3.58918e+00
  209  4.18e-04      5.33706e+00       9.06322e-02       3.58825e+00
  210  4.20e-04      5.34579e+00       7.91133e-02       3.59023e+00
  211  4.22e-04      5.32917e+00       9.90083e-02       3.58578e+00
  212  4.24e-04      5.34529e+00       9.20528e-02       3.59421e+00
  213  4.26e-04      5.33386e+00       8.96797e-02       3.58580e+00
  214  4.28e-04      5.34062e+00       9.88530e-02       3.59336e+00
  215  4.30e-04      5.32889e+00       1.17776e-01       3.59185e+00
  216  4.32e-04      5.34675e+00       1.07241e-01       3.60025e+00
  217  4.34e-04      5.32894e+00       9.96660e-02       3.58585e+00
  218  4.36e-04      5.31164e+00       1.09031e-01       3.57744e+00
  219  4.38e-04      5.32644e+00       1.09448e-01       3.58744e+00
  220  4.40e-04      5.32324e+00       8.80422e-02       3.57818e+00
  221  4.42e-04      5.30449e+00       1.03174e-01       3.57072e+00
  222  4.44e-04      5.32012e+00       1.21810e-01       3.58735e+00
  223  4.46e-04      5.31564e+00       1.02310e-01       3.57786e+00
  224  4.48e-04      5.28829e+00       9.01579e-02       3.55558e+00
  225  4.50e-04      5.29739e+00       1.24247e-01       3.57301e+00
  226  4.52e-04      5.29606e+00       1.02391e-01       3.56484e+00
  227  4.54e-04      5.28194e+00       9.36367e-02       3.55251e+00
  228  4.56e-04      5.25942e+00       9.44179e-02       3.53776e+00
  229  4.58e-04      5.27119e+00       1.08753e-01       3.55038e+00
  230  4.60e-04      5.27346e+00       7.94733e-02       3.54213e+00
  231  4.62e-04      5.23397e+00       1.02598e-01       3.52352e+00
  232  4.64e-04      5.25010e+00       1.24193e-01       3.54146e+00
  233  4.66e-04      5.23309e+00       1.09694e-01       3.52529e+00
  234  4.68e-04      5.24352e+00       9.60998e-02       3.52772e+00
  235  4.70e-04      5.25320e+00       9.50963e-02       3.53383e+00
  236  4.72e-04      5.25549e+00       1.20267e-01       3.54375e+00
  237  4.74e-04      5.25427e+00       9.67212e-02       3.53509e+00
  238  4.76e-04      5.24860e+00       1.21182e-01       3.53946e+00
  239  4.78e-04      5.23025e+00       1.23322e-01       3.52794e+00
  240  4.80e-04      5.23300e+00       9.44892e-02       3.52016e+00
  241  4.82e-04      5.20959e+00       1.17270e-01       3.51215e+00
  242  4.84e-04      5.19559e+00       1.39144e-01       3.51011e+00
  243  4.86e-04      5.18204e+00       1.22375e-01       3.49548e+00
  244  4.88e-04      5.16859e+00       1.04506e-01       3.48056e+00
  245  4.90e-04      5.17270e+00       1.19692e-01       3.48836e+00
  246  4.92e-04      5.15108e+00       1.29720e-01       3.47729e+00
  247  4.94e-04      5.12733e+00       9.45329e-02       3.44973e+00
  248  4.96e-04      5.13966e+00       1.11738e-01       3.46369e+00
  249  4.98e-04      5.12534e+00       1.17773e-01       3.45615e+00
  250  5.00e-04      5.10296e+00       1.16258e-01       3.44073e+00
  251  5.02e-04      5.10115e+00       9.48909e-02       3.43240e+00
  252  5.04e-04      5.09944e+00       1.22513e-01       3.44046e+00
  253  5.06e-04      5.12191e+00       1.19872e-01       3.45456e+00
  254  5.08e-04      5.12603e+00       1.04722e-01       3.45226e+00
  255  5.10e-04      5.11903e+00       1.23374e-01       3.45381e+00
  256  5.12e-04      5.14085e+00       1.24122e-01       3.46860e+00
  257  5.14e-04      5.12691e+00       9.84536e-02       3.45076e+00
  258  5.16e-04      5.15242e+00       1.06219e-01       3.47035e+00
  259  5.18e-04      5.16171e+00       1.35768e-01       3.48640e+00
  260  5.20e-04      5.15225e+00       1.39910e-01       3.48147e+00
  261  5.22e-04      5.16727e+00       1.18858e-01       3.48447e+00
  262  5.24e-04      5.13312e+00       1.34689e-01       3.46697e+00
  263  5.26e-04      5.14162e+00       1.42278e-01       3.47517e+00
  264  5.28e-04      5.14065e+00       1.20230e-01       3.46718e+00
  265  5.30e-04      5.14045e+00       1.02526e-01       3.46115e+00
  266  5.32e-04      5.13302e+00       1.32125e-01       3.46605e+00
  267  5.34e-04      5.13559e+00       1.17129e-01       3.46277e+00
  268  5.36e-04      5.13748e+00       9.72329e-02       3.45740e+00
  269  5.38e-04      5.11038e+00       1.23649e-01       3.44814e+00
  270  5.40e-04      5.11964e+00       1.30652e-01       3.45665e+00
  271  5.42e-04      5.09606e+00       1.16281e-01       3.43613e+00
  272  5.44e-04      5.07878e+00       1.12467e-01       3.42334e+00
  273  5.46e-04      5.07076e+00       1.32309e-01       3.42461e+00
  274  5.48e-04      5.08322e+00       1.13571e-01       3.42667e+00
  275  5.50e-04      5.07816e+00       1.08932e-01       3.42175e+00
  276  5.52e-04      5.10115e+00       1.41812e-01       3.44804e+00
  277  5.54e-04      5.09526e+00       1.55017e-01       3.44852e+00
  278  5.56e-04      5.11019e+00       1.28600e-01       3.44966e+00
  279  5.58e-04      5.08899e+00       1.34813e-01       3.43760e+00
  280  5.60e-04      5.09279e+00       1.62008e-01       3.44920e+00
  281  5.62e-04      5.09332e+00       1.30379e-01       3.43900e+00
  282  5.64e-04      5.08637e+00       1.13778e-01       3.42884e+00
  283  5.66e-04      5.09636e+00       1.38712e-01       3.44381e+00
  284  5.68e-04      5.09874e+00       1.28453e-01       3.44198e+00
  285  5.70e-04      5.10620e+00       1.10636e-01       3.44101e+00
  286  5.72e-04      5.10214e+00       1.10522e-01       3.43827e+00
  287  5.74e-04      5.09857e+00       1.46848e-01       3.44800e+00
  288  5.76e-04      5.09351e+00       1.26941e-01       3.43799e+00
  289  5.78e-04      5.09456e+00       1.36591e-01       3.44191e+00
  290  5.80e-04      5.08954e+00       1.49296e-01       3.44279e+00
  291  5.82e-04      5.09229e+00       1.47853e-01       3.44414e+00
  292  5.84e-04      5.07263e+00       1.18205e-01       3.42116e+00
  293  5.86e-04      5.07318e+00       1.54665e-01       3.43368e+00
  294  5.88e-04      5.08854e+00       1.40444e-01       3.43918e+00
  295  5.90e-04      5.06023e+00       1.19497e-01       3.41332e+00
  296  5.92e-04      5.03935e+00       1.13248e-01       3.39731e+00
  297  5.94e-04      5.05289e+00       1.52346e-01       3.41937e+00
  298  5.96e-04      5.04461e+00       1.51017e-01       3.41341e+00
  299  5.98e-04      5.04827e+00       1.36998e-01       3.41118e+00
  300  6.00e-04      5.04389e+00       1.66910e-01       3.41823e+00
  301  6.02e-04      5.02814e+00       1.44115e-01       3.40013e+00
  302  6.04e-04      5.01155e+00       1.29220e-01       3.38411e+00
  303  6.06e-04      4.99291e+00       1.35072e-01       3.37363e+00
  304  6.08e-04      4.97483e+00       1.43013e-01       3.36422e+00
  305  6.10e-04      4.98456e+00       1.25600e-01       3.36491e+00
  306  6.12e-04      4.97385e+00       1.30189e-01       3.35930e+00
  307  6.14e-04      4.94131e+00       1.58092e-01       3.34691e+00
  308  6.16e-04      4.94634e+00       1.55594e-01       3.34943e+00
  309  6.18e-04      4.98074e+00       1.38860e-01       3.36678e+00
  310  6.20e-04      4.98127e+00       1.65862e-01       3.37613e+00
  311  6.22e-04      4.96754e+00       1.45421e-01       3.36017e+00
  312  6.24e-04      4.93708e+00       1.30931e-01       3.33503e+00
  313  6.26e-04      4.95411e+00       1.09630e-01       3.33928e+00
  314  6.28e-04      4.93665e+00       1.53982e-01       3.34243e+00
  315  6.30e-04      4.91785e+00       1.29973e-01       3.32189e+00
  316  6.32e-04      4.91496e+00       1.27177e-01       3.31903e+00
  317  6.34e-04      4.94285e+00       1.60404e-01       3.34870e+00
  318  6.36e-04      4.93560e+00       1.60085e-01       3.34376e+00
  319  6.38e-04      4.91143e+00       1.34963e-01       3.31927e+00
  320  6.40e-04      4.90850e+00       1.48612e-01       3.32187e+00
  321  6.42e-04      4.91417e+00       1.62756e-01       3.33037e+00
  322  6.44e-04      4.91674e+00       1.68397e-01       3.33396e+00
  323  6.46e-04      4.91262e+00       1.29651e-01       3.31830e+00
  324  6.48e-04      4.92007e+00       1.27277e-01       3.32247e+00
  325  6.50e-04      4.90056e+00       1.59649e-01       3.32026e+00
  326  6.52e-04      4.91592e+00       1.41568e-01       3.32447e+00
  327  6.54e-04      4.90241e+00       1.34906e-01       3.31324e+00
  328  6.56e-04      4.95020e+00       1.49278e-01       3.34990e+00
  329  6.58e-04      4.94563e+00       1.61071e-01       3.35078e+00
  330  6.60e-04      4.96449e+00       1.52662e-01       3.36055e+00
  331  6.62e-04      5.00264e+00       1.56657e-01       3.38731e+00
  332  6.64e-04      4.99724e+00       1.38410e-01       3.37763e+00
  333  6.66e-04      4.98439e+00       1.46529e-01       3.37177e+00
  334  6.68e-04      4.99256e+00       1.46541e-01       3.37722e+00
  335  6.70e-04      4.96983e+00       1.52852e-01       3.36417e+00
  336  6.72e-04      4.98297e+00       1.51572e-01       3.37250e+00
  337  6.74e-04      5.01344e+00       1.42731e-01       3.38987e+00
  338  6.76e-04      4.98744e+00       1.57481e-01       3.37745e+00
  339  6.78e-04      4.97009e+00       1.91729e-01       3.37730e+00
  340  6.80e-04      4.96769e+00       1.68940e-01       3.36811e+00
  341  6.82e-04      4.95866e+00       1.30528e-01       3.34928e+00
  342  6.84e-04      4.97822e+00       1.38034e-01       3.36483e+00
  343  6.86e-04      4.99665e+00       1.49215e-01       3.38084e+00
  344  6.88e-04      4.99557e+00       1.40065e-01       3.37707e+00
  345  6.90e-04      4.97424e+00       1.62734e-01       3.37040e+00
  346  6.92e-04      4.98937e+00       1.78116e-01       3.38562e+00
  347  6.94e-04      4.99856e+00       1.52259e-01       3.38313e+00
  348  6.96e-04      5.00886e+00       1.31004e-01       3.38291e+00
  349  6.98e-04      4.99158e+00       1.75747e-01       3.38630e+00
  350  7.00e-04      5.01727e+00       1.49938e-01       3.39482e+00
  351  7.02e-04      4.99509e+00       1.40581e-01       3.37692e+00
  352  7.04e-04      5.00952e+00       1.48425e-01       3.38915e+00
  353  7.06e-04      4.99523e+00       1.90255e-01       3.39357e+00
  354  7.08e-04      4.95425e+00       1.64671e-01       3.35772e+00
  355  7.10e-04      4.95161e+00       1.87239e-01       3.36349e+00
  356  7.12e-04      4.99482e+00       1.90145e-01       3.39326e+00
  357  7.14e-04      4.99534e+00       1.86383e-01       3.39235e+00
  358  7.16e-04      4.95196e+00       1.51694e-01       3.35187e+00
  359  7.18e-04      4.95971e+00       1.68652e-01       3.36269e+00
  360  7.20e-04      4.95580e+00       1.69027e-01       3.36021e+00
  361  7.22e-04      4.94791e+00       1.56665e-01       3.35083e+00
  362  7.24e-04      4.94735e+00       1.67814e-01       3.35417e+00
  363  7.26e-04      4.94661e+00       1.71878e-01       3.35503e+00
  364  7.28e-04      4.96168e+00       1.37071e-01       3.35347e+00
  365  7.30e-04      4.97114e+00       1.64459e-01       3.36892e+00
  366  7.32e-04      4.99510e+00       1.90730e-01       3.39364e+00
  367  7.34e-04      5.00249e+00       1.84082e-01       3.39635e+00
  368  7.36e-04      5.00339e+00       1.74892e-01       3.39389e+00
  369  7.38e-04      5.00430e+00       1.99542e-01       3.40271e+00
  370  7.40e-04      5.00250e+00       2.04375e-01       3.40312e+00
  371  7.42e-04      5.01689e+00       1.62996e-01       3.39893e+00
  372  7.44e-04      5.05305e+00       1.56733e-01       3.42094e+00
  373  7.46e-04      5.07236e+00       1.66889e-01       3.43721e+00
  374  7.48e-04      5.05741e+00       2.09026e-01       3.44128e+00
  375  7.50e-04      5.03441e+00       1.63426e-01       3.41075e+00
  376  7.52e-04      5.04480e+00       1.73697e-01       3.42110e+00
  377  7.54e-04      5.03355e+00       2.11637e-01       3.42625e+00
  378  7.56e-04      5.03231e+00       2.04264e-01       3.42296e+00
  379  7.58e-04      5.01400e+00       1.58428e-01       3.39547e+00
  380  7.60e-04      4.98288e+00       1.59057e-01       3.37494e+00
  381  7.62e-04      4.96989e+00       1.73378e-01       3.37105e+00
  382  7.64e-04      4.96031e+00       1.67162e-01       3.36259e+00
  383  7.66e-04      4.96214e+00       1.64668e-01       3.36298e+00
  384  7.68e-04      4.94376e+00       1.93924e-01       3.36048e+00
  385  7.70e-04      4.93637e+00       2.07116e-01       3.35995e+00
  386  7.72e-04      4.93026e+00       2.07467e-01       3.35599e+00
  387  7.74e-04      4.91532e+00       1.70892e-01       3.33385e+00
  388  7.76e-04      4.92830e+00       1.81382e-01       3.34599e+00
  389  7.78e-04      4.93019e+00       1.73646e-01       3.34467e+00
  390  7.80e-04      4.94619e+00       1.73930e-01       3.35544e+00
  391  7.82e-04      4.93675e+00       1.98221e-01       3.35724e+00
  392  7.84e-04      4.95466e+00       1.72412e-01       3.36058e+00
  393  7.86e-04      4.96810e+00       1.62815e-01       3.36634e+00
  394  7.88e-04      4.97123e+00       2.00273e-01       3.38091e+00
  395  7.90e-04      4.96357e+00       2.38083e-01       3.38841e+00
  396  7.92e-04      4.95885e+00       1.77131e-01       3.36495e+00
  397  7.94e-04      4.96034e+00       1.70980e-01       3.36389e+00
  398  7.96e-04      4.96646e+00       1.96873e-01       3.37660e+00
  399  7.98e-04      4.95355e+00       1.91919e-01       3.36634e+00
  400  8.00e-04      4.94573e+00       1.81941e-01       3.35780e+00
  401  8.02e-04      4.96228e+00       1.59117e-01       3.36122e+00
  402  8.04e-04      4.94903e+00       1.68570e-01       3.35554e+00
  403  8.06e-04      4.94915e+00       1.54734e-01       3.35101e+00
  404  8.08e-04      4.93144e+00       1.52390e-01       3.33842e+00
  405  8.10e-04      4.91084e+00       2.03543e-01       3.34174e+00
  406  8.12e-04      4.92106e+00       2.18374e-01       3.35350e+00
  407  8.14e-04      4.92281e+00       1.89860e-01       3.34516e+00
  408  8.16e-04      4.94634e+00       1.83191e-01       3.35863e+00
  409  8.18e-04      4.97404e+00       1.85163e-01       3.37775e+00
  410  8.20e-04      4.99615e+00       1.43494e-01       3.37860e+00
  411  8.22e-04      4.96685e+00       1.74880e-01       3.36953e+00
  412  8.24e-04      4.92310e+00       2.01368e-01       3.34919e+00
  413  8.26e-04      4.91238e+00       1.46089e-01       3.32361e+00
  414  8.28e-04      4.93988e+00       1.67135e-01       3.34896e+00
  415  8.30e-04      4.94009e+00       2.09123e-01       3.36310e+00
  416  8.32e-04      4.91598e+00       1.95570e-01       3.34251e+00
  417  8.34e-04      4.92469e+00       1.81759e-01       3.34371e+00
  418  8.36e-04      4.92639e+00       1.94155e-01       3.34898e+00
  419  8.38e-04      4.92811e+00       1.87631e-01       3.34795e+00
  420  8.40e-04      4.92283e+00       1.68133e-01       3.33793e+00
  421  8.42e-04      4.90425e+00       1.52604e-01       3.32037e+00
  422  8.44e-04      4.91902e+00       1.81915e-01       3.33998e+00
  423  8.46e-04      4.91060e+00       1.96169e-01       3.33912e+00
  424  8.48e-04      4.91267e+00       1.69290e-01       3.33155e+00
  425  8.50e-04      4.91987e+00       1.61922e-01       3.33389e+00
  426  8.52e-04      4.93684e+00       1.79246e-01       3.35097e+00
  427  8.54e-04      4.93514e+00       1.70665e-01       3.34698e+00
  428  8.56e-04      4.91737e+00       1.72446e-01       3.33573e+00
  429  8.58e-04      4.94708e+00       2.11544e-01       3.36857e+00
  430  8.60e-04      4.93776e+00       1.96174e-01       3.35723e+00
  431  8.62e-04      4.92475e+00       1.74061e-01       3.34119e+00
  432  8.64e-04      4.90074e+00       1.84494e-01       3.32866e+00
  433  8.66e-04      4.89910e+00       1.87797e-01       3.32866e+00
  434  8.68e-04      4.88028e+00       1.79778e-01       3.31345e+00
  435  8.70e-04      4.89369e+00       1.77722e-01       3.32170e+00
  436  8.72e-04      4.88167e+00       1.96671e-01       3.32000e+00
  437  8.74e-04      4.86554e+00       1.81495e-01       3.30419e+00
  438  8.76e-04      4.87968e+00       1.71504e-01       3.31029e+00
  439  8.78e-04      4.90679e+00       1.78549e-01       3.33071e+00
  440  8.80e-04      4.88755e+00       2.03391e-01       3.32616e+00
  441  8.82e-04      4.88521e+00       1.64029e-01       3.31149e+00
  442  8.84e-04      4.87816e+00       1.50161e-01       3.30216e+00
  443  8.86e-04      4.91154e+00       1.90019e-01       3.33770e+00
  444  8.88e-04      4.93589e+00       1.81073e-01       3.35095e+00
  445  8.90e-04      4.92196e+00       1.82994e-01       3.34231e+00
  446  8.92e-04      4.93431e+00       2.26780e-01       3.36513e+00
  447  8.94e-04      4.94466e+00       2.18335e-01       3.36922e+00
  448  8.96e-04      4.94579e+00       1.78824e-01       3.35680e+00
  449  8.98e-04      4.94470e+00       1.49546e-01       3.34632e+00
  450  9.00e-04      4.93450e+00       1.86976e-01       3.35199e+00
  451  9.02e-04      4.91870e+00       2.13363e-01       3.35026e+00
  452  9.04e-04      4.91918e+00       2.09588e-01       3.34931e+00
  453  9.06e-04      4.90258e+00       1.69705e-01       3.32496e+00
  454  9.08e-04      4.93971e+00       2.01978e-01       3.36046e+00
  455  9.10e-04      4.93117e+00       2.09691e-01       3.35734e+00
  456  9.12e-04      4.89910e+00       1.78321e-01       3.32551e+00
  457  9.14e-04      4.91061e+00       2.17776e-01       3.34633e+00
  458  9.16e-04      4.93324e+00       2.10680e-01       3.35905e+00
  459  9.18e-04      4.90220e+00       1.82324e-01       3.32891e+00
  460  9.20e-04      4.88309e+00       1.82567e-01       3.31625e+00
  461  9.22e-04      4.84160e+00       2.01673e-01       3.29495e+00
  462  9.24e-04      4.86549e+00       1.98205e-01       3.30973e+00
  463  9.26e-04      4.84680e+00       2.12310e-01       3.30197e+00
  464  9.28e-04      4.84779e+00       2.08207e-01       3.30126e+00
  465  9.30e-04      4.87062e+00       1.51073e-01       3.29744e+00
  466  9.32e-04      4.86970e+00       1.77316e-01       3.30557e+00
  467  9.34e-04      4.87010e+00       2.53887e-01       3.33136e+00
  468  9.36e-04      4.86911e+00       2.15219e-01       3.31781e+00
  469  9.38e-04      4.85067e+00       1.87433e-01       3.29626e+00
  470  9.40e-04      4.87314e+00       1.71888e-01       3.30605e+00
  471  9.42e-04      4.88310e+00       2.13711e-01       3.32664e+00
  472  9.44e-04      4.88129e+00       1.99825e-01       3.32080e+00
  473  9.46e-04      4.88371e+00       2.00585e-01       3.32267e+00
  474  9.48e-04      4.87881e+00       1.86022e-01       3.31455e+00
  475  9.50e-04      4.87480e+00       2.25446e-01       3.32502e+00
  476  9.52e-04      4.86430e+00       2.20970e-01       3.31652e+00
  477  9.54e-04      4.84864e+00       1.86195e-01       3.29449e+00
  478  9.56e-04      4.86235e+00       2.08944e-01       3.31121e+00
  479  9.58e-04      4.85730e+00       1.87203e-01       3.30060e+00
  480  9.60e-04      4.83104e+00       1.61768e-01       3.27461e+00
  481  9.62e-04      4.83426e+00       1.92750e-01       3.28709e+00
  482  9.64e-04      4.82381e+00       2.08396e-01       3.28534e+00
  483  9.66e-04      4.82589e+00       2.21595e-01       3.29112e+00
  484  9.68e-04      4.78972e+00       2.31827e-01       3.27042e+00
  485  9.70e-04      4.78030e+00       2.16301e-01       3.25897e+00
  486  9.72e-04      4.78427e+00       1.91278e-01       3.25327e+00
  487  9.74e-04      4.79695e+00       1.95697e-01       3.26320e+00
  488  9.76e-04      4.78213e+00       2.31229e-01       3.26516e+00
  489  9.78e-04      4.78194e+00       2.24626e-01       3.26284e+00
  490  9.80e-04      4.76408e+00       1.96328e-01       3.24149e+00
  491  9.82e-04      4.77351e+00       1.86414e-01       3.24448e+00
  492  9.84e-04      4.79474e+00       2.21662e-01       3.27038e+00
  493  9.86e-04      4.79936e+00       2.16972e-01       3.27190e+00
  494  9.88e-04      4.79953e+00       1.87286e-01       3.26212e+00
  495  9.90e-04      4.81442e+00       2.26058e-01       3.28496e+00
  496  9.92e-04      4.80623e+00       2.40667e-01       3.28438e+00
  497  9.94e-04      4.79193e+00       2.07830e-01       3.26389e+00
  498  9.96e-04      4.81858e+00       2.08671e-01       3.28195e+00
  499  9.98e-04      4.83014e+00       2.26137e-01       3.29547e+00
  500  1.00e-03      4.82265e+00       2.32935e-01       3.29274e+00
  501  1.00e-03      4.85561e+00       2.10172e-01       3.30713e+00
  502  1.00e-03      4.83656e+00       2.09426e-01       3.29418e+00
  503  1.01e-03      4.83801e+00       2.05303e-01       3.29378e+00
  504  1.01e-03      4.82531e+00       2.00056e-01       3.28356e+00
  505  1.01e-03      4.82469e+00       2.44079e-01       3.29782e+00
  506  1.01e-03      4.82851e+00       2.33064e-01       3.29670e+00
  507  1.01e-03      4.84111e+00       2.14230e-01       3.29882e+00
  508  1.02e-03      4.83005e+00       2.32880e-01       3.29766e+00
  509  1.02e-03      4.86111e+00       2.23565e-01       3.31526e+00
  510  1.02e-03      4.85615e+00       2.22875e-01       3.31173e+00
  511  1.02e-03      4.85146e+00       1.99841e-01       3.30092e+00
  512  1.02e-03      4.84201e+00       2.24695e-01       3.30291e+00
  513  1.03e-03      4.82946e+00       2.72988e-01       3.31064e+00
  514  1.03e-03      4.83156e+00       2.51002e-01       3.30470e+00
  515  1.03e-03      4.84645e+00       2.11124e-01       3.30134e+00
  516  1.03e-03      4.83440e+00       2.02117e-01       3.29031e+00
  517  1.03e-03      4.82858e+00       2.24903e-01       3.29402e+00
  518  1.04e-03      4.79861e+00       1.80622e-01       3.25928e+00
  519  1.04e-03      4.81260e+00       2.19821e-01       3.28167e+00
  520  1.04e-03      4.80906e+00       2.29191e-01       3.28244e+00
  521  1.04e-03      4.78991e+00       2.16646e-01       3.26549e+00
  522  1.04e-03      4.77921e+00       2.07777e-01       3.25540e+00
  523  1.05e-03      4.78332e+00       2.30123e-01       3.26558e+00
  524  1.05e-03      4.79688e+00       2.41950e-01       3.27857e+00
  525  1.05e-03      4.78992e+00       2.19818e-01       3.26655e+00
  526  1.05e-03      4.77388e+00       2.28598e-01       3.25878e+00
  527  1.05e-03      4.78080e+00       2.52425e-01       3.27134e+00
  528  1.06e-03      4.78373e+00       2.23992e-01       3.26382e+00
  529  1.06e-03      4.78136e+00       2.37471e-01       3.26673e+00
  530  1.06e-03      4.75977e+00       2.17518e-01       3.24569e+00
  531  1.06e-03      4.76859e+00       2.33664e-01       3.25695e+00
  532  1.06e-03      4.74731e+00       2.01418e-01       3.23201e+00
  533  1.07e-03      4.73471e+00       2.15246e-01       3.22822e+00
  534  1.07e-03      4.74940e+00       2.27751e-01       3.24219e+00
  535  1.07e-03      4.74135e+00       2.43492e-01       3.24207e+00
  536  1.07e-03      4.73526e+00       2.44716e-01       3.23841e+00
  537  1.07e-03      4.73514e+00       2.35457e-01       3.23525e+00
  538  1.08e-03      4.73304e+00       2.57689e-01       3.24126e+00
  539  1.08e-03      4.71607e+00       1.99574e-01       3.21057e+00
  540  1.08e-03      4.70603e+00       2.35345e-01       3.21580e+00
  541  1.08e-03      4.72671e+00       2.86468e-01       3.24663e+00
  542  1.08e-03      4.73341e+00       2.16233e-01       3.22768e+00
  543  1.09e-03      4.74572e+00       2.05846e-01       3.23243e+00
  544  1.09e-03      4.73023e+00       2.33850e-01       3.23144e+00
  545  1.09e-03      4.73048e+00       2.62485e-01       3.24115e+00
  546  1.09e-03      4.72054e+00       2.65635e-01       3.23557e+00
  547  1.09e-03      4.72660e+00       2.53224e-01       3.23547e+00
  548  1.10e-03      4.74336e+00       2.50631e-01       3.24579e+00
  549  1.10e-03      4.71573e+00       2.33089e-01       3.22151e+00
  550  1.10e-03      4.72078e+00       2.59294e-01       3.23362e+00
  551  1.10e-03      4.69864e+00       2.32129e-01       3.20980e+00
  552  1.10e-03      4.68895e+00       2.87268e-01       3.22172e+00
  553  1.11e-03      4.68497e+00       2.62280e-01       3.21074e+00
  554  1.11e-03      4.70496e+00       2.24842e-01       3.21159e+00
  555  1.11e-03      4.67759e+00       2.37263e-01       3.19748e+00
  556  1.11e-03      4.66694e+00       2.31005e-01       3.18829e+00
  557  1.11e-03      4.69345e+00       2.51658e-01       3.21286e+00
  558  1.12e-03      4.70396e+00       2.55802e-01       3.22124e+00
  559  1.12e-03      4.70028e+00       2.73862e-01       3.22481e+00
  560  1.12e-03      4.68232e+00       2.71653e-01       3.21210e+00
  561  1.12e-03      4.69646e+00       2.62105e-01       3.21834e+00
  562  1.12e-03      4.68394e+00       2.71290e-01       3.21306e+00
  563  1.13e-03      4.65269e+00       2.28440e-01       3.17794e+00
  564  1.13e-03      4.67047e+00       2.27587e-01       3.18951e+00
  565  1.13e-03      4.67666e+00       2.85430e-01       3.21292e+00
  566  1.13e-03      4.66419e+00       3.13632e-01       3.21400e+00
  567  1.13e-03      4.62765e+00       2.43332e-01       3.16621e+00
  568  1.14e-03      4.63762e+00       1.96348e-01       3.15720e+00
  569  1.14e-03      4.63192e+00       2.85493e-01       3.18311e+00
  570  1.14e-03      4.63837e+00       2.83796e-01       3.18685e+00
  571  1.14e-03      4.63763e+00       2.74281e-01       3.18318e+00
  572  1.14e-03      4.61773e+00       2.38040e-01       3.15783e+00
  573  1.15e-03      4.59469e+00       2.86308e-01       3.15856e+00
  574  1.15e-03      4.60273e+00       2.60705e-01       3.15539e+00
  575  1.15e-03      4.62059e+00       2.44064e-01       3.16175e+00
  576  1.15e-03      4.62297e+00       2.63768e-01       3.16991e+00
  577  1.15e-03      4.59634e+00       2.46521e-01       3.14640e+00
  578  1.16e-03      4.58843e+00       2.68836e-01       3.14857e+00
  579  1.16e-03      4.55686e+00       2.66152e-01       3.12662e+00
  580  1.16e-03      4.53763e+00       2.46836e-01       3.10736e+00
  581  1.16e-03      4.53298e+00       2.62597e-01       3.10952e+00
  582  1.16e-03      4.52275e+00       2.76961e-01       3.10749e+00
  583  1.17e-03      4.51524e+00       2.78691e-01       3.10306e+00
  584  1.17e-03      4.47573e+00       2.67862e-01       3.07311e+00
  585  1.17e-03      4.47045e+00       2.52109e-01       3.06434e+00
  586  1.17e-03      4.44939e+00       2.41392e-01       3.04673e+00
  587  1.17e-03      4.45025e+00       2.73456e-01       3.05798e+00
  588  1.18e-03      4.43549e+00       2.29304e-01       3.03343e+00
  589  1.18e-03      4.41919e+00       2.40080e-01       3.02616e+00
  590  1.18e-03      4.42213e+00       2.99263e-01       3.04784e+00
  591  1.18e-03      4.40844e+00       2.75292e-01       3.03073e+00
  592  1.18e-03      4.42550e+00       2.33870e-01       3.02829e+00
  593  1.19e-03      4.43672e+00       2.39315e-01       3.03758e+00
  594  1.19e-03      4.42881e+00       2.56986e-01       3.03820e+00
  595  1.19e-03      4.43808e+00       2.58898e-01       3.04502e+00
  596  1.19e-03      4.41312e+00       2.57737e-01       3.02799e+00
  597  1.19e-03      4.40197e+00       2.72633e-01       3.02552e+00
  598  1.20e-03      4.43401e+00       2.81403e-01       3.04981e+00
  599  1.20e-03      4.43619e+00       2.51687e-01       3.04135e+00
  600  1.20e-03      4.41813e+00       2.26755e-01       3.02101e+00
  601  1.20e-03      4.43326e+00       2.72520e-01       3.04635e+00
  602  1.20e-03      4.40232e+00       2.44656e-01       3.01643e+00
  603  1.21e-03      4.41005e+00       2.83330e-01       3.03447e+00
  604  1.21e-03      4.38327e+00       2.76810e-01       3.01445e+00
  605  1.21e-03      4.40498e+00       2.47410e-01       3.01913e+00
  606  1.21e-03      4.37535e+00       2.43977e-01       2.99822e+00
  607  1.21e-03      4.38982e+00       2.67892e-01       3.01585e+00
  608  1.22e-03      4.33581e+00       2.89479e-01       2.98703e+00
  609  1.22e-03      4.36193e+00       2.44888e-01       2.98958e+00
  610  1.22e-03      4.34721e+00       2.32396e-01       2.97561e+00
  611  1.22e-03      4.37001e+00       2.71350e-01       3.00379e+00
  612  1.22e-03      4.37700e+00       2.74561e-01       3.00952e+00
  613  1.23e-03      4.39220e+00       2.40485e-01       3.00830e+00
  614  1.23e-03      4.36237e+00       2.28608e-01       2.98445e+00
  615  1.23e-03      4.37530e+00       2.61609e-01       3.00407e+00
  616  1.23e-03      4.34641e+00       2.36893e-01       2.97657e+00
  617  1.23e-03      4.37865e+00       2.29996e-01       2.99577e+00
  618  1.24e-03      4.36140e+00       2.73987e-01       2.99893e+00
  619  1.24e-03      4.38822e+00       2.88565e-01       3.02167e+00
  620  1.24e-03      4.38766e+00       2.88734e-01       3.02135e+00
  621  1.24e-03      4.38736e+00       2.60532e-01       3.01175e+00
  622  1.24e-03      4.39974e+00       2.60353e-01       3.01994e+00
  623  1.25e-03      4.38974e+00       2.49948e-01       3.00981e+00
  624  1.25e-03      4.38378e+00       2.50944e-01       3.00617e+00
  625  1.25e-03      4.38493e+00       2.75431e-01       3.01510e+00
  626  1.25e-03      4.38714e+00       2.57410e-01       3.01056e+00
  627  1.25e-03      4.38659e+00       2.58972e-01       3.01072e+00
  628  1.26e-03      4.38065e+00       2.43342e-01       3.00155e+00
  629  1.26e-03      4.38445e+00       2.78853e-01       3.01592e+00
  630  1.26e-03      4.42786e+00       3.15398e-01       3.05704e+00
  631  1.26e-03      4.41197e+00       2.66814e-01       3.03025e+00
  632  1.26e-03      4.37592e+00       2.68006e-01       3.00661e+00
  633  1.27e-03      4.38002e+00       2.49314e-01       3.00312e+00
  634  1.27e-03      4.36305e+00       2.32576e-01       2.98623e+00
  635  1.27e-03      4.37716e+00       2.56140e-01       3.00349e+00
  636  1.27e-03      4.39058e+00       3.04672e-01       3.02861e+00
  637  1.27e-03      4.39933e+00       2.57623e-01       3.01876e+00
  638  1.28e-03      4.40562e+00       2.01895e-01       3.00438e+00
  639  1.28e-03      4.40137e+00       3.04128e-01       3.03562e+00
  640  1.28e-03      4.39738e+00       2.77347e-01       3.02404e+00
  641  1.28e-03      4.42498e+00       2.69832e-01       3.03993e+00
  642  1.28e-03      4.42259e+00       2.78539e-01       3.04124e+00
  643  1.29e-03      4.42206e+00       2.87628e-01       3.04391e+00
  644  1.29e-03      4.44045e+00       2.50442e-01       3.04378e+00
  645  1.29e-03      4.40308e+00       2.17196e-01       3.00778e+00
  646  1.29e-03      4.40700e+00       2.46803e-01       3.02027e+00
  647  1.29e-03      4.41169e+00       2.75687e-01       3.03302e+00
  648  1.30e-03      4.41874e+00       2.93165e-01       3.04355e+00
  649  1.30e-03      4.41267e+00       2.84361e-01       3.03657e+00
  650  1.30e-03      4.40020e+00       2.73992e-01       3.02480e+00
  651  1.30e-03      4.39218e+00       3.08248e-01       3.03087e+00
  652  1.30e-03      4.38581e+00       3.03054e-01       3.02489e+00
  653  1.31e-03      4.36794e+00       2.88896e-01       3.00826e+00
  654  1.31e-03      4.38146e+00       2.70340e-01       3.01109e+00
  655  1.31e-03      4.36674e+00       2.80753e-01       3.00475e+00
  656  1.31e-03      4.40637e+00       2.56571e-01       3.02310e+00
  657  1.31e-03      4.38868e+00       2.54371e-01       3.01057e+00
  658  1.32e-03      4.38098e+00       2.72438e-01       3.01147e+00
  659  1.32e-03      4.36112e+00       2.64455e-01       2.99557e+00
  660  1.32e-03      4.40322e+00       3.15740e-01       3.04073e+00
  661  1.32e-03      4.38364e+00       3.05579e-01       3.02428e+00
  662  1.32e-03      4.40058e+00       2.29818e-01       3.01033e+00
  663  1.33e-03      4.39762e+00       2.80158e-01       3.02513e+00
  664  1.33e-03      4.39902e+00       3.24198e-01       3.04075e+00
  665  1.33e-03      4.35512e+00       2.69642e-01       2.99329e+00
  666  1.33e-03      4.37732e+00       2.20517e-01       2.99172e+00
  667  1.33e-03      4.36827e+00       2.58112e-01       2.99822e+00
  668  1.34e-03      4.38168e+00       2.87746e-01       3.01703e+00
  669  1.34e-03      4.36862e+00       3.13773e-01       3.01700e+00
  670  1.34e-03      4.37377e+00       2.50231e-01       2.99925e+00
  671  1.34e-03      4.39841e+00       3.04630e-01       3.03381e+00
  672  1.34e-03      4.39066e+00       3.06769e-01       3.02936e+00
  673  1.35e-03      4.38251e+00       2.99940e-01       3.02165e+00
  674  1.35e-03      4.42116e+00       3.00628e-01       3.04765e+00
  675  1.35e-03      4.40628e+00       3.49496e-01       3.05402e+00
  676  1.35e-03      4.40881e+00       2.93164e-01       3.03693e+00
  677  1.35e-03      4.42439e+00       2.76225e-01       3.04167e+00
  678  1.36e-03      4.41120e+00       2.68541e-01       3.03031e+00
  679  1.36e-03      4.42294e+00       2.65511e-01       3.03713e+00
  680  1.36e-03      4.41203e+00       2.72735e-01       3.03226e+00
  681  1.36e-03      4.40814e+00       2.98134e-01       3.03814e+00
  682  1.36e-03      4.41904e+00       3.05717e-01       3.04793e+00
  683  1.37e-03      4.42763e+00       3.12433e-01       3.05590e+00
  684  1.37e-03      4.41099e+00       2.82303e-01       3.03476e+00
  685  1.37e-03      4.41679e+00       2.90178e-01       3.04125e+00
  686  1.37e-03      4.40464e+00       2.77538e-01       3.02894e+00
  687  1.37e-03      4.38670e+00       2.89429e-01       3.02094e+00
  688  1.38e-03      4.40173e+00       2.71589e-01       3.02502e+00
  689  1.38e-03      4.40108e+00       2.67353e-01       3.02317e+00
  690  1.38e-03      4.37569e+00       2.95846e-01       3.01574e+00
  691  1.38e-03      4.38091e+00       2.86655e-01       3.01616e+00
  692  1.38e-03      4.37534e+00       2.85982e-01       3.01222e+00
  693  1.39e-03      4.39104e+00       3.77268e-01       3.05312e+00
  694  1.39e-03      4.37924e+00       3.21729e-01       3.02673e+00
  695  1.39e-03      4.37865e+00       2.76454e-01       3.01125e+00
  696  1.39e-03      4.39964e+00       2.86669e-01       3.02865e+00
  697  1.39e-03      4.39403e+00       3.33603e-01       3.04055e+00
  698  1.40e-03      4.38551e+00       2.60303e-01       3.01044e+00
  699  1.40e-03      4.39511e+00       3.04704e-01       3.03164e+00
  700  1.40e-03      4.37366e+00       2.97752e-01       3.01503e+00
  701  1.40e-03      4.39470e+00       2.96253e-01       3.02855e+00
  702  1.40e-03      4.38711e+00       3.34448e-01       3.03622e+00
  703  1.41e-03      4.35600e+00       3.69246e-01       3.02708e+00
  704  1.41e-03      4.34951e+00       3.07420e-01       3.00215e+00
  705  1.41e-03      4.36299e+00       2.92265e-01       3.00608e+00
  706  1.41e-03      4.34189e+00       3.13620e-01       2.99913e+00
  707  1.41e-03      4.34599e+00       3.37477e-01       3.00982e+00
  708  1.42e-03      4.31817e+00       2.60496e-01       2.96561e+00
  709  1.42e-03      4.33927e+00       3.28082e-01       3.00221e+00
  710  1.42e-03      4.34891e+00       2.91783e-01       2.99654e+00
  711  1.42e-03      4.35617e+00       3.37465e-01       3.01660e+00
  712  1.42e-03      4.36276e+00       2.95905e-01       3.00714e+00
  713  1.43e-03      4.38224e+00       3.56209e-01       3.04023e+00
  714  1.43e-03      4.37182e+00       3.27800e-01       3.02381e+00
  715  1.43e-03      4.37051e+00       2.75939e-01       3.00565e+00
  716  1.43e-03      4.36502e+00       2.84502e-01       3.00485e+00
  717  1.43e-03      4.35396e+00       3.01440e-01       3.00312e+00
  718  1.44e-03      4.35483e+00       3.35283e-01       3.01498e+00
  719  1.44e-03      4.35788e+00       3.21355e-01       3.01237e+00
  720  1.44e-03      4.35296e+00       3.21834e-01       3.00925e+00
  721  1.44e-03      4.36651e+00       3.57353e-01       3.03013e+00
  722  1.44e-03      4.37680e+00       2.84916e-01       3.01284e+00
  723  1.45e-03      4.39256e+00       2.65516e-01       3.01688e+00
  724  1.45e-03      4.37853e+00       3.22302e-01       3.02646e+00
  725  1.45e-03      4.37398e+00       3.91036e-01       3.04633e+00
  726  1.45e-03      4.39301e+00       2.75334e-01       3.02045e+00
  727  1.45e-03      4.38468e+00       3.42580e-01       3.03731e+00
  728  1.46e-03      4.41288e+00       3.50397e-01       3.05872e+00
  729  1.46e-03      4.41821e+00       3.21164e-01       3.05253e+00
  730  1.46e-03      4.39116e+00       2.85113e-01       3.02248e+00
  731  1.46e-03      4.41816e+00       3.32038e-01       3.05612e+00
  732  1.46e-03      4.41937e+00       3.08920e-01       3.04922e+00
  733  1.47e-03      4.42276e+00       3.11545e-01       3.05235e+00
  734  1.47e-03      4.42936e+00       2.93929e-01       3.05088e+00
  735  1.47e-03      4.41080e+00       3.39673e-01       3.05376e+00
  736  1.47e-03      4.42283e+00       3.26742e-01       3.05747e+00
  737  1.47e-03      4.42087e+00       3.18479e-01       3.05341e+00
  738  1.48e-03      4.43790e+00       3.02261e-01       3.05936e+00
  739  1.48e-03      4.43949e+00       3.65410e-01       3.08147e+00
  740  1.48e-03      4.44887e+00       3.01989e-01       3.06657e+00
  741  1.48e-03      4.43245e+00       2.99403e-01       3.05477e+00
  742  1.48e-03      4.47194e+00       3.62648e-01       3.10217e+00
  743  1.49e-03      4.45992e+00       3.39130e-01       3.08632e+00
  744  1.49e-03      4.47490e+00       2.88368e-01       3.07939e+00
  745  1.49e-03      4.45295e+00       3.46011e-01       3.08397e+00
  746  1.49e-03      4.49009e+00       3.09062e-01       3.09641e+00
  747  1.49e-03      4.46261e+00       3.11208e-01       3.07881e+00
  748  1.50e-03      4.47825e+00       3.54035e-01       3.10351e+00
  749  1.50e-03      4.44931e+00       3.64902e-01       3.08784e+00
  750  1.50e-03      4.47457e+00       2.87094e-01       3.07874e+00
  751  1.50e-03      4.43518e+00       3.45280e-01       3.07188e+00
  752  1.50e-03      4.48976e+00       3.21580e-01       3.10037e+00
  753  1.51e-03      4.46303e+00       3.66742e-01       3.09760e+00
  754  1.51e-03      4.45816e+00       3.10468e-01       3.07559e+00
  755  1.51e-03      4.45629e+00       2.97919e-01       3.07017e+00
  756  1.51e-03      4.48042e+00       3.31635e-01       3.09749e+00
  757  1.51e-03      4.45156e+00       3.23672e-01       3.07560e+00
  758  1.52e-03      4.47101e+00       3.03628e-01       3.08188e+00
  759  1.52e-03      4.48049e+00       3.30479e-01       3.09715e+00
  760  1.52e-03      4.48829e+00       3.35902e-01       3.10416e+00
  761  1.52e-03      4.47229e+00       3.16428e-01       3.08700e+00
  762  1.52e-03      4.47516e+00       3.71167e-01       3.10716e+00
  763  1.53e-03      4.45887e+00       4.15257e-01       3.11100e+00
  764  1.53e-03      4.47284e+00       3.43159e-01       3.09628e+00
  765  1.53e-03      4.46518e+00       3.27971e-01       3.08611e+00
  766  1.53e-03      4.46799e+00       3.13500e-01       3.08316e+00
  767  1.53e-03      4.46417e+00       3.69043e-01       3.09913e+00
  768  1.54e-03      4.47548e+00       2.74916e-01       3.07529e+00
  769  1.54e-03      4.46390e+00       2.97728e-01       3.07518e+00
  770  1.54e-03      4.43080e+00       3.58204e-01       3.07327e+00
  771  1.54e-03      4.42486e+00       3.97311e-01       3.08234e+00
  772  1.54e-03      4.43170e+00       3.24572e-01       3.06266e+00
  773  1.55e-03      4.44321e+00       3.55722e-01       3.08071e+00
  774  1.55e-03      4.43943e+00       3.54013e-01       3.07763e+00
  775  1.55e-03      4.41842e+00       3.24399e-01       3.05374e+00
  776  1.55e-03      4.43505e+00       3.31628e-01       3.06724e+00
  777  1.55e-03      4.44195e+00       4.28714e-01       3.10421e+00
  778  1.56e-03      4.42521e+00       3.43350e-01       3.06459e+00
  779  1.56e-03      4.42323e+00       3.29962e-01       3.05881e+00
  780  1.56e-03      4.40672e+00       3.31740e-01       3.04839e+00
  781  1.56e-03      4.41021e+00       3.62509e-01       3.06097e+00
  782  1.56e-03      4.40676e+00       2.92342e-01       3.03529e+00
  783  1.57e-03      4.36519e+00       3.74194e-01       3.03486e+00
  784  1.57e-03      4.36933e+00       3.57193e-01       3.03195e+00
  785  1.57e-03      4.37361e+00       3.55197e-01       3.03414e+00
  786  1.57e-03      4.36888e+00       3.44487e-01       3.02742e+00
  787  1.57e-03      4.36111e+00       3.59077e-01       3.02710e+00
  788  1.58e-03      4.35131e+00       3.40099e-01       3.01424e+00
  789  1.58e-03      4.36153e+00       3.18951e-01       3.01400e+00
  790  1.58e-03      4.34055e+00       2.50737e-01       2.97728e+00
  791  1.58e-03      4.34812e+00       2.99904e-01       2.99871e+00
  792  1.58e-03      4.35110e+00       3.74578e-01       3.02559e+00
  793  1.59e-03      4.37354e+00       3.09223e-01       3.01877e+00
  794  1.59e-03      4.34174e+00       3.29176e-01       3.00422e+00
  795  1.59e-03      4.33564e+00       3.66583e-01       3.01262e+00
  796  1.59e-03      4.32965e+00       3.56917e-01       3.00540e+00
  797  1.59e-03      4.35954e+00       2.98241e-01       3.00577e+00
  798  1.60e-03      4.37008e+00       3.22838e-01       3.02100e+00
  799  1.60e-03      4.38137e+00       3.27237e-01       3.02999e+00
  800  1.60e-03      4.36971e+00       3.21115e-01       3.02018e+00
  801  1.60e-03      4.37515e+00       3.35141e-01       3.02848e+00
  802  1.60e-03      4.33943e+00       3.40007e-01       3.00629e+00
  803  1.61e-03      4.37753e+00       3.66177e-01       3.04042e+00
  804  1.61e-03      4.36451e+00       2.83237e-01       3.00409e+00
  805  1.61e-03      4.39410e+00       3.42922e-01       3.04370e+00
  806  1.61e-03      4.40136e+00       3.33511e-01       3.04541e+00
  807  1.61e-03      4.39727e+00       3.45852e-01       3.04680e+00
  808  1.62e-03      4.37191e+00       3.05329e-01       3.01638e+00
  809  1.62e-03      4.37900e+00       3.92306e-01       3.05010e+00
  810  1.62e-03      4.36610e+00       3.50704e-01       3.02763e+00
  811  1.62e-03      4.36883e+00       3.37684e-01       3.02511e+00
  812  1.62e-03      4.36263e+00       3.18817e-01       3.01469e+00
  813  1.63e-03      4.36069e+00       3.29926e-01       3.01710e+00
  814  1.63e-03      4.39016e+00       3.48439e-01       3.04292e+00
  815  1.63e-03      4.38516e+00       3.50858e-01       3.04040e+00
  816  1.63e-03      4.35834e+00       3.08970e-01       3.00855e+00
  817  1.63e-03      4.36277e+00       3.29555e-01       3.01837e+00
  818  1.64e-03      4.35337e+00       3.38360e-01       3.01503e+00
  819  1.64e-03      4.36700e+00       3.53141e-01       3.02905e+00
  820  1.64e-03      4.36317e+00       3.78457e-01       3.03493e+00
  821  1.64e-03      4.37100e+00       3.84120e-01       3.04204e+00
  822  1.64e-03      4.36269e+00       3.46140e-01       3.02384e+00
  823  1.65e-03      4.37023e+00       3.42472e-01       3.02764e+00
  824  1.65e-03      4.36452e+00       3.54629e-01       3.02789e+00
  825  1.65e-03      4.39719e+00       3.37713e-01       3.04403e+00
  826  1.65e-03      4.41382e+00       3.21446e-01       3.04969e+00
  827  1.65e-03      4.40597e+00       3.17555e-01       3.04317e+00
  828  1.66e-03      4.39912e+00       3.10551e-01       3.03626e+00
  829  1.66e-03      4.40228e+00       3.43037e-01       3.04920e+00
  830  1.66e-03      4.39713e+00       3.85702e-01       3.05999e+00
  831  1.66e-03      4.39808e+00       3.88038e-01       3.06140e+00
  832  1.66e-03      4.40767e+00       3.13964e-01       3.04310e+00
  833  1.67e-03      4.38651e+00       3.44329e-01       3.03912e+00
  834  1.67e-03      4.40246e+00       3.54422e-01       3.05312e+00
  835  1.67e-03      4.35546e+00       3.48953e-01       3.01996e+00
  836  1.67e-03      4.36047e+00       3.33211e-01       3.01805e+00
  837  1.67e-03      4.35313e+00       3.82685e-01       3.02965e+00
  838  1.68e-03      4.40004e+00       4.18759e-01       3.07295e+00
  839  1.68e-03      4.37608e+00       3.48262e-01       3.03347e+00
  840  1.68e-03      4.38453e+00       2.98256e-01       3.02244e+00
  841  1.68e-03      4.34653e+00       3.69863e-01       3.02097e+00
  842  1.68e-03      4.37463e+00       3.57419e-01       3.03556e+00
  843  1.69e-03      4.36892e+00       3.12710e-01       3.01685e+00
  844  1.69e-03      4.37017e+00       3.16070e-01       3.01880e+00
  845  1.69e-03      4.36462e+00       4.04433e-01       3.04456e+00
  846  1.69e-03      4.36790e+00       3.62922e-01       3.03291e+00
  847  1.69e-03      4.34662e+00       3.32123e-01       3.00845e+00
  848  1.70e-03      4.36342e+00       3.82958e-01       3.03660e+00
  849  1.70e-03      4.35030e+00       3.87740e-01       3.02944e+00
  850  1.70e-03      4.37869e+00       3.17947e-01       3.02511e+00
  851  1.70e-03      4.37231e+00       3.22862e-01       3.02249e+00
  852  1.70e-03      4.40062e+00       4.61797e-01       3.08768e+00
  853  1.71e-03      4.38529e+00       3.82918e-01       3.05116e+00
  854  1.71e-03      4.39334e+00       3.50600e-01       3.04576e+00
  855  1.71e-03      4.36091e+00       3.55955e-01       3.02593e+00
  856  1.71e-03      4.38620e+00       3.60391e-01       3.04427e+00
  857  1.71e-03      4.36337e+00       3.46471e-01       3.02441e+00
  858  1.72e-03      4.37960e+00       3.15610e-01       3.02494e+00
  859  1.72e-03      4.35075e+00       3.49377e-01       3.01696e+00
  860  1.72e-03      4.37897e+00       3.60355e-01       3.03943e+00
  861  1.72e-03      4.33186e+00       3.60014e-01       3.00791e+00
  862  1.72e-03      4.36019e+00       3.49476e-01       3.02328e+00
  863  1.73e-03      4.34711e+00       4.08168e-01       3.03413e+00
  864  1.73e-03      4.36696e+00       3.97756e-01       3.04389e+00
  865  1.73e-03      4.36568e+00       3.68064e-01       3.03314e+00
  866  1.73e-03      4.38081e+00       3.81638e-01       3.04775e+00
  867  1.73e-03      4.35539e+00       3.62334e-01       3.02437e+00
  868  1.74e-03      4.36750e+00       3.13991e-01       3.01633e+00
  869  1.74e-03      4.35594e+00       3.87007e-01       3.03296e+00
  870  1.74e-03      4.32255e+00       4.07221e-01       3.01744e+00
  871  1.74e-03      4.30933e+00       3.11702e-01       2.97679e+00
  872  1.74e-03      4.32162e+00       3.02318e-01       2.98185e+00
  873  1.75e-03      4.31941e+00       3.65743e-01       3.00152e+00
  874  1.75e-03      4.31391e+00       3.51679e-01       2.99317e+00
  875  1.75e-03      4.31893e+00       3.50495e-01       2.99612e+00
  876  1.75e-03      4.32329e+00       4.08491e-01       3.01836e+00
  877  1.75e-03      4.29415e+00       4.06808e-01       2.99837e+00
  878  1.76e-03      4.30619e+00       3.67654e-01       2.99334e+00
  879  1.76e-03      4.30987e+00       3.39178e-01       2.98631e+00
  880  1.76e-03      4.29858e+00       3.93489e-01       2.99688e+00
  881  1.76e-03      4.28201e+00       3.84320e-01       2.98278e+00
  882  1.76e-03      4.29252e+00       3.31437e-01       2.97216e+00
  883  1.77e-03      4.30153e+00       3.48654e-01       2.98391e+00
  884  1.77e-03      4.31092e+00       3.73951e-01       2.99860e+00
  885  1.77e-03      4.32041e+00       3.65281e-01       3.00203e+00
  886  1.77e-03      4.29134e+00       3.86152e-01       2.98961e+00
  887  1.77e-03      4.28966e+00       4.10212e-01       2.99651e+00
  888  1.78e-03      4.26861e+00       4.37067e-01       2.99143e+00
  889  1.78e-03      4.27071e+00       3.37909e-01       2.95977e+00
  890  1.78e-03      4.22093e+00       3.48592e-01       2.93015e+00
  891  1.78e-03      4.24541e+00       3.96107e-01       2.96231e+00
  892  1.78e-03      4.23414e+00       4.17627e-01       2.96197e+00
  893  1.79e-03      4.24326e+00       2.98027e-01       2.92818e+00
  894  1.79e-03      4.23779e+00       3.63099e-01       2.94622e+00
  895  1.79e-03      4.23928e+00       4.17660e-01       2.96541e+00
  896  1.79e-03      4.20826e+00       3.65015e-01       2.92718e+00
  897  1.79e-03      4.23376e+00       3.79885e-01       2.94913e+00
  898  1.80e-03      4.24041e+00       4.02304e-01       2.96104e+00
  899  1.80e-03      4.25527e+00       3.61823e-01       2.95745e+00
  900  1.80e-03      4.23923e+00       3.16556e-01       2.93167e+00
  901  1.80e-03      4.25143e+00       3.89583e-01       2.96415e+00
  902  1.80e-03      4.25398e+00       3.94439e-01       2.96747e+00
  903  1.81e-03      4.27660e+00       4.10739e-01       2.98798e+00
  904  1.81e-03      4.25372e+00       4.35075e-01       2.98084e+00
  905  1.81e-03      4.25775e+00       4.05843e-01       2.97378e+00
  906  1.81e-03      4.22871e+00       3.75161e-01       2.94419e+00
  907  1.81e-03      4.25250e+00       3.64232e-01       2.95641e+00
  908  1.82e-03      4.24116e+00       4.43230e-01       2.97518e+00
  909  1.82e-03      4.26382e+00       4.47359e-01       2.99167e+00
  910  1.82e-03      4.24666e+00       3.76540e-01       2.95662e+00
  911  1.82e-03      4.25769e+00       3.47764e-01       2.95438e+00
  912  1.82e-03      4.22647e+00       3.64308e-01       2.93908e+00
  913  1.83e-03      4.25190e+00       3.73684e-01       2.95916e+00
  914  1.83e-03      4.24361e+00       3.20237e-01       2.93582e+00
  915  1.83e-03      4.28187e+00       3.77772e-01       2.98050e+00
  916  1.83e-03      4.24735e+00       4.08274e-01       2.96766e+00
  917  1.83e-03      4.24852e+00       3.61780e-01       2.95294e+00
  918  1.84e-03      4.26920e+00       3.66339e-01       2.96825e+00
  919  1.84e-03      4.26639e+00       4.51057e-01       2.99461e+00
  920  1.84e-03      4.24396e+00       4.91495e-01       2.99314e+00
  921  1.84e-03      4.23626e+00       3.21588e-01       2.93137e+00
  922  1.84e-03      4.24095e+00       3.51904e-01       2.94460e+00
  923  1.85e-03      4.24950e+00       4.12849e-01       2.97061e+00
  924  1.85e-03      4.21999e+00       3.44747e-01       2.92825e+00
  925  1.85e-03      4.22622e+00       3.50904e-01       2.93445e+00
  926  1.85e-03      4.24918e+00       4.37743e-01       2.97870e+00
  927  1.85e-03      4.25810e+00       3.73366e-01       2.96319e+00
  928  1.86e-03      4.25763e+00       3.62019e-01       2.95910e+00
  929  1.86e-03      4.26672e+00       4.03791e-01       2.97908e+00
  930  1.86e-03      4.30497e+00       4.41820e-01       3.01726e+00
  931  1.86e-03      4.26713e+00       3.56759e-01       2.96367e+00
  932  1.86e-03      4.25165e+00       3.49396e-01       2.95090e+00
  933  1.87e-03      4.23817e+00       3.82905e-01       2.95308e+00
  934  1.87e-03      4.26956e+00       4.29858e-01       2.98966e+00
  935  1.87e-03      4.24785e+00       3.53406e-01       2.94970e+00
  936  1.87e-03      4.28554e+00       3.75006e-01       2.98203e+00
  937  1.87e-03      4.27531e+00       4.69513e-01       3.00671e+00
  938  1.88e-03      4.28116e+00       3.84012e-01       2.98211e+00
  939  1.88e-03      4.27020e+00       3.47454e-01       2.96262e+00
  940  1.88e-03      4.28880e+00       3.98352e-01       2.99198e+00
  941  1.88e-03      4.24771e+00       4.48206e-01       2.98121e+00
  942  1.88e-03      4.24097e+00       3.65020e-01       2.94898e+00
  943  1.89e-03      4.21137e+00       3.51334e-01       2.92469e+00
  944  1.89e-03      4.22459e+00       4.16137e-01       2.95510e+00
  945  1.89e-03      4.20280e+00       3.88232e-01       2.93128e+00
  946  1.89e-03      4.21042e+00       3.71273e-01       2.93070e+00
  947  1.89e-03      4.20649e+00       3.86303e-01       2.93310e+00
  948  1.90e-03      4.21998e+00       4.43912e-01       2.96129e+00
  949  1.90e-03      4.19677e+00       3.37509e-01       2.91035e+00
  950  1.90e-03      4.18232e+00       3.28779e-01       2.89780e+00
  951  1.90e-03      4.15180e+00       4.59833e-01       2.92115e+00
  952  1.90e-03      4.17850e+00       4.34844e-01       2.93062e+00
  953  1.91e-03      4.15576e+00       4.29217e-01       2.91358e+00
  954  1.91e-03      4.16578e+00       4.63841e-01       2.93180e+00
  955  1.91e-03      4.16279e+00       3.74736e-01       2.90011e+00
  956  1.91e-03      4.16623e+00       3.77618e-01       2.90336e+00
  957  1.91e-03      4.15006e+00       3.66862e-01       2.88900e+00
  958  1.92e-03      4.16963e+00       3.75687e-01       2.90498e+00
  959  1.92e-03      4.16239e+00       3.89916e-01       2.90490e+00
  960  1.92e-03      4.17471e+00       3.79876e-01       2.90977e+00
  961  1.92e-03      4.17804e+00       4.00948e-01       2.91901e+00
  962  1.92e-03      4.18074e+00       4.64180e-01       2.94189e+00
  963  1.93e-03      4.17492e+00       4.47305e-01       2.93238e+00
  964  1.93e-03      4.18938e+00       3.99542e-01       2.92610e+00
  965  1.93e-03      4.16933e+00       4.40709e-01       2.92646e+00
  966  1.93e-03      4.18822e+00       3.84130e-01       2.92019e+00
  967  1.93e-03      4.17955e+00       4.03589e-01       2.92090e+00
  968  1.94e-03      4.18448e+00       4.56931e-01       2.94196e+00
  969  1.94e-03      4.16403e+00       4.29849e-01       2.91930e+00
  970  1.94e-03      4.16500e+00       3.96033e-01       2.90868e+00
  971  1.94e-03      4.18464e+00       2.92439e-01       2.88724e+00
  972  1.94e-03      4.17106e+00       3.76828e-01       2.90631e+00
  973  1.95e-03      4.16101e+00       4.20628e-01       2.91422e+00
  974  1.95e-03      4.17980e+00       3.28353e-01       2.89598e+00
  975  1.95e-03      4.17224e+00       4.13811e-01       2.91943e+00
  976  1.95e-03      4.17114e+00       4.76191e-01       2.93949e+00
  977  1.95e-03      4.16697e+00       4.25989e-01       2.91998e+00
  978  1.96e-03      4.14055e+00       4.09781e-01       2.89696e+00
  979  1.96e-03      4.15542e+00       4.57670e-01       2.92284e+00
  980  1.96e-03      4.15384e+00       3.88578e-01       2.89875e+00
  981  1.96e-03      4.18396e+00       3.62110e-01       2.91001e+00
  982  1.96e-03      4.15967e+00       4.38944e-01       2.91943e+00
  983  1.97e-03      4.16055e+00       3.90989e-01       2.90403e+00
  984  1.97e-03      4.14222e+00       4.56108e-01       2.91352e+00
  985  1.97e-03      4.18559e+00       3.78561e-01       2.91658e+00
  986  1.97e-03      4.15454e+00       3.85957e-01       2.89835e+00
  987  1.97e-03      4.15323e+00       4.66438e-01       2.92430e+00
  988  1.98e-03      4.13283e+00       3.92572e-01       2.88608e+00
  989  1.98e-03      4.13808e+00       3.70726e-01       2.88229e+00
  990  1.98e-03      4.16634e+00       4.53207e-01       2.92863e+00
  991  1.98e-03      4.16477e+00       4.40568e-01       2.92337e+00
  992  1.98e-03      4.14383e+00       3.96429e-01       2.89469e+00
  993  1.99e-03      4.15372e+00       4.22981e-01       2.91014e+00
  994  1.99e-03      4.15696e+00       4.11254e-01       2.90839e+00
  995  1.99e-03      4.16886e+00       4.03143e-01       2.91362e+00
  996  1.99e-03      4.13409e+00       4.16604e-01       2.89493e+00
  997  1.99e-03      4.13000e+00       4.15895e-01       2.89197e+00
  998  2.00e-03      4.13749e+00       3.93812e-01       2.88960e+00
  999  2.00e-03      4.14338e+00       4.11981e-01       2.89958e+00
