Delta = -2.000e+00 gamma
 step      t        T_in_plane/mK   T_out_of_plane/mK   T_tot/mK
    0  0.00e+00      1.88638e-29       0.00000e+00       1.25759e-29
    1  1.00e-06      4.06980e-03       5.08144e-03       4.40701e-03
    2  2.00e-06      7.57762e-03       1.03762e-02       8.51047e-03
    3  3.00e-06      9.48469e-03       1.29441e-02       1.06378e-02
    4  4.00e-06      1.27056e-02       2.08817e-02       1.54309e-02
    5  5.00e-06      1.42104e-02       2.54264e-02       1.79490e-02
    6  6.00e-06      1.59848e-02       3.44869e-02       2.21522e-02
    7  7.00e-06      1.94682e-02       2.95371e-02       2.28245e-02
    8  8.00e-06      2.20980e-02       3.83125e-02       2.75028e-02
    9  9.00e-06      2.48535e-02       3.80170e-02       2.92414e-02
   10  1.00e-05      2.83732e-02       4.15645e-02       3.27703e-02
   11  1.10e-05      3.25876e-02       5.68534e-02       4.06762e-02
   12  1.20e-05      3.72604e-02       4.89837e-02       4.11682e-02
   13  1.30e-05      3.97331e-02       5.53997e-02       4.49553e-02
   14  1.40e-05      4.15767e-02       5.98533e-02       4.76689e-02
   15  1.50e-05      4.44390e-02       7.75334e-02       5.54705e-02
   16  1.60e-05      4.80056e-02       7.49786e-02       5.69966e-02
   17  1.70e-05      5.18134e-02       7.52476e-02       5.96248e-02
   18  1.80e-05      5.58404e-02       6.88822e-02       6.01877e-02
   19  1.90e-05      5.76041e-02       7.70701e-02       6.40928e-02
   20  2.00e-05      6.43927e-02       7.41242e-02       6.76365e-02
   21  2.10e-05      6.73484e-02       8.04963e-02       7.17310e-02
   22  2.20e-05      6.91897e-02       8.24744e-02       7.36179e-02
   23  2.30e-05      7.19285e-02       1.12956e-01       8.56045e-02
   24  2.40e-05      7.82247e-02       9.81905e-02       8.48800e-02
   25  2.50e-05      8.15215e-02       1.09243e-01       9.07619e-02
   26  2.60e-05      8.64566e-02       1.13273e-01       9.53955e-02
   27  2.70e-05      8.72137e-02       1.03489e-01       9.26387e-02
   28  2.80e-05      8.93888e-02       1.15438e-01       9.80719e-02
   29  2.90e-05      9.32594e-02       1.18818e-01       1.01779e-01
   30  3.00e-05      9.35917e-02       1.19121e-01       1.02101e-01
   31  3.10e-05      9.51956e-02       1.58828e-01       1.16406e-01
   32  3.20e-05      9.90797e-02       1.15854e-01       1.04671e-01
   33  3.30e-05      9.95012e-02       1.62989e-01       1.20664e-01
   34  3.40e-05      1.01450e-01       1.40793e-01       1.14564e-01
   35  3.50e-05      1.01214e-01       1.23012e-01       1.08480e-01
   36  3.60e-05      1.08430e-01       1.22152e-01       1.13004e-01
   37  3.70e-05      1.08546e-01       1.40356e-01       1.19149e-01
   38  3.80e-05      1.12683e-01       1.57699e-01       1.27688e-01
   39  3.90e-05      1.18283e-01       1.51417e-01       1.29328e-01
   40  4.00e-05      1.21600e-01       1.45019e-01       1.29406e-01
   41  4.10e-05      1.23513e-01       1.61560e-01       1.36195e-01
   42  4.20e-05      1.26018e-01       1.73459e-01       1.41832e-01
   43  4.30e-05      1.30323e-01       1.51976e-01       1.37541e-01
   44  4.40e-05      1.36646e-01       1.71051e-01       1.48114e-01
   45  4.50e-05      1.40783e-01       1.93937e-01       1.58501e-01
   46  4.60e-05      1.38341e-01       1.91332e-01       1.56004e-01
   47  4.70e-05      1.45543e-01       1.75120e-01       1.55402e-01
   48  4.80e-05      1.47375e-01       1.73158e-01       1.55969e-01
   49  4.90e-05      1.48422e-01       2.03717e-01       1.66854e-01
   50  5.00e-05      1.54144e-01       1.87124e-01       1.65137e-01
   51  5.10e-05      1.55421e-01       1.51011e-01       1.53951e-01
   52  5.20e-05      1.59642e-01       1.64997e-01       1.61427e-01
   53  5.30e-05      1.64242e-01       2.04771e-01       1.77752e-01
   54  5.40e-05      1.70946e-01       1.84843e-01       1.75578e-01
   55  5.50e-05      1.78248e-01       2.21275e-01       1.92590e-01
   56  5.60e-05      1.83440e-01       1.97596e-01       1.88159e-01
   57  5.70e-05      1.86124e-01       2.36635e-01       2.02961e-01
   58  5.80e-05      1.94105e-01       2.07432e-01       1.98547e-01
   59  5.90e-05      2.00876e-01       2.03511e-01       2.01754e-01
   60  6.00e-05      2.01781e-01       2.47212e-01       2.16925e-01
   61  6.10e-05      2.05592e-01       2.06795e-01       2.05993e-01
   62  6.20e-05      2.04561e-01       2.10565e-01       2.06563e-01
   63  6.30e-05      2.01738e-01       2.09945e-01       2.04474e-01
   64  6.40e-05      2.09329e-01       2.36613e-01       2.18423e-01
   65  6.50e-05      2.18131e-01       2.12330e-01       2.16197e-01
   66  6.60e-05      2.23678e-01       2.49015e-01       2.32124e-01
   67  6.70e-05      2.32777e-01       2.26533e-01       2.30695e-01
   68  6.80e-05      2.30133e-01       2.21100e-01       2.27122e-01
   69  6.90e-05      2.34345e-01       2.67478e-01       2.45389e-01
   70  7.00e-05      2.43682e-01       2.92582e-01       2.59982e-01
   71  7.10e-05      2.44170e-01       2.36365e-01       2.41568e-01
   72  7.20e-05      2.45900e-01       2.36276e-01       2.42692e-01
   73  7.30e-05      2.49391e-01       2.20205e-01       2.39662e-01
   74  7.40e-05      2.53050e-01       1.94514e-01       2.33538e-01
   75  7.50e-05      2.55750e-01       2.74218e-01       2.61906e-01
   76  7.60e-05      2.57236e-01       2.67747e-01       2.60740e-01
   77  7.70e-05      2.60136e-01       2.04859e-01       2.41710e-01
   78  7.80e-05      2.65690e-01       2.76230e-01       2.69203e-01
   79  7.90e-05      2.67513e-01       2.34773e-01       2.56600e-01
   80  8.00e-05      2.72477e-01       1.97905e-01       2.47620e-01
   81  8.10e-05      2.76803e-01       2.46844e-01       2.66817e-01
   82  8.20e-05      2.85515e-01       2.39539e-01       2.70190e-01
   83  8.30e-05      2.88819e-01       2.38391e-01       2.72010e-01
   84  8.40e-05      2.87580e-01       2.32753e-01       2.69305e-01
   85  8.50e-05      2.89685e-01       2.65026e-01       2.81465e-01
   86  8.60e-05      2.90691e-01       2.57308e-01       2.79563e-01
   87  8.70e-05      2.99886e-01       2.31787e-01       2.77186e-01
   88  8.80e-05      2.97597e-01       2.82432e-01       2.92542e-01
   89  8.90e-05      2.95950e-01       2.26827e-01       2.72909e-01
   90  9.00e-05      3.02512e-01       2.28822e-01       2.77949e-01
   91  9.10e-05      3.00702e-01       2.55701e-01       2.85701e-01
   92  9.20e-05      3.02226e-01       2.47692e-01       2.84048e-01
   93  9.30e-05      3.05390e-01       2.10460e-01       2.73747e-01
   94  9.40e-05      3.11538e-01       2.29097e-01       2.84057e-01
   95  9.50e-05      3.09820e-01       2.47782e-01       2.89141e-01
   96  9.60e-05      3.09091e-01       1.99035e-01       2.72406e-01
   97  9.70e-05      3.16606e-01       2.41445e-01       2.91552e-01
   98  9.80e-05      3.20588e-01       2.08910e-01       2.83362e-01
   99  9.90e-05      3.24409e-01       2.59841e-01       3.02887e-01
  100  1.00e-04      3.26029e-01       2.30120e-01       2.94059e-01
  101  1.01e-04      3.34350e-01       1.95454e-01       2.88052e-01
  102  1.02e-04      3.38531e-01       2.11102e-01       2.96055e-01
  103  1.03e-04      3.39911e-01       2.49130e-01       3.09650e-01
  104  1.04e-04      3.45125e-01       2.40407e-01       3.10219e-01
  105  1.05e-04      3.53992e-01       2.37815e-01       3.15266e-01
  106  1.06e-04      3.59344e-01       2.55497e-01       3.24728e-01
  107  1.07e-04      3.62853e-01       2.47567e-01       3.24424e-01
  108  1.08e-04      3.67702e-01       2.66869e-01       3.34091e-01
  109  1.09e-04      3.74530e-01       2.33025e-01       3.27362e-01
  110  1.10e-04      3.82069e-01       2.44736e-01       3.36291e-01
  111  1.11e-04      3.87818e-01       2.69633e-01       3.48423e-01
  112  1.12e-04      3.88333e-01       2.46477e-01       3.41047e-01
  113  1.13e-04      3.89913e-01       2.52581e-01       3.44135e-01
  114  1.14e-04      3.87927e-01       2.45010e-01       3.40288e-01
  115  1.15e-04      3.94156e-01       2.85446e-01       3.57919e-01
  116  1.16e-04      4.04804e-01       2.65991e-01       3.58533e-01
  117  1.17e-04      4.12487e-01       2.29811e-01       3.51595e-01
  118  1.18e-04      4.16266e-01       2.17661e-01       3.50064e-01
  119  1.19e-04      4.28623e-01       2.69628e-01       3.75625e-01
  120  1.20e-04      4.34898e-01       2.55901e-01       3.75232e-01
  121  1.21e-04      4.36231e-01       2.37200e-01       3.69887e-01
  122  1.22e-04      4.38266e-01       2.62211e-01       3.79581e-01
  123  1.23e-04      4.40459e-01       2.17644e-01       3.66187e-01
  124  1.24e-04      4.46468e-01       2.47855e-01       3.80263e-01
  125  1.25e-04      4.48277e-01       2.23937e-01       3.73497e-01
  126  1.26e-04      4.50615e-01       2.42533e-01       3.81255e-01
  127  1.27e-04      4.56035e-01       2.50307e-01       3.87459e-01
  128  1.28e-04      4.60352e-01       2.53199e-01       3.91301e-01
  129  1.29e-04      4.62134e-01       2.34436e-01       3.86235e-01
  130  1.30e-04      4.66275e-01       2.58924e-01       3.97158e-01
  131  1.31e-04      4.80285e-01       2.19854e-01       3.93475e-01
  132  1.32e-04      4.78786e-01       3.07285e-01       4.21619e-01
  133  1.33e-04      4.78284e-01       2.39546e-01       3.98704e-01
  134  1.34e-04      4.79921e-01       2.50818e-01       4.03553e-01
  135  1.35e-04      4.79104e-01       2.48802e-01       4.02337e-01
  136  1.36e-04      4.88696e-01       3.02678e-01       4.26690e-01
  137  1.37e-04      4.92982e-01       2.65291e-01       4.17085e-01
  138  1.38e-04      4.97371e-01       2.60589e-01       4.18444e-01
  139  1.39e-04      5.02837e-01       2.60964e-01       4.22213e-01
  140  1.40e-04      5.03595e-01       2.03564e-01       4.03585e-01
  141  1.41e-04      5.16697e-01       2.86105e-01       4.39833e-01
  142  1.42e-04      5.35061e-01       2.57899e-01       4.42673e-01
  143  1.43e-04      5.37951e-01       2.18142e-01       4.31348e-01
  144  1.44e-04      5.45487e-01       2.44453e-01       4.45142e-01
  145  1.45e-04      5.39159e-01       2.60307e-01       4.46208e-01
  146  1.46e-04      5.34179e-01       2.44820e-01       4.37726e-01
  147  1.47e-04      5.33902e-01       1.93410e-01       4.20405e-01
  148  1.48e-04      5.38994e-01       2.70008e-01       4.49332e-01
  149  1.49e-04      5.44814e-01       2.24668e-01       4.38099e-01
  150  1.50e-04      5.47237e-01       2.69489e-01       4.54654e-01
  151  1.51e-04      5.61703e-01       2.59638e-01       4.61015e-01
  152  1.52e-04      5.55583e-01       2.39407e-01       4.50191e-01
  153  1.53e-04      5.52012e-01       2.85935e-01       4.63320e-01
  154  1.54e-04      5.56164e-01       2.48354e-01       4.53561e-01
  155  1.55e-04      5.58148e-01       2.71225e-01       4.62507e-01
  156  1.56e-04      5.61731e-01       2.76289e-01       4.66584e-01
  157  1.57e-04      5.69566e-01       2.52279e-01       4.63804e-01
  158  1.58e-04      5.64384e-01       2.90689e-01       4.73153e-01
  159  1.59e-04      5.66458e-01       2.64918e-01       4.65944e-01
  160  1.60e-04      5.57194e-01       2.93960e-01       4.69449e-01
  161  1.61e-04      5.62093e-01       2.46291e-01       4.56826e-01
  162  1.62e-04      5.67326e-01       2.96858e-01       4.77170e-01
  163  1.63e-04      5.65647e-01       2.35391e-01       4.55562e-01
  164  1.64e-04      5.66789e-01       2.48616e-01       4.60731e-01
  165  1.65e-04      5.68836e-01       2.30249e-01       4.55974e-01
  166  1.66e-04      5.66433e-01       2.80360e-01       4.71076e-01
  167  1.67e-04      5.70883e-01       2.42568e-01       4.61444e-01
  168  1.68e-04      5.77283e-01       2.35625e-01       4.63397e-01
  169  1.69e-04      5.79419e-01       2.99151e-01       4.85996e-01
  170  1.70e-04      5.85075e-01       3.14933e-01       4.95027e-01
  171  1.71e-04      5.86880e-01       2.68781e-01       4.80847e-01
  172  1.72e-04      5.80414e-01       2.73138e-01       4.77989e-01
  173  1.73e-04      5.78369e-01       3.08028e-01       4.88255e-01
  174  1.74e-04      5.88176e-01       3.00547e-01       4.92299e-01
  175  1.75e-04      5.88337e-01       2.72232e-01       4.82969e-01
  176  1.76e-04      5.93368e-01       3.01386e-01       4.96041e-01
  177  1.77e-04      5.88967e-01       2.78729e-01       4.85555e-01
  178  1.78e-04      5.88340e-01       2.33515e-01       4.70065e-01
  179  1.79e-04      5.97804e-01       3.34332e-01       5.09980e-01
  180  1.80e-04      5.97334e-01       2.98802e-01       4.97823e-01
  181  1.81e-04      5.96018e-01       2.71321e-01       4.87786e-01
  182  1.82e-04      6.08715e-01       3.36548e-01       5.17992e-01
  183  1.83e-04      6.18333e-01       3.13485e-01       5.16717e-01
  184  1.84e-04      6.28586e-01       3.28603e-01       5.28592e-01
  185  1.85e-04      6.34639e-01       3.05488e-01       5.24922e-01
  186  1.86e-04      6.29231e-01       3.00113e-01       5.19525e-01
  187  1.87e-04      6.37093e-01       3.32462e-01       5.35549e-01
  188  1.88e-04      6.40354e-01       2.83561e-01       5.21423e-01
  189  1.89e-04      6.33809e-01       2.67928e-01       5.11848e-01
  190  1.90e-04      6.46452e-01       3.08627e-01       5.33844e-01
  191  1.91e-04      6.41818e-01       3.01741e-01       5.28459e-01
  192  1.92e-04      6.50932e-01       2.73865e-01       5.25243e-01
  193  1.93e-04      6.65283e-01       3.22442e-01       5.51003e-01
  194  1.94e-04      6.63761e-01       2.95307e-01       5.40943e-01
  195  1.95e-04      6.76514e-01       2.46812e-01       5.33280e-01
  196  1.96e-04      6.79208e-01       3.02683e-01       5.53700e-01
  197  1.97e-04      6.72225e-01       2.72057e-01       5.38836e-01
  198  1.98e-04      6.76657e-01       2.80641e-01       5.44652e-01
  199  1.99e-04      6.82928e-01       3.06249e-01       5.57368e-01
  200  2.00e-04      6.85034e-01       2.35693e-01       5.35254e-01
  201  2.01e-04      6.85317e-01       3.09970e-01       5.60202e-01
  202  2.02e-04      6.91863e-01       2.72003e-01       5.51910e-01
  203  2.03e-04      6.87976e-01       2.90019e-01       5.55324e-01
  204  2.04e-04      6.97224e-01       2.91917e-01       5.62122e-01
  205  2.05e-04      7.15694e-01       2.84766e-01       5.72051e-01
  206  2.06e-04      7.13037e-01       3.23821e-01       5.83298e-01
  207  2.07e-04      7.27576e-01       2.73917e-01       5.76357e-01
  208  2.08e-04      7.26516e-01       3.04391e-01       5.85808e-01
  209  2.09e-04      7.21051e-01       2.95878e-01       5.79326e-01
  210  2.10e-04      7.30547e-01       2.97136e-01       5.86077e-01
  211  2.11e-04      7.31994e-01       2.58229e-01       5.74072e-01
  212  2.12e-04      7.43222e-01       2.70589e-01       5.85678e-01
  213  2.13e-04      7.52743e-01       3.00728e-01       6.02071e-01
  214  2.14e-04      7.59700e-01       2.62440e-01       5.93946e-01
  215  2.15e-04      7.57712e-01       3.29401e-01       6.14942e-01
  216  2.16e-04      7.56483e-01       2.79604e-01       5.97523e-01
  217  2.17e-04      7.72823e-01       3.47377e-01       6.31007e-01
  218  2.18e-04      7.71087e-01       3.05885e-01       6.16019e-01
  219  2.19e-04      7.74098e-01       3.09841e-01       6.19345e-01
  220  2.20e-04      7.71105e-01       3.04031e-01       6.15414e-01
  221  2.21e-04      7.79881e-01       3.09663e-01       6.23142e-01
  222  2.22e-04      7.78535e-01       3.38124e-01       6.31731e-01
  223  2.23e-04      7.82752e-01       2.84773e-01       6.16759e-01
  224  2.24e-04      7.88485e-01       2.96349e-01       6.24440e-01
  225  2.25e-04      7.95329e-01       3.25172e-01       6.38610e-01
  226  2.26e-04      7.91447e-01       3.28341e-01       6.37078e-01
  227  2.27e-04      7.96840e-01       2.54522e-01       6.16067e-01
  228  2.28e-04      8.00133e-01       3.29673e-01       6.43313e-01
  229  2.29e-04      7.98808e-01       3.11321e-01       6.36312e-01
  230  2.30e-04      8.02694e-01       2.79426e-01       6.28271e-01
  231  2.31e-04      8.00691e-01       2.61388e-01       6.20923e-01
  232  2.32e-04      8.07173e-01       3.07594e-01       6.40646e-01
  233  2.33e-04      8.05010e-01       3.05858e-01       6.38626e-01
  234  2.34e-04      7.96918e-01       2.24956e-01       6.06264e-01
  235  2.35e-04      8.18138e-01       2.11592e-01       6.15956e-01
  236  2.36e-04      8.15597e-01       2.89495e-01       6.40230e-01
  237  2.37e-04      8.32245e-01       2.64460e-01       6.42983e-01
  238  2.38e-04      8.25526e-01       2.48691e-01       6.33248e-01
  239  2.39e-04      8.24384e-01       3.14920e-01       6.54563e-01
  240  2.40e-04      8.35006e-01       2.62701e-01       6.44238e-01
  241  2.41e-04      8.33636e-01       2.86491e-01       6.51255e-01
  242  2.42e-04      8.33366e-01       2.50835e-01       6.39189e-01
  243  2.43e-04      8.32873e-01       2.61003e-01       6.42250e-01
  244  2.44e-04      8.14502e-01       3.26486e-01       6.51830e-01
  245  2.45e-04      8.30890e-01       2.72657e-01       6.44812e-01
  246  2.46e-04      8.19136e-01       2.97230e-01       6.45168e-01
  247  2.47e-04      8.21486e-01       2.84771e-01       6.42581e-01
  248  2.48e-04      8.21489e-01       3.14316e-01       6.52431e-01
  249  2.49e-04      8.20391e-01       3.34648e-01       6.58477e-01
  250  2.50e-04      8.31106e-01       2.81301e-01       6.47837e-01
  251  2.51e-04      8.28999e-01       3.01302e-01       6.53100e-01
  252  2.52e-04      8.18906e-01       3.00180e-01       6.45997e-01
  253  2.53e-04      8.29862e-01       2.97045e-01       6.52256e-01
  254  2.54e-04      8.29511e-01       2.67682e-01       6.42235e-01
  255  2.55e-04      8.36895e-01       2.75611e-01       6.49800e-01
  256  2.56e-04      8.37870e-01       3.14127e-01       6.63289e-01
  257  2.57e-04      8.42571e-01       2.53451e-01       6.46197e-01
  258  2.58e-04      8.48716e-01       2.94072e-01       6.63835e-01
  259  2.59e-04      8.63158e-01       2.72531e-01       6.66282e-01
  260  2.60e-04      8.65105e-01       3.33549e-01       6.87919e-01
  261  2.61e-04      8.75970e-01       2.72693e-01       6.74878e-01
  262  2.62e-04      8.83496e-01       3.21675e-01       6.96222e-01
  263  2.63e-04      8.69193e-01       2.79263e-01       6.72549e-01
  264  2.64e-04      8.83966e-01       2.94907e-01       6.87613e-01
  265  2.65e-04      8.91083e-01       2.57028e-01       6.79731e-01
  266  2.66e-04      8.90256e-01       2.48257e-01       6.76256e-01
  267  2.67e-04      8.98457e-01       3.11093e-01       7.02669e-01
  268  2.68e-04      8.94096e-01       2.73515e-01       6.87236e-01
  269  2.69e-04      8.98628e-01       3.09215e-01       7.02157e-01
  270  2.70e-04      8.92963e-01       3.42002e-01       7.09310e-01
  271  2.71e-04      9.02252e-01       2.59342e-01       6.87948e-01
  272  2.72e-04      9.05660e-01       2.82455e-01       6.97925e-01
  273  2.73e-04      8.94843e-01       2.85729e-01       6.91805e-01
  274  2.74e-04      8.90776e-01       2.65109e-01       6.82221e-01
  275  2.75e-04      8.95816e-01       3.10036e-01       7.00556e-01
  276  2.76e-04      8.81470e-01       2.83221e-01       6.82054e-01
  277  2.77e-04      8.86418e-01       2.76044e-01       6.82960e-01
  278  2.78e-04      8.88288e-01       2.72911e-01       6.83162e-01
  279  2.79e-04      8.86957e-01       2.77339e-01       6.83751e-01
  280  2.80e-04      8.97773e-01       2.84410e-01       6.93318e-01
  281  2.81e-04      8.99819e-01       2.87309e-01       6.95649e-01
  282  2.82e-04      9.10958e-01       2.74637e-01       6.98851e-01
  283  2.83e-04      9.08284e-01       2.61661e-01       6.92743e-01
  284  2.84e-04      9.21239e-01       2.76294e-01       7.06257e-01
  285  2.85e-04      9.27182e-01       2.67027e-01       7.07130e-01
  286  2.86e-04      9.39772e-01       2.64941e-01       7.14828e-01
  287  2.87e-04      9.58388e-01       2.81745e-01       7.32840e-01
  288  2.88e-04      9.55147e-01       2.79045e-01       7.29779e-01
  289  2.89e-04      9.58930e-01       2.45581e-01       7.21147e-01
  290  2.90e-04      9.67948e-01       2.47735e-01       7.27877e-01
  291  2.91e-04      9.79450e-01       2.76272e-01       7.45057e-01
  292  2.92e-04      9.74891e-01       2.46988e-01       7.32257e-01
  293  2.93e-04      9.80003e-01       2.57241e-01       7.39082e-01
  294  2.94e-04      9.74801e-01       2.61833e-01       7.37145e-01
  295  2.95e-04      9.86333e-01       2.77089e-01       7.49918e-01
  296  2.96e-04      9.91215e-01       2.72055e-01       7.51495e-01
  297  2.97e-04      9.99287e-01       3.04217e-01       7.67597e-01
  298  2.98e-04      1.00181e+00       2.81093e-01       7.61569e-01
  299  2.99e-04      9.96130e-01       3.16281e-01       7.69514e-01
  300  3.00e-04      9.97283e-01       2.47971e-01       7.47513e-01
  301  3.01e-04      9.95382e-01       2.75353e-01       7.55372e-01
  302  3.02e-04      9.97756e-01       2.75652e-01       7.57055e-01
  303  3.03e-04      9.92044e-01       2.93546e-01       7.59212e-01
  304  3.04e-04      9.89564e-01       2.78702e-01       7.52610e-01
  305  3.05e-04      9.99613e-01       2.99341e-01       7.66189e-01
  306  3.06e-04      9.90636e-01       2.61407e-01       7.47560e-01
  307  3.07e-04      1.00372e+00       2.96781e-01       7.68071e-01
  308  3.08e-04      1.00398e+00       3.25537e-01       7.77830e-01
  309  3.09e-04      9.90458e-01       2.88097e-01       7.56338e-01
  310  3.10e-04      9.95910e-01       2.89500e-01       7.60440e-01
  311  3.11e-04      9.92454e-01       2.63297e-01       7.49402e-01
  312  3.12e-04      1.00437e+00       2.66384e-01       7.58377e-01
  313  3.13e-04      1.01300e+00       3.06768e-01       7.77589e-01
  314  3.14e-04      1.00952e+00       3.07982e-01       7.75677e-01
  315  3.15e-04      1.03284e+00       3.29677e-01       7.98450e-01
  316  3.16e-04      1.03602e+00       3.36012e-01       8.02685e-01
  317  3.17e-04      1.04564e+00       2.74021e-01       7.88433e-01
  318  3.18e-04      1.04279e+00       2.85797e-01       7.90457e-01
  319  3.19e-04      1.03805e+00       3.35882e-01       8.03992e-01
  320  3.20e-04      1.04090e+00       3.01994e-01       7.94599e-01
  321  3.21e-04      1.04437e+00       3.13277e-01       8.00675e-01
  322  3.22e-04      1.05898e+00       3.03362e-01       8.07106e-01
  323  3.23e-04      1.05785e+00       3.44364e-01       8.20023e-01
  324  3.24e-04      1.08218e+00       3.00381e-01       8.21583e-01
  325  3.25e-04      1.09310e+00       3.01907e-01       8.29369e-01
  326  3.26e-04      1.09784e+00       3.66095e-01       8.53926e-01
  327  3.27e-04      1.09957e+00       2.93465e-01       8.30868e-01
  328  3.28e-04      1.09927e+00       3.29633e-01       8.42726e-01
  329  3.29e-04      1.09534e+00       3.08704e-01       8.33127e-01
  330  3.30e-04      1.09934e+00       2.97238e-01       8.31975e-01
  331  3.31e-04      1.10265e+00       3.19605e-01       8.41632e-01
  332  3.32e-04      1.09627e+00       3.03118e-01       8.31883e-01
  333  3.33e-04      1.09722e+00       2.79698e-01       8.24715e-01
  334  3.34e-04      1.10457e+00       3.36854e-01       8.48664e-01
  335  3.35e-04      1.11505e+00       3.35449e-01       8.55184e-01
  336  3.36e-04      1.10206e+00       3.02462e-01       8.35530e-01
  337  3.37e-04      1.09451e+00       3.73837e-01       8.54286e-01
  338  3.38e-04      1.09085e+00       3.19928e-01       8.33878e-01
  339  3.39e-04      1.07909e+00       3.16623e-01       8.24931e-01
  340  3.40e-04      1.08240e+00       2.66039e-01       8.10281e-01
  341  3.41e-04      1.09290e+00       3.09631e-01       8.31811e-01
  342  3.42e-04      1.09421e+00       2.85046e-01       8.24491e-01
  343  3.43e-04      1.10937e+00       3.05780e-01       8.41507e-01
  344  3.44e-04      1.10292e+00       3.48567e-01       8.51468e-01
  345  3.45e-04      1.10807e+00       3.02245e-01       8.39459e-01
  346  3.46e-04      1.11932e+00       2.54606e-01       8.31084e-01
  347  3.47e-04      1.11693e+00       3.27443e-01       8.53769e-01
  348  3.48e-04      1.13487e+00       2.69203e-01       8.46311e-01
  349  3.49e-04      1.14150e+00       2.60111e-01       8.47706e-01
  350  3.50e-04      1.14483e+00       2.63960e-01       8.51208e-01
  351  3.51e-04      1.13626e+00       2.58249e-01       8.43587e-01
  352  3.52e-04      1.13487e+00       2.98547e-01       8.56099e-01
  353  3.53e-04      1.13182e+00       2.70744e-01       8.44796e-01
  354  3.54e-04      1.13725e+00       2.88223e-01       8.54241e-01
  355  3.55e-04      1.14816e+00       2.43956e-01       8.46761e-01
  356  3.56e-04      1.13964e+00       2.98179e-01       8.59156e-01
  357  3.57e-04      1.15386e+00       2.45585e-01       8.51101e-01
  358  3.58e-04      1.14995e+00       2.78504e-01       8.59467e-01
  359  3.59e-04      1.14413e+00       2.99765e-01       8.62672e-01
  360  3.60e-04      1.14822e+00       2.57509e-01       8.51317e-01
  361  3.61e-04      1.14129e+00       2.92891e-01       8.58491e-01
  362  3.62e-04      1.14851e+00       2.74812e-01       8.57275e-01
  363  3.63e-04      1.15112e+00       2.84056e-01       8.62096e-01
  364  3.64e-04      1.14855e+00       2.72234e-01       8.56443e-01
  365  3.65e-04      1.15612e+00       2.61233e-01       8.57827e-01
  366  3.66e-04      1.14551e+00       2.75134e-01       8.55384e-01
  367  3.67e-04      1.15145e+00       2.71529e-01       8.58142e-01
  368  3.68e-04      1.15593e+00       2.55376e-01       8.55745e-01
  369  3.69e-04      1.14502e+00       2.64187e-01       8.51412e-01
  370  3.70e-04      1.13618e+00       3.08207e-01       8.60189e-01
  371  3.71e-04      1.13139e+00       2.42831e-01       8.35206e-01
  372  3.72e-04      1.13969e+00       3.05330e-01       8.61569e-01
  373  3.73e-04      1.15343e+00       2.71303e-01       8.59386e-01
  374  3.74e-04      1.16538e+00       3.18466e-01       8.83074e-01
  375  3.75e-04      1.16510e+00       2.96350e-01       8.75520e-01
  376  3.76e-04      1.17014e+00       2.77553e-01       8.72614e-01
  377  3.77e-04      1.17301e+00       2.71667e-01       8.72562e-01
  378  3.78e-04      1.18459e+00       2.50176e-01       8.73119e-01
  379  3.79e-04      1.19023e+00       2.69862e-01       8.83443e-01
  380  3.80e-04      1.18977e+00       3.06094e-01       8.95208e-01
  381  3.81e-04      1.18935e+00       2.96900e-01       8.91867e-01
  382  3.82e-04      1.18077e+00       2.81606e-01       8.81049e-01
  383  3.83e-04      1.18487e+00       2.94733e-01       8.88156e-01
  384  3.84e-04      1.18739e+00       2.73445e-01       8.82743e-01
  385  3.85e-04      1.19746e+00       2.71316e-01       8.88746e-01
  386  3.86e-04      1.20359e+00       3.07545e-01       9.04908e-01
  387  3.87e-04      1.20337e+00       2.77937e-01       8.94896e-01
  388  3.88e-04      1.20275e+00       2.82460e-01       8.95987e-01
  389  3.89e-04      1.21375e+00       3.04336e-01       9.10610e-01
  390  3.90e-04      1.22303e+00       2.88747e-01       9.11602e-01
  391  3.91e-04      1.22304e+00       2.27527e-01       8.91203e-01
  392  3.92e-04      1.22837e+00       2.92744e-01       9.16498e-01
  393  3.93e-04      1.21480e+00       2.43323e-01       8.90972e-01
  394  3.94e-04      1.21812e+00       3.05033e-01       9.13756e-01
  395  3.95e-04      1.21260e+00       2.55977e-01       8.93728e-01
  396  3.96e-04      1.21086e+00       3.07166e-01       9.09631e-01
  397  3.97e-04      1.21839e+00       2.65706e-01       9.00825e-01
  398  3.98e-04      1.21052e+00       3.02928e-01       9.07990e-01
  399  3.99e-04      1.21558e+00       2.88116e-01       9.06429e-01
  400  4.00e-04      1.23198e+00       2.27003e-01       8.96988e-01
  401  4.01e-04      1.21549e+00       2.79002e-01       9.03326e-01
  402  4.02e-04      1.21865e+00       2.55413e-01       8.97569e-01
  403  4.03e-04      1.21887e+00       2.99752e-01       9.12499e-01
  404  4.04e-04      1.22452e+00       2.43624e-01       8.97556e-01
  405  4.05e-04      1.22702e+00       2.87323e-01       9.13785e-01
  406  4.06e-04      1.22226e+00       2.85696e-01       9.10070e-01
  407  4.07e-04      1.22518e+00       2.63365e-01       9.04577e-01
  408  4.08e-04      1.23067e+00       2.83476e-01       9.14942e-01
  409  4.09e-04      1.23066e+00       2.98376e-01       9.19897e-01
  410  4.10e-04      1.22963e+00       2.67502e-01       9.08923e-01
  411  4.11e-04      1.23530e+00       2.67426e-01       9.12674e-01
  412  4.12e-04      1.22657e+00       2.70400e-01       9.07844e-01
  413  4.13e-04      1.22575e+00       2.62172e-01       9.04556e-01
  414  4.14e-04      1.21717e+00       3.15905e-01       9.16748e-01
  415  4.15e-04      1.20965e+00       3.05417e-01       9.08239e-01
  416  4.16e-04      1.21639e+00       3.42240e-01       9.25008e-01
  417  4.17e-04      1.22500e+00       2.69454e-01       9.06487e-01
  418  4.18e-04      1.23092e+00       2.94887e-01       9.18907e-01
  419  4.19e-04      1.23346e+00       2.99042e-01       9.21989e-01
  420  4.20e-04      1.23563e+00       2.18407e-01       8.96558e-01
  421  4.21e-04      1.24534e+00       3.37927e-01       9.42870e-01
  422  4.22e-04      1.24352e+00       2.82471e-01       9.23173e-01
  423  4.23e-04      1.25447e+00       2.89572e-01       9.32837e-01
  424  4.24e-04      1.25267e+00       2.72939e-01       9.26095e-01
  425  4.25e-04      1.25883e+00       3.62797e-01       9.60151e-01
  426  4.26e-04      1.26674e+00       2.91148e-01       9.41544e-01
  427  4.27e-04      1.28253e+00       2.81757e-01       9.48940e-01
  428  4.28e-04      1.27001e+00       2.75283e-01       9.38436e-01
  429  4.29e-04      1.26866e+00       2.45137e-01       9.27487e-01
  430  4.30e-04      1.27447e+00       3.11455e-01       9.53463e-01
  431  4.31e-04      1.29066e+00       2.51056e-01       9.44128e-01
  432  4.32e-04      1.28253e+00       3.38216e-01       9.67761e-01
  433  4.33e-04      1.27383e+00       2.65580e-01       9.37747e-01
  434  4.34e-04      1.27441e+00       3.23665e-01       9.57496e-01
  435  4.35e-04      1.26823e+00       3.00388e-01       9.45617e-01
  436  4.36e-04      1.27776e+00       3.26108e-01       9.60540e-01
  437  4.37e-04      1.29711e+00       3.05429e-01       9.66548e-01
  438  4.38e-04      1.30397e+00       3.30570e-01       9.79501e-01
  439  4.39e-04      1.30397e+00       2.55498e-01       9.54476e-01
  440  4.40e-04      1.32553e+00       2.86151e-01       9.79070e-01
  441  4.41e-04      1.32623e+00       3.01250e-01       9.84573e-01
  442  4.42e-04      1.34010e+00       2.42450e-01       9.74218e-01
  443  4.43e-04      1.36441e+00       3.16587e-01       1.01514e+00
  444  4.44e-04      1.37229e+00       2.92644e-01       1.01241e+00
  445  4.45e-04      1.37288e+00       3.00304e-01       1.01536e+00
  446  4.46e-04      1.37244e+00       3.15459e-01       1.02011e+00
  447  4.47e-04      1.37173e+00       3.05831e-01       1.01643e+00
  448  4.48e-04      1.37091e+00       2.68653e-01       1.00349e+00
  449  4.49e-04      1.38577e+00       2.83376e-01       1.01830e+00
  450  4.50e-04      1.37899e+00       2.83642e-01       1.01387e+00
  451  4.51e-04      1.36905e+00       2.58481e-01       9.98860e-01
  452  4.52e-04      1.36206e+00       2.99323e-01       1.00781e+00
  453  4.53e-04      1.38743e+00       2.94205e-01       1.02302e+00
  454  4.54e-04      1.39992e+00       3.49318e-01       1.04972e+00
  455  4.55e-04      1.39286e+00       2.32758e-01       1.00616e+00
  456  4.56e-04      1.39425e+00       2.89319e-01       1.02594e+00
  457  4.57e-04      1.38788e+00       2.62286e-01       1.01268e+00
  458  4.58e-04      1.39417e+00       2.68548e-01       1.01897e+00
  459  4.59e-04      1.40318e+00       3.12003e-01       1.03945e+00
  460  4.60e-04      1.41196e+00       2.46983e-01       1.02363e+00
  461  4.61e-04      1.42479e+00       3.00384e-01       1.04999e+00
  462  4.62e-04      1.42560e+00       2.16315e-01       1.02250e+00
  463  4.63e-04      1.43015e+00       2.82354e-01       1.04755e+00
  464  4.64e-04      1.42164e+00       2.99173e-01       1.04748e+00
  465  4.65e-04      1.41948e+00       3.00735e-01       1.04656e+00
  466  4.66e-04      1.41338e+00       2.84829e-01       1.03719e+00
  467  4.67e-04      1.42303e+00       2.75862e-01       1.04064e+00
  468  4.68e-04      1.42416e+00       2.68501e-01       1.03894e+00
  469  4.69e-04      1.42214e+00       2.63974e-01       1.03609e+00
  470  4.70e-04      1.41355e+00       2.98520e-01       1.04188e+00
  471  4.71e-04      1.42308e+00       2.54710e-01       1.03362e+00
  472  4.72e-04      1.42612e+00       3.02548e-01       1.05160e+00
  473  4.73e-04      1.42705e+00       2.79341e-01       1.04448e+00
  474  4.74e-04      1.44136e+00       2.96389e-01       1.05971e+00
  475  4.75e-04      1.42597e+00       3.37689e-01       1.06321e+00
  476  4.76e-04      1.45089e+00       2.78346e-01       1.06004e+00
  477  4.77e-04      1.45915e+00       2.95564e-01       1.07129e+00
  478  4.78e-04      1.46216e+00       2.72573e-01       1.06563e+00
  479  4.79e-04      1.47400e+00       2.47449e-01       1.06515e+00
  480  4.80e-04      1.46485e+00       2.66903e-01       1.06553e+00
  481  4.81e-04      1.46179e+00       2.97896e-01       1.07383e+00
  482  4.82e-04      1.45908e+00       2.66096e-01       1.06142e+00
  483  4.83e-04      1.46196e+00       2.70443e-01       1.06479e+00
  484  4.84e-04      1.45730e+00       2.74535e-01       1.06305e+00
  485  4.85e-04      1.45779e+00       2.77544e-01       1.06438e+00
  486  4.86e-04      1.45429e+00       3.24653e-01       1.07775e+00
  487  4.87e-04      1.45583e+00       2.70998e-01       1.06089e+00
  488  4.88e-04      1.45779e+00       3.03885e-01       1.07315e+00
  489  4.89e-04      1.45950e+00       2.54971e-01       1.05799e+00
  490  4.90e-04      1.45430e+00       2.81781e-01       1.06346e+00
  491  4.91e-04      1.47608e+00       2.92586e-01       1.08158e+00
  492  4.92e-04      1.47154e+00       3.21916e-01       1.08833e+00
  493  4.93e-04      1.47802e+00       3.28006e-01       1.09468e+00
  494  4.94e-04      1.47732e+00       2.58141e-01       1.07093e+00
  495  4.95e-04      1.47893e+00       2.98673e-01       1.08551e+00
  496  4.96e-04      1.48500e+00       2.73392e-01       1.08113e+00
  497  4.97e-04      1.47568e+00       3.03359e-01       1.08490e+00
  498  4.98e-04      1.46130e+00       3.47771e-01       1.09012e+00
  499  4.99e-04      1.46897e+00       3.31452e-01       1.08979e+00
