Delta = 9.388e-01 gamma
 step      t        T_in_plane/mK   T_out_of_plane/mK   T_tot/mK
    0  0.00e+00      1.88638e-29       0.00000e+00       1.25759e-29
    1  1.00e-06      2.42083e-03       5.26470e-03       3.36879e-03
    2  2.00e-06      6.68576e-03       8.19258e-03       7.18803e-03
    3  3.00e-06      1.08252e-02       1.19245e-02       1.11916e-02
    4  4.00e-06      1.40047e-02       1.34451e-02       1.38182e-02
    5  5.00e-06      1.85719e-02       2.05470e-02       1.92302e-02
    6  6.00e-06      2.14100e-02       2.21853e-02       2.16685e-02
    7  7.00e-06      2.49170e-02       2.77622e-02       2.58654e-02
    8  8.00e-06      2.87308e-02       3.23841e-02       2.99486e-02
    9  9.00e-06      2.95670e-02       4.15205e-02       3.35515e-02
   10  1.00e-05      3.25133e-02       4.12763e-02       3.54343e-02
   11  1.10e-05      3.45720e-02       4.76146e-02       3.89195e-02
   12  1.20e-05      3.74341e-02       4.53182e-02       4.00621e-02
   13  1.30e-05      4.15577e-02       5.60122e-02       4.63759e-02
   14  1.40e-05      4.30085e-02       5.83471e-02       4.81214e-02
   15  1.50e-05      4.80679e-02       5.48842e-02       5.03400e-02
   16  1.60e-05      5.39743e-02       6.50969e-02       5.76818e-02
   17  1.70e-05      5.80708e-02       5.56438e-02       5.72618e-02
   18  1.80e-05      6.26305e-02       7.08272e-02       6.53627e-02
   19  1.90e-05      6.37545e-02       7.39620e-02       6.71570e-02
   20  2.00e-05      6.63343e-02       6.81020e-02       6.69236e-02
   21  2.10e-05      7.35522e-02       8.18098e-02       7.63047e-02
   22  2.20e-05      7.77063e-02       7.68148e-02       7.74092e-02
   23  2.30e-05      7.72776e-02       8.12504e-02       7.86019e-02
   24  2.40e-05      7.98907e-02       8.30622e-02       8.09479e-02
   25  2.50e-05      8.51116e-02       8.79814e-02       8.60682e-02
   26  2.60e-05      8.87253e-02       1.12921e-01       9.67904e-02
   27  2.70e-05      9.28398e-02       1.11250e-01       9.89765e-02
   28  2.80e-05      9.53804e-02       1.01201e-01       9.73206e-02
   29  2.90e-05      9.76449e-02       1.14730e-01       1.03340e-01
   30  3.00e-05      1.00897e-01       1.12891e-01       1.04895e-01
   31  3.10e-05      1.05736e-01       1.12505e-01       1.07992e-01
   32  3.20e-05      1.09683e-01       1.25061e-01       1.14809e-01
   33  3.30e-05      1.14127e-01       1.10048e-01       1.12768e-01
   34  3.40e-05      1.20212e-01       1.16712e-01       1.19045e-01
   35  3.50e-05      1.26316e-01       1.18710e-01       1.23781e-01
   36  3.60e-05      1.37192e-01       1.21888e-01       1.32091e-01
   37  3.70e-05      1.42923e-01       1.26756e-01       1.37534e-01
   38  3.80e-05      1.43247e-01       1.21686e-01       1.36060e-01
   39  3.90e-05      1.47664e-01       1.26063e-01       1.40463e-01
   40  4.00e-05      1.52869e-01       1.24589e-01       1.43443e-01
   41  4.10e-05      1.55016e-01       1.47324e-01       1.52452e-01
   42  4.20e-05      1.56930e-01       1.13868e-01       1.42576e-01
   43  4.30e-05      1.61462e-01       1.52411e-01       1.58445e-01
   44  4.40e-05      1.64951e-01       1.60505e-01       1.63469e-01
   45  4.50e-05      1.63414e-01       1.49001e-01       1.58609e-01
   46  4.60e-05      1.65877e-01       1.51135e-01       1.60963e-01
   47  4.70e-05      1.68790e-01       1.57369e-01       1.64983e-01
   48  4.80e-05      1.71407e-01       1.49072e-01       1.63962e-01
   49  4.90e-05      1.59155e-01       1.43379e-01       1.53896e-01
   50  5.00e-05      1.61758e-01       1.86869e-01       1.70128e-01
   51  5.10e-05      1.67208e-01       1.57710e-01       1.64042e-01
   52  5.20e-05      1.69210e-01       1.45180e-01       1.61200e-01
   53  5.30e-05      1.73878e-01       1.67832e-01       1.71863e-01
   54  5.40e-05      1.79966e-01       1.29873e-01       1.63268e-01
   55  5.50e-05      1.86164e-01       1.35389e-01       1.69239e-01
   56  5.60e-05      1.88996e-01       1.99216e-01       1.92402e-01
   57  5.70e-05      1.87418e-01       1.67565e-01       1.80800e-01
   58  5.80e-05      1.94350e-01       1.96038e-01       1.94913e-01
   59  5.90e-05      1.98782e-01       1.74841e-01       1.90802e-01
   60  6.00e-05      2.00045e-01       1.89135e-01       1.96409e-01
   61  6.10e-05      2.10498e-01       1.80948e-01       2.00648e-01
   62  6.20e-05      2.17426e-01       1.94977e-01       2.09943e-01
   63  6.30e-05      2.18517e-01       1.92058e-01       2.09698e-01
   64  6.40e-05      2.21971e-01       1.90669e-01       2.11537e-01
   65  6.50e-05      2.26762e-01       1.71383e-01       2.08302e-01
   66  6.60e-05      2.31124e-01       2.19017e-01       2.27088e-01
   67  6.70e-05      2.41157e-01       1.73109e-01       2.18474e-01
   68  6.80e-05      2.45761e-01       2.01479e-01       2.31001e-01
   69  6.90e-05      2.48313e-01       1.83966e-01       2.26864e-01
   70  7.00e-05      2.54178e-01       1.76596e-01       2.28317e-01
   71  7.10e-05      2.59180e-01       1.96945e-01       2.38435e-01
   72  7.20e-05      2.64030e-01       1.79278e-01       2.35780e-01
   73  7.30e-05      2.70971e-01       1.70983e-01       2.37642e-01
   74  7.40e-05      2.77321e-01       1.95972e-01       2.50205e-01
   75  7.50e-05      2.77916e-01       2.03072e-01       2.52968e-01
   76  7.60e-05      2.78376e-01       1.71810e-01       2.42854e-01
   77  7.70e-05      2.81449e-01       2.02582e-01       2.55160e-01
   78  7.80e-05      2.85545e-01       1.97262e-01       2.56117e-01
   79  7.90e-05      2.90629e-01       2.16852e-01       2.66037e-01
   80  8.00e-05      2.82369e-01       1.96088e-01       2.53608e-01
   81  8.10e-05      2.83761e-01       2.27846e-01       2.65123e-01
   82  8.20e-05      2.92301e-01       1.83544e-01       2.56048e-01
   83  8.30e-05      2.91256e-01       1.85637e-01       2.56050e-01
   84  8.40e-05      2.92382e-01       2.18740e-01       2.67834e-01
   85  8.50e-05      2.94837e-01       2.11065e-01       2.66913e-01
   86  8.60e-05      3.02008e-01       2.21411e-01       2.75142e-01
   87  8.70e-05      3.05864e-01       1.89724e-01       2.67151e-01
   88  8.80e-05      3.06978e-01       1.97488e-01       2.70481e-01
   89  8.90e-05      3.11828e-01       1.95386e-01       2.73014e-01
   90  9.00e-05      3.19561e-01       2.14377e-01       2.84500e-01
   91  9.10e-05      3.20288e-01       1.92198e-01       2.77591e-01
   92  9.20e-05      3.27275e-01       1.92504e-01       2.82351e-01
   93  9.30e-05      3.31863e-01       2.28512e-01       2.97413e-01
   94  9.40e-05      3.34403e-01       2.05072e-01       2.91292e-01
   95  9.50e-05      3.41392e-01       2.34207e-01       3.05664e-01
   96  9.60e-05      3.40083e-01       2.22994e-01       3.01054e-01
   97  9.70e-05      3.41528e-01       1.98777e-01       2.93944e-01
   98  9.80e-05      3.53453e-01       2.41220e-01       3.16042e-01
   99  9.90e-05      3.70369e-01       2.07134e-01       3.15958e-01
  100  1.00e-04      3.70597e-01       2.31793e-01       3.24329e-01
  101  1.01e-04      3.70177e-01       2.23455e-01       3.21270e-01
  102  1.02e-04      3.69641e-01       2.45579e-01       3.28287e-01
  103  1.03e-04      3.71060e-01       2.28554e-01       3.23558e-01
  104  1.04e-04      3.78461e-01       2.53581e-01       3.36834e-01
  105  1.05e-04      3.84632e-01       2.08836e-01       3.26034e-01
  106  1.06e-04      3.87939e-01       2.44454e-01       3.40110e-01
  107  1.07e-04      3.88134e-01       2.08792e-01       3.28353e-01
  108  1.08e-04      3.90636e-01       2.01453e-01       3.27575e-01
  109  1.09e-04      3.92555e-01       2.17481e-01       3.34197e-01
  110  1.10e-04      3.97013e-01       2.29468e-01       3.41165e-01
  111  1.11e-04      3.97713e-01       2.30942e-01       3.42123e-01
  112  1.12e-04      4.03601e-01       2.60310e-01       3.55837e-01
  113  1.13e-04      4.01601e-01       2.70312e-01       3.57838e-01
  114  1.14e-04      4.04925e-01       2.30829e-01       3.46893e-01
  115  1.15e-04      4.14173e-01       2.21671e-01       3.50005e-01
  116  1.16e-04      4.17907e-01       2.09316e-01       3.48377e-01
  117  1.17e-04      4.29139e-01       1.78657e-01       3.45645e-01
  118  1.18e-04      4.38849e-01       1.93189e-01       3.56962e-01
  119  1.19e-04      4.32670e-01       2.30919e-01       3.65420e-01
  120  1.20e-04      4.25553e-01       2.20656e-01       3.57254e-01
  121  1.21e-04      4.23814e-01       2.26919e-01       3.58182e-01
  122  1.22e-04      4.24393e-01       2.38487e-01       3.62425e-01
  123  1.23e-04      4.37980e-01       2.16763e-01       3.64241e-01
  124  1.24e-04      4.43302e-01       2.06185e-01       3.64263e-01
  125  1.25e-04      4.45405e-01       2.42995e-01       3.77935e-01
  126  1.26e-04      4.40677e-01       1.89528e-01       3.56961e-01
  127  1.27e-04      4.39230e-01       2.05317e-01       3.61259e-01
  128  1.28e-04      4.45754e-01       1.96236e-01       3.62581e-01
  129  1.29e-04      4.43658e-01       1.96323e-01       3.61213e-01
  130  1.30e-04      4.42433e-01       1.84683e-01       3.56516e-01
  131  1.31e-04      4.39776e-01       2.08817e-01       3.62789e-01
  132  1.32e-04      4.41221e-01       2.09579e-01       3.64007e-01
  133  1.33e-04      4.42584e-01       2.20623e-01       3.68597e-01
  134  1.34e-04      4.36243e-01       1.90905e-01       3.54464e-01
  135  1.35e-04      4.42511e-01       2.43795e-01       3.76272e-01
  136  1.36e-04      4.41969e-01       2.22897e-01       3.68945e-01
  137  1.37e-04      4.39605e-01       2.32790e-01       3.70667e-01
  138  1.38e-04      4.34965e-01       2.05965e-01       3.58631e-01
  139  1.39e-04      4.46271e-01       2.63710e-01       3.85417e-01
  140  1.40e-04      4.47185e-01       1.93179e-01       3.62516e-01
  141  1.41e-04      4.54121e-01       2.18847e-01       3.75697e-01
  142  1.42e-04      4.59898e-01       2.19756e-01       3.79851e-01
  143  1.43e-04      4.59825e-01       2.16524e-01       3.78725e-01
  144  1.44e-04      4.60448e-01       2.33356e-01       3.84751e-01
  145  1.45e-04      4.65500e-01       2.35545e-01       3.88848e-01
  146  1.46e-04      4.67551e-01       2.35608e-01       3.90236e-01
  147  1.47e-04      4.69915e-01       2.45067e-01       3.94965e-01
  148  1.48e-04      4.71988e-01       2.44097e-01       3.96024e-01
  149  1.49e-04      4.74752e-01       2.57760e-01       4.02421e-01
  150  1.50e-04      4.82720e-01       2.62481e-01       4.09307e-01
  151  1.51e-04      4.96556e-01       2.26789e-01       4.06634e-01
  152  1.52e-04      4.99468e-01       2.62367e-01       4.20435e-01
  153  1.53e-04      5.03896e-01       1.99992e-01       4.02594e-01
  154  1.54e-04      5.08888e-01       2.44066e-01       4.20614e-01
  155  1.55e-04      5.13684e-01       2.32897e-01       4.20089e-01
  156  1.56e-04      5.21365e-01       2.79720e-01       4.40816e-01
  157  1.57e-04      5.29022e-01       2.41328e-01       4.33124e-01
  158  1.58e-04      5.32000e-01       2.51898e-01       4.38633e-01
  159  1.59e-04      5.47685e-01       2.80384e-01       4.58585e-01
  160  1.60e-04      5.50370e-01       2.52486e-01       4.51075e-01
  161  1.61e-04      5.55814e-01       2.26314e-01       4.45981e-01
  162  1.62e-04      5.61350e-01       2.20290e-01       4.47663e-01
  163  1.63e-04      5.67972e-01       2.43614e-01       4.59852e-01
  164  1.64e-04      5.78871e-01       1.76875e-01       4.44872e-01
  165  1.65e-04      5.75936e-01       2.37509e-01       4.63127e-01
  166  1.66e-04      5.77888e-01       2.15458e-01       4.57078e-01
  167  1.67e-04      5.88253e-01       2.19486e-01       4.65331e-01
  168  1.68e-04      5.95693e-01       2.48810e-01       4.80065e-01
  169  1.69e-04      5.95180e-01       2.73469e-01       4.87943e-01
  170  1.70e-04      6.01403e-01       2.63356e-01       4.88721e-01
  171  1.71e-04      6.03702e-01       2.62692e-01       4.90032e-01
  172  1.72e-04      5.99667e-01       3.13305e-01       5.04213e-01
  173  1.73e-04      6.01454e-01       2.94633e-01       4.99180e-01
  174  1.74e-04      6.08805e-01       2.66459e-01       4.94690e-01
  175  1.75e-04      6.14656e-01       2.61373e-01       4.96895e-01
  176  1.76e-04      6.18191e-01       2.75531e-01       5.03971e-01
  177  1.77e-04      6.22185e-01       2.82956e-01       5.09109e-01
  178  1.78e-04      6.30450e-01       3.42674e-01       5.34525e-01
  179  1.79e-04      6.31969e-01       2.81074e-01       5.15004e-01
  180  1.80e-04      6.33024e-01       3.24538e-01       5.30195e-01
  181  1.81e-04      6.36611e-01       2.83259e-01       5.18827e-01
  182  1.82e-04      6.36317e-01       3.37483e-01       5.36706e-01
  183  1.83e-04      6.37581e-01       2.64483e-01       5.13215e-01
  184  1.84e-04      6.55153e-01       3.22580e-01       5.44295e-01
  185  1.85e-04      6.67029e-01       2.47144e-01       5.27067e-01
  186  1.86e-04      6.72002e-01       2.88715e-01       5.44240e-01
  187  1.87e-04      6.86065e-01       2.65397e-01       5.45843e-01
  188  1.88e-04      6.91466e-01       2.86992e-01       5.56642e-01
  189  1.89e-04      6.89123e-01       3.07835e-01       5.62027e-01
  190  1.90e-04      6.78476e-01       3.33314e-01       5.63422e-01
  191  1.91e-04      6.91789e-01       2.86444e-01       5.56674e-01
  192  1.92e-04      7.04993e-01       2.78939e-01       5.62975e-01
  193  1.93e-04      7.07974e-01       2.46132e-01       5.54027e-01
  194  1.94e-04      7.18512e-01       2.58920e-01       5.65315e-01
  195  1.95e-04      7.20184e-01       2.81062e-01       5.73810e-01
  196  1.96e-04      7.19744e-01       2.40955e-01       5.60148e-01
  197  1.97e-04      7.22908e-01       3.33280e-01       5.93032e-01
  198  1.98e-04      7.15597e-01       3.14969e-01       5.82055e-01
  199  1.99e-04      7.14621e-01       3.11894e-01       5.80379e-01
  200  2.00e-04      7.25035e-01       2.69205e-01       5.73092e-01
  201  2.01e-04      7.28568e-01       2.97426e-01       5.84854e-01
  202  2.02e-04      7.45406e-01       2.84481e-01       5.91764e-01
  203  2.03e-04      7.51414e-01       2.78316e-01       5.93715e-01
  204  2.04e-04      7.50823e-01       2.69413e-01       5.90353e-01
  205  2.05e-04      7.46018e-01       3.00506e-01       5.97514e-01
  206  2.06e-04      7.50176e-01       3.14353e-01       6.04902e-01
  207  2.07e-04      7.58857e-01       3.26121e-01       6.14612e-01
  208  2.08e-04      7.48020e-01       2.75122e-01       5.90387e-01
  209  2.09e-04      7.54940e-01       2.66977e-01       5.92286e-01
  210  2.10e-04      7.67205e-01       2.77710e-01       6.04040e-01
  211  2.11e-04      7.74425e-01       3.30164e-01       6.26338e-01
  212  2.12e-04      7.66309e-01       3.20613e-01       6.17744e-01
  213  2.13e-04      7.72622e-01       3.41241e-01       6.28829e-01
  214  2.14e-04      7.70325e-01       3.37253e-01       6.25968e-01
  215  2.15e-04      7.66145e-01       2.88002e-01       6.06764e-01
  216  2.16e-04      7.74906e-01       2.83678e-01       6.11164e-01
  217  2.17e-04      7.70531e-01       2.36695e-01       5.92585e-01
  218  2.18e-04      7.61146e-01       2.43435e-01       5.88576e-01
  219  2.19e-04      7.63604e-01       2.38085e-01       5.88431e-01
  220  2.20e-04      7.55448e-01       2.74051e-01       5.94983e-01
  221  2.21e-04      7.58778e-01       3.01114e-01       6.06223e-01
  222  2.22e-04      7.68276e-01       3.55886e-01       6.30812e-01
  223  2.23e-04      7.59838e-01       3.18676e-01       6.12784e-01
  224  2.24e-04      7.67182e-01       3.01829e-01       6.12065e-01
  225  2.25e-04      7.70547e-01       3.18518e-01       6.19871e-01
  226  2.26e-04      7.62256e-01       2.81683e-01       6.02065e-01
  227  2.27e-04      7.79307e-01       2.82900e-01       6.13838e-01
  228  2.28e-04      7.90155e-01       2.68675e-01       6.16328e-01
  229  2.29e-04      7.80619e-01       3.05054e-01       6.22098e-01
  230  2.30e-04      7.89911e-01       3.04659e-01       6.28160e-01
  231  2.31e-04      7.86723e-01       3.08307e-01       6.27251e-01
  232  2.32e-04      7.89333e-01       2.94429e-01       6.24365e-01
  233  2.33e-04      7.92420e-01       2.05283e-01       5.96708e-01
  234  2.34e-04      7.98775e-01       2.62966e-01       6.20172e-01
  235  2.35e-04      7.93648e-01       3.00579e-01       6.29292e-01
  236  2.36e-04      8.06824e-01       2.84170e-01       6.32606e-01
  237  2.37e-04      7.97059e-01       2.78574e-01       6.24231e-01
  238  2.38e-04      8.07873e-01       3.18214e-01       6.44653e-01
  239  2.39e-04      8.10933e-01       2.67276e-01       6.29714e-01
  240  2.40e-04      8.13863e-01       2.66281e-01       6.31336e-01
  241  2.41e-04      8.22767e-01       2.64361e-01       6.36632e-01
  242  2.42e-04      8.19344e-01       2.47900e-01       6.28862e-01
  243  2.43e-04      8.26710e-01       2.64379e-01       6.39266e-01
  244  2.44e-04      8.37704e-01       2.96918e-01       6.57442e-01
  245  2.45e-04      8.48691e-01       2.83358e-01       6.60247e-01
  246  2.46e-04      8.55663e-01       2.66211e-01       6.59179e-01
  247  2.47e-04      8.56819e-01       3.04048e-01       6.72562e-01
  248  2.48e-04      8.66746e-01       2.36769e-01       6.56754e-01
  249  2.49e-04      8.73575e-01       2.76961e-01       6.74703e-01
  250  2.50e-04      8.89412e-01       2.82810e-01       6.87212e-01
  251  2.51e-04      9.00761e-01       2.79374e-01       6.93632e-01
  252  2.52e-04      9.00793e-01       2.66438e-01       6.89341e-01
  253  2.53e-04      9.23996e-01       2.95121e-01       7.14371e-01
  254  2.54e-04      9.35493e-01       2.48064e-01       7.06350e-01
  255  2.55e-04      9.46112e-01       2.51215e-01       7.14480e-01
  256  2.56e-04      9.50750e-01       2.72958e-01       7.24820e-01
  257  2.57e-04      9.58756e-01       2.36458e-01       7.17990e-01
  258  2.58e-04      9.70666e-01       2.49370e-01       7.30234e-01
  259  2.59e-04      9.71225e-01       2.75482e-01       7.39311e-01
  260  2.60e-04      9.84353e-01       2.50096e-01       7.39601e-01
  261  2.61e-04      9.81163e-01       2.47192e-01       7.36506e-01
  262  2.62e-04      9.74562e-01       2.82535e-01       7.43886e-01
  263  2.63e-04      9.81897e-01       2.36776e-01       7.33523e-01
  264  2.64e-04      9.80085e-01       2.57028e-01       7.39066e-01
  265  2.65e-04      9.72014e-01       2.20286e-01       7.21438e-01
  266  2.66e-04      9.81668e-01       2.40285e-01       7.34541e-01
  267  2.67e-04      9.78699e-01       2.36754e-01       7.31384e-01
  268  2.68e-04      9.71993e-01       2.82785e-01       7.42257e-01
  269  2.69e-04      9.99695e-01       3.16238e-01       7.71876e-01
  270  2.70e-04      1.00143e+00       2.92656e-01       7.65170e-01
  271  2.71e-04      9.99537e-01       2.83569e-01       7.60881e-01
  272  2.72e-04      1.01164e+00       2.78960e-01       7.67415e-01
  273  2.73e-04      1.00816e+00       3.11038e-01       7.75786e-01
  274  2.74e-04      1.01834e+00       3.23463e-01       7.86715e-01
  275  2.75e-04      1.02661e+00       2.63498e-01       7.72239e-01
  276  2.76e-04      1.03553e+00       3.21376e-01       7.97476e-01
  277  2.77e-04      1.05131e+00       3.10634e-01       8.04415e-01
  278  2.78e-04      1.05321e+00       2.83306e-01       7.96575e-01
  279  2.79e-04      1.07483e+00       2.70236e-01       8.06634e-01
  280  2.80e-04      1.07318e+00       3.04803e-01       8.17052e-01
  281  2.81e-04      1.06643e+00       2.54025e-01       7.95628e-01
  282  2.82e-04      1.07290e+00       2.78855e-01       8.08217e-01
  283  2.83e-04      1.08238e+00       2.88912e-01       8.17893e-01
  284  2.84e-04      1.08746e+00       3.27948e-01       8.34292e-01
  285  2.85e-04      1.09832e+00       2.95009e-01       8.30551e-01
  286  2.86e-04      1.10590e+00       2.72874e-01       8.28225e-01
  287  2.87e-04      1.11906e+00       2.69384e-01       8.35832e-01
  288  2.88e-04      1.10918e+00       2.85540e-01       8.34630e-01
  289  2.89e-04      1.11824e+00       2.49942e-01       8.28807e-01
  290  2.90e-04      1.13014e+00       2.88395e-01       8.49555e-01
  291  2.91e-04      1.12023e+00       2.91763e-01       8.44075e-01
  292  2.92e-04      1.13276e+00       2.93086e-01       8.52866e-01
  293  2.93e-04      1.12977e+00       2.54825e-01       8.38121e-01
  294  2.94e-04      1.12615e+00       3.08001e-01       8.53434e-01
  295  2.95e-04      1.12420e+00       2.81470e-01       8.43291e-01
  296  2.96e-04      1.12071e+00       2.88906e-01       8.43444e-01
  297  2.97e-04      1.11589e+00       3.10417e-01       8.47399e-01
  298  2.98e-04      1.12468e+00       2.66138e-01       8.38498e-01
  299  2.99e-04      1.11770e+00       2.32489e-01       8.22626e-01
  300  3.00e-04      1.12460e+00       3.33027e-01       8.60739e-01
  301  3.01e-04      1.12026e+00       2.60194e-01       8.33573e-01
  302  3.02e-04      1.12218e+00       2.87212e-01       8.43860e-01
  303  3.03e-04      1.11507e+00       2.11382e-01       8.13840e-01
  304  3.04e-04      1.11667e+00       2.28758e-01       8.20700e-01
  305  3.05e-04      1.12611e+00       2.33148e-01       8.28455e-01
  306  3.06e-04      1.11866e+00       2.35024e-01       8.24115e-01
  307  3.07e-04      1.11692e+00       2.58686e-01       8.30844e-01
  308  3.08e-04      1.12296e+00       2.61362e-01       8.35759e-01
  309  3.09e-04      1.12583e+00       2.59991e-01       8.37215e-01
  310  3.10e-04      1.12685e+00       2.38357e-01       8.30685e-01
  311  3.11e-04      1.14366e+00       2.25972e-01       8.37762e-01
  312  3.12e-04      1.15574e+00       2.59030e-01       8.56836e-01
  313  3.13e-04      1.14774e+00       2.41345e-01       8.45607e-01
  314  3.14e-04      1.13730e+00       2.70082e-01       8.48227e-01
  315  3.15e-04      1.15074e+00       2.62446e-01       8.54639e-01
  316  3.16e-04      1.14792e+00       2.61803e-01       8.52546e-01
  317  3.17e-04      1.14582e+00       2.57739e-01       8.49795e-01
  318  3.18e-04      1.14512e+00       2.61279e-01       8.50505e-01
  319  3.19e-04      1.15003e+00       2.44904e-01       8.48319e-01
  320  3.20e-04      1.15788e+00       2.88994e-01       8.68250e-01
  321  3.21e-04      1.16306e+00       2.38074e-01       8.54731e-01
  322  3.22e-04      1.17733e+00       3.00314e-01       8.84989e-01
  323  3.23e-04      1.17701e+00       2.48125e-01       8.67382e-01
  324  3.24e-04      1.17482e+00       2.69730e-01       8.73125e-01
  325  3.25e-04      1.18702e+00       2.67520e-01       8.80520e-01
  326  3.26e-04      1.19191e+00       2.61125e-01       8.81648e-01
  327  3.27e-04      1.19553e+00       2.50604e-01       8.80552e-01
  328  3.28e-04      1.20467e+00       2.59820e-01       8.89718e-01
  329  3.29e-04      1.21666e+00       2.79281e-01       9.04202e-01
  330  3.30e-04      1.22354e+00       2.76182e-01       9.07753e-01
  331  3.31e-04      1.24450e+00       2.73154e-01       9.20718e-01
  332  3.32e-04      1.24378e+00       2.57173e-01       9.14913e-01
  333  3.33e-04      1.24085e+00       2.81370e-01       9.21023e-01
  334  3.34e-04      1.25381e+00       2.25494e-01       9.11035e-01
  335  3.35e-04      1.25624e+00       2.64000e-01       9.25492e-01
  336  3.36e-04      1.25195e+00       2.85992e-01       9.29964e-01
  337  3.37e-04      1.25459e+00       2.63283e-01       9.24151e-01
  338  3.38e-04      1.25555e+00       2.89332e-01       9.33480e-01
  339  3.39e-04      1.25413e+00       3.00371e-01       9.36208e-01
  340  3.40e-04      1.28030e+00       3.20968e-01       9.60522e-01
  341  3.41e-04      1.27101e+00       2.38669e-01       9.26896e-01
  342  3.42e-04      1.25690e+00       3.05295e-01       9.39698e-01
  343  3.43e-04      1.24876e+00       2.62916e-01       9.20148e-01
  344  3.44e-04      1.25106e+00       2.87285e-01       9.29799e-01
  345  3.45e-04      1.25810e+00       2.59041e-01       9.25081e-01
  346  3.46e-04      1.26151e+00       3.34305e-01       9.52440e-01
  347  3.47e-04      1.26819e+00       2.78169e-01       9.38181e-01
  348  3.48e-04      1.26942e+00       3.22217e-01       9.53683e-01
  349  3.49e-04      1.28806e+00       2.84095e-01       9.53406e-01
  350  3.50e-04      1.29134e+00       2.93685e-01       9.58787e-01
  351  3.51e-04      1.30032e+00       2.75449e-01       9.58696e-01
  352  3.52e-04      1.30313e+00       2.30954e-01       9.45739e-01
  353  3.53e-04      1.30659e+00       2.83803e-01       9.65663e-01
  354  3.54e-04      1.31419e+00       2.79006e-01       9.69130e-01
  355  3.55e-04      1.32514e+00       2.61621e-01       9.70636e-01
  356  3.56e-04      1.33550e+00       2.42404e-01       9.71132e-01
  357  3.57e-04      1.33936e+00       2.78333e-01       9.85684e-01
  358  3.58e-04      1.34415e+00       2.82186e-01       9.90165e-01
  359  3.59e-04      1.34885e+00       2.66241e-01       9.87983e-01
  360  3.60e-04      1.34698e+00       2.84986e-01       9.92982e-01
  361  3.61e-04      1.35036e+00       2.42567e-01       9.81096e-01
  362  3.62e-04      1.34880e+00       2.85227e-01       9.94272e-01
  363  3.63e-04      1.33420e+00       2.68404e-01       9.78933e-01
  364  3.64e-04      1.34002e+00       2.83657e-01       9.87901e-01
  365  3.65e-04      1.36041e+00       2.43110e-01       9.87978e-01
  366  3.66e-04      1.35887e+00       2.57214e-01       9.91648e-01
  367  3.67e-04      1.36020e+00       2.82283e-01       1.00089e+00
  368  3.68e-04      1.36304e+00       3.22614e-01       1.01623e+00
  369  3.69e-04      1.35164e+00       3.10739e-01       1.00467e+00
  370  3.70e-04      1.35968e+00       2.65752e-01       9.95040e-01
  371  3.71e-04      1.36114e+00       2.80103e-01       1.00079e+00
  372  3.72e-04      1.37254e+00       2.46613e-01       9.97233e-01
  373  3.73e-04      1.38985e+00       3.01975e-01       1.02723e+00
  374  3.74e-04      1.38773e+00       2.79942e-01       1.01846e+00
  375  3.75e-04      1.39878e+00       2.78625e-01       1.02540e+00
  376  3.76e-04      1.40481e+00       2.81940e-01       1.03052e+00
  377  3.77e-04      1.39594e+00       3.02223e-01       1.03137e+00
  378  3.78e-04      1.40526e+00       3.69251e-01       1.05993e+00
  379  3.79e-04      1.40580e+00       2.78864e-01       1.03016e+00
  380  3.80e-04      1.39512e+00       2.83731e-01       1.02466e+00
  381  3.81e-04      1.38925e+00       3.12140e-01       1.03021e+00
  382  3.82e-04      1.38985e+00       2.99729e-01       1.02647e+00
  383  3.83e-04      1.37691e+00       2.97744e-01       1.01719e+00
  384  3.84e-04      1.38512e+00       3.20512e-01       1.03025e+00
  385  3.85e-04      1.39650e+00       3.33955e-01       1.04232e+00
  386  3.86e-04      1.39711e+00       2.83377e-01       1.02586e+00
  387  3.87e-04      1.40107e+00       3.08041e-01       1.03673e+00
  388  3.88e-04      1.39101e+00       3.07581e-01       1.02987e+00
  389  3.89e-04      1.38058e+00       2.91041e-01       1.01740e+00
  390  3.90e-04      1.37562e+00       2.75706e-01       1.00898e+00
  391  3.91e-04      1.36199e+00       3.14675e-01       1.01289e+00
  392  3.92e-04      1.36207e+00       2.81259e-01       1.00180e+00
  393  3.93e-04      1.36206e+00       3.06842e-01       1.01032e+00
  394  3.94e-04      1.36028e+00       2.82548e-01       1.00104e+00
  395  3.95e-04      1.37046e+00       2.49027e-01       9.96648e-01
  396  3.96e-04      1.38825e+00       3.37012e-01       1.03783e+00
  397  3.97e-04      1.39495e+00       2.62267e-01       1.01739e+00
  398  3.98e-04      1.39493e+00       2.90711e-01       1.02686e+00
  399  3.99e-04      1.40242e+00       2.83603e-01       1.02948e+00
  400  4.00e-04      1.40767e+00       2.87761e-01       1.03437e+00
  401  4.01e-04      1.40593e+00       2.49891e-01       1.02059e+00
  402  4.02e-04      1.39909e+00       3.00341e-01       1.03284e+00
  403  4.03e-04      1.40550e+00       1.97734e-01       1.00291e+00
  404  4.04e-04      1.40526e+00       2.53656e-01       1.02139e+00
  405  4.05e-04      1.40914e+00       3.36816e-01       1.05170e+00
  406  4.06e-04      1.40751e+00       2.85510e-01       1.03351e+00
  407  4.07e-04      1.43318e+00       3.05324e-01       1.05723e+00
  408  4.08e-04      1.44757e+00       2.88107e-01       1.06108e+00
  409  4.09e-04      1.45838e+00       2.78600e-01       1.06512e+00
  410  4.10e-04      1.46270e+00       2.86022e-01       1.07047e+00
  411  4.11e-04      1.46687e+00       2.88997e-01       1.07425e+00
  412  4.12e-04      1.47400e+00       2.88438e-01       1.07881e+00
  413  4.13e-04      1.48867e+00       2.71390e-01       1.08291e+00
  414  4.14e-04      1.50646e+00       2.43121e-01       1.08535e+00
  415  4.15e-04      1.51319e+00       2.89017e-01       1.10513e+00
  416  4.16e-04      1.51613e+00       3.25418e-01       1.11923e+00
  417  4.17e-04      1.53809e+00       2.44511e-01       1.10690e+00
  418  4.18e-04      1.54749e+00       2.84059e-01       1.12634e+00
  419  4.19e-04      1.55698e+00       3.03661e-01       1.13921e+00
  420  4.20e-04      1.56913e+00       3.19474e-01       1.15258e+00
  421  4.21e-04      1.57143e+00       2.59450e-01       1.13411e+00
  422  4.22e-04      1.57072e+00       3.02271e-01       1.14790e+00
  423  4.23e-04      1.57214e+00       2.81025e-01       1.14177e+00
  424  4.24e-04      1.58572e+00       3.41413e-01       1.17095e+00
  425  4.25e-04      1.58600e+00       2.26527e-01       1.13284e+00
  426  4.26e-04      1.58285e+00       3.03866e-01       1.15652e+00
  427  4.27e-04      1.58770e+00       3.24610e-01       1.16667e+00
  428  4.28e-04      1.59234e+00       3.43911e-01       1.17619e+00
  429  4.29e-04      1.58883e+00       2.74169e-01       1.15061e+00
  430  4.30e-04      1.58892e+00       2.82858e-01       1.15357e+00
  431  4.31e-04      1.59303e+00       3.23023e-01       1.16970e+00
  432  4.32e-04      1.58938e+00       2.70808e-01       1.14985e+00
  433  4.33e-04      1.59712e+00       3.26543e-01       1.17360e+00
  434  4.34e-04      1.59828e+00       2.99967e-01       1.16551e+00
  435  4.35e-04      1.61012e+00       3.02908e-01       1.17438e+00
  436  4.36e-04      1.61960e+00       2.36839e-01       1.15868e+00
  437  4.37e-04      1.62565e+00       3.00021e-01       1.18378e+00
  438  4.38e-04      1.64210e+00       3.26341e-01       1.20352e+00
  439  4.39e-04      1.64575e+00       3.49543e-01       1.21368e+00
  440  4.40e-04      1.65255e+00       3.07052e-01       1.20405e+00
  441  4.41e-04      1.65332e+00       2.96214e-01       1.20095e+00
  442  4.42e-04      1.65952e+00       2.96711e-01       1.20525e+00
  443  4.43e-04      1.67562e+00       3.19383e-01       1.22354e+00
  444  4.44e-04      1.66849e+00       3.52829e-01       1.22994e+00
  445  4.45e-04      1.66075e+00       3.07100e-01       1.20953e+00
  446  4.46e-04      1.67493e+00       3.11668e-01       1.22051e+00
  447  4.47e-04      1.67590e+00       2.82223e-01       1.21134e+00
  448  4.48e-04      1.68381e+00       2.69577e-01       1.21240e+00
  449  4.49e-04      1.67967e+00       2.70113e-01       1.20981e+00
  450  4.50e-04      1.69300e+00       3.52640e-01       1.24621e+00
  451  4.51e-04      1.70230e+00       3.55885e-01       1.25350e+00
  452  4.52e-04      1.71015e+00       3.47078e-01       1.25579e+00
  453  4.53e-04      1.71840e+00       3.03390e-01       1.24673e+00
  454  4.54e-04      1.71906e+00       2.91462e-01       1.24320e+00
  455  4.55e-04      1.72360e+00       3.67998e-01       1.27173e+00
  456  4.56e-04      1.72413e+00       3.13821e-01       1.25403e+00
  457  4.57e-04      1.72530e+00       3.73556e-01       1.27472e+00
  458  4.58e-04      1.73678e+00       2.92081e-01       1.25521e+00
  459  4.59e-04      1.73230e+00       3.38465e-01       1.26769e+00
  460  4.60e-04      1.73446e+00       3.02670e-01       1.25720e+00
  461  4.61e-04      1.73994e+00       3.25558e-01       1.26848e+00
  462  4.62e-04      1.73762e+00       2.87465e-01       1.25423e+00
  463  4.63e-04      1.73503e+00       3.30926e-01       1.26700e+00
  464  4.64e-04      1.73199e+00       3.79858e-01       1.28128e+00
  465  4.65e-04      1.73312e+00       4.30783e-01       1.29901e+00
  466  4.66e-04      1.74357e+00       3.31364e-01       1.27284e+00
  467  4.67e-04      1.75940e+00       3.10611e-01       1.27647e+00
  468  4.68e-04      1.74786e+00       3.16789e-01       1.27083e+00
  469  4.69e-04      1.73659e+00       3.03813e-01       1.25900e+00
  470  4.70e-04      1.75271e+00       3.42359e-01       1.28259e+00
  471  4.71e-04      1.76643e+00       2.81571e-01       1.27148e+00
  472  4.72e-04      1.78793e+00       3.36252e-01       1.30404e+00
  473  4.73e-04      1.79337e+00       3.20961e-01       1.30257e+00
  474  4.74e-04      1.78851e+00       3.26815e-01       1.30128e+00
  475  4.75e-04      1.79326e+00       2.97638e-01       1.29472e+00
  476  4.76e-04      1.79034e+00       2.79361e-01       1.28668e+00
  477  4.77e-04      1.78581e+00       2.90133e-01       1.28725e+00
  478  4.78e-04      1.78076e+00       3.02439e-01       1.28798e+00
  479  4.79e-04      1.78157e+00       3.11379e-01       1.29151e+00
  480  4.80e-04      1.80590e+00       3.14516e-01       1.30877e+00
  481  4.81e-04      1.81349e+00       3.28815e-01       1.31860e+00
  482  4.82e-04      1.81550e+00       3.28833e-01       1.31995e+00
  483  4.83e-04      1.80762e+00       2.83039e-01       1.29942e+00
  484  4.84e-04      1.81651e+00       3.14162e-01       1.31573e+00
  485  4.85e-04      1.83383e+00       2.69819e-01       1.31249e+00
  486  4.86e-04      1.84895e+00       2.85439e-01       1.32778e+00
  487  4.87e-04      1.85747e+00       3.02655e-01       1.33920e+00
  488  4.88e-04      1.87453e+00       3.39296e-01       1.36278e+00
  489  4.89e-04      1.88125e+00       3.20396e-01       1.36096e+00
  490  4.90e-04      1.91017e+00       2.74998e-01       1.36511e+00
  491  4.91e-04      1.91231e+00       2.77048e-01       1.36722e+00
  492  4.92e-04      1.93275e+00       2.73023e-01       1.37951e+00
  493  4.93e-04      1.96135e+00       2.71573e-01       1.39809e+00
  494  4.94e-04      1.95525e+00       2.94616e-01       1.40171e+00
  495  4.95e-04      1.98270e+00       2.85736e-01       1.41704e+00
  496  4.96e-04      1.99023e+00       2.79549e-01       1.42001e+00
  497  4.97e-04      1.97797e+00       2.85764e-01       1.41390e+00
  498  4.98e-04      1.98211e+00       3.18997e-01       1.42774e+00
  499  4.99e-04      1.97959e+00       2.76844e-01       1.41201e+00
