Delta = 6.939e-01 gamma
 step      t        T_in_plane/mK   T_out_of_plane/mK   T_tot/mK
    0  0.00e+00      1.88638e-29       0.00000e+00       1.25759e-29
    1  1.00e-06      3.52087e-03       4.81839e-03       3.95338e-03
    2  2.00e-06      7.50358e-03       9.60444e-03       8.20387e-03
    3  3.00e-06      1.17474e-02       1.37430e-02       1.24126e-02
    4  4.00e-06      1.65412e-02       1.81074e-02       1.70633e-02
    5  5.00e-06      2.09267e-02       2.47326e-02       2.21953e-02
    6  6.00e-06      2.50718e-02       2.45069e-02       2.48835e-02
    7  7.00e-06      2.66776e-02       2.61208e-02       2.64920e-02
    8  8.00e-06      3.04724e-02       2.64491e-02       2.91313e-02
    9  9.00e-06      3.47620e-02       3.27237e-02       3.40826e-02
   10  1.00e-05      3.94545e-02       3.29953e-02       3.73015e-02
   11  1.10e-05      4.12632e-02       3.88338e-02       4.04534e-02
   12  1.20e-05      4.46569e-02       4.52882e-02       4.48673e-02
   13  1.30e-05      4.85138e-02       4.76736e-02       4.82337e-02
   14  1.40e-05      5.22625e-02       4.88517e-02       5.11256e-02
   15  1.50e-05      5.40018e-02       5.76434e-02       5.52157e-02
   16  1.60e-05      5.59190e-02       5.24009e-02       5.47463e-02
   17  1.70e-05      5.80317e-02       6.15352e-02       5.91996e-02
   18  1.80e-05      6.49714e-02       6.37310e-02       6.45580e-02
   19  1.90e-05      6.63017e-02       7.51012e-02       6.92349e-02
   20  2.00e-05      6.87534e-02       7.57582e-02       7.10883e-02
   21  2.10e-05      7.30729e-02       6.70000e-02       7.10486e-02
   22  2.20e-05      7.97768e-02       8.50357e-02       8.15298e-02
   23  2.30e-05      8.08942e-02       9.71312e-02       8.63065e-02
   24  2.40e-05      8.61112e-02       8.46207e-02       8.56144e-02
   25  2.50e-05      9.12738e-02       9.00561e-02       9.08679e-02
   26  2.60e-05      9.62553e-02       1.07926e-01       1.00145e-01
   27  2.70e-05      9.73292e-02       9.42515e-02       9.63033e-02
   28  2.80e-05      9.94888e-02       7.54591e-02       9.14789e-02
   29  2.90e-05      1.01950e-01       9.93559e-02       1.01086e-01
   30  3.00e-05      1.06296e-01       1.05718e-01       1.06103e-01
   31  3.10e-05      1.12058e-01       8.80884e-02       1.04068e-01
   32  3.20e-05      1.15517e-01       9.86512e-02       1.09895e-01
   33  3.30e-05      1.17589e-01       1.07535e-01       1.14238e-01
   34  3.40e-05      1.22646e-01       9.62782e-02       1.13856e-01
   35  3.50e-05      1.26785e-01       1.13820e-01       1.22463e-01
   36  3.60e-05      1.31463e-01       1.29768e-01       1.30898e-01
   37  3.70e-05      1.32394e-01       1.11788e-01       1.25525e-01
   38  3.80e-05      1.39436e-01       1.22109e-01       1.33660e-01
   39  3.90e-05      1.46383e-01       1.35151e-01       1.42639e-01
   40  4.00e-05      1.47868e-01       1.28378e-01       1.41371e-01
   41  4.10e-05      1.47076e-01       1.31896e-01       1.42016e-01
   42  4.20e-05      1.50430e-01       1.03709e-01       1.34857e-01
   43  4.30e-05      1.53106e-01       1.37617e-01       1.47943e-01
   44  4.40e-05      1.61710e-01       1.17503e-01       1.46974e-01
   45  4.50e-05      1.69478e-01       1.15030e-01       1.51328e-01
   46  4.60e-05      1.78230e-01       1.60684e-01       1.72381e-01
   47  4.70e-05      1.83439e-01       1.60487e-01       1.75788e-01
   48  4.80e-05      1.91325e-01       1.74486e-01       1.85712e-01
   49  4.90e-05      1.93867e-01       1.59915e-01       1.82550e-01
   50  5.00e-05      1.95760e-01       1.82833e-01       1.91451e-01
   51  5.10e-05      2.05755e-01       1.68983e-01       1.93498e-01
   52  5.20e-05      2.13853e-01       1.67678e-01       1.98461e-01
   53  5.30e-05      2.17490e-01       1.71760e-01       2.02247e-01
   54  5.40e-05      2.21181e-01       1.75380e-01       2.05914e-01
   55  5.50e-05      2.26030e-01       1.82779e-01       2.11613e-01
   56  5.60e-05      2.24574e-01       1.40492e-01       1.96547e-01
   57  5.70e-05      2.28943e-01       1.74389e-01       2.10759e-01
   58  5.80e-05      2.32344e-01       1.66067e-01       2.10252e-01
   59  5.90e-05      2.35840e-01       1.59478e-01       2.10386e-01
   60  6.00e-05      2.40394e-01       1.62258e-01       2.14348e-01
   61  6.10e-05      2.42378e-01       1.94163e-01       2.26307e-01
   62  6.20e-05      2.44334e-01       1.45813e-01       2.11494e-01
   63  6.30e-05      2.49824e-01       1.79047e-01       2.26232e-01
   64  6.40e-05      2.58163e-01       1.71368e-01       2.29232e-01
   65  6.50e-05      2.64498e-01       1.61930e-01       2.30309e-01
   66  6.60e-05      2.63434e-01       1.81828e-01       2.36232e-01
   67  6.70e-05      2.67318e-01       1.62678e-01       2.32438e-01
   68  6.80e-05      2.68951e-01       1.68622e-01       2.35508e-01
   69  6.90e-05      2.76530e-01       1.62946e-01       2.38669e-01
   70  7.00e-05      2.91258e-01       1.81750e-01       2.54755e-01
   71  7.10e-05      2.87412e-01       1.82164e-01       2.52330e-01
   72  7.20e-05      2.89194e-01       1.99002e-01       2.59130e-01
   73  7.30e-05      2.91788e-01       1.94024e-01       2.59200e-01
   74  7.40e-05      2.90485e-01       1.84158e-01       2.55042e-01
   75  7.50e-05      2.90997e-01       1.66612e-01       2.49535e-01
   76  7.60e-05      2.93521e-01       1.91266e-01       2.59436e-01
   77  7.70e-05      2.93965e-01       1.79109e-01       2.55680e-01
   78  7.80e-05      2.94020e-01       1.74207e-01       2.54083e-01
   79  7.90e-05      2.96713e-01       2.08854e-01       2.67427e-01
   80  8.00e-05      2.92411e-01       2.11540e-01       2.65454e-01
   81  8.10e-05      2.96629e-01       1.77691e-01       2.56983e-01
   82  8.20e-05      3.04826e-01       2.27793e-01       2.79148e-01
   83  8.30e-05      3.08133e-01       2.38033e-01       2.84766e-01
   84  8.40e-05      3.08407e-01       2.27706e-01       2.81507e-01
   85  8.50e-05      3.15021e-01       2.02744e-01       2.77596e-01
   86  8.60e-05      3.24824e-01       1.91350e-01       2.80333e-01
   87  8.70e-05      3.24099e-01       2.09104e-01       2.85767e-01
   88  8.80e-05      3.29930e-01       2.02311e-01       2.87390e-01
   89  8.90e-05      3.38428e-01       1.93844e-01       2.90233e-01
   90  9.00e-05      3.36360e-01       2.26577e-01       2.99765e-01
   91  9.10e-05      3.35211e-01       2.28998e-01       2.99807e-01
   92  9.20e-05      3.51561e-01       2.23858e-01       3.08994e-01
   93  9.30e-05      3.57658e-01       2.42441e-01       3.19253e-01
   94  9.40e-05      3.60315e-01       1.92800e-01       3.04477e-01
   95  9.50e-05      3.62032e-01       2.26906e-01       3.16990e-01
   96  9.60e-05      3.67765e-01       2.04730e-01       3.13420e-01
   97  9.70e-05      3.69328e-01       1.84434e-01       3.07696e-01
   98  9.80e-05      3.85506e-01       2.25035e-01       3.32015e-01
   99  9.90e-05      3.97283e-01       2.29943e-01       3.41503e-01
  100  1.00e-04      4.01178e-01       2.28623e-01       3.43660e-01
  101  1.01e-04      4.01640e-01       2.65075e-01       3.56119e-01
  102  1.02e-04      4.08777e-01       2.23627e-01       3.47060e-01
  103  1.03e-04      4.07427e-01       2.12484e-01       3.42446e-01
  104  1.04e-04      4.04272e-01       2.13934e-01       3.40826e-01
  105  1.05e-04      4.05038e-01       2.23476e-01       3.44517e-01
  106  1.06e-04      4.05431e-01       2.45153e-01       3.52005e-01
  107  1.07e-04      4.06651e-01       2.27312e-01       3.46871e-01
  108  1.08e-04      4.11620e-01       2.32848e-01       3.52030e-01
  109  1.09e-04      4.16156e-01       2.55034e-01       3.62449e-01
  110  1.10e-04      4.22390e-01       2.15261e-01       3.53347e-01
  111  1.11e-04      4.30789e-01       2.41350e-01       3.67643e-01
  112  1.12e-04      4.30012e-01       2.14446e-01       3.58157e-01
  113  1.13e-04      4.38646e-01       2.20490e-01       3.65927e-01
  114  1.14e-04      4.44016e-01       2.38893e-01       3.75642e-01
  115  1.15e-04      4.43350e-01       2.32143e-01       3.72948e-01
  116  1.16e-04      4.49122e-01       2.63920e-01       3.87388e-01
  117  1.17e-04      4.56105e-01       2.37027e-01       3.83079e-01
  118  1.18e-04      4.62464e-01       2.61398e-01       3.95442e-01
  119  1.19e-04      4.75162e-01       2.47126e-01       3.99150e-01
  120  1.20e-04      4.76179e-01       2.69873e-01       4.07410e-01
  121  1.21e-04      4.88949e-01       2.38056e-01       4.05318e-01
  122  1.22e-04      4.83631e-01       2.83337e-01       4.16866e-01
  123  1.23e-04      4.87700e-01       2.15393e-01       3.96931e-01
  124  1.24e-04      4.95234e-01       2.61874e-01       4.17447e-01
  125  1.25e-04      4.92863e-01       2.09173e-01       3.98299e-01
  126  1.26e-04      5.02758e-01       2.36299e-01       4.13938e-01
  127  1.27e-04      5.15130e-01       2.11093e-01       4.13784e-01
  128  1.28e-04      5.17878e-01       2.06992e-01       4.14249e-01
  129  1.29e-04      5.26803e-01       2.32903e-01       4.28836e-01
  130  1.30e-04      5.26760e-01       2.09973e-01       4.21165e-01
  131  1.31e-04      5.32367e-01       2.34880e-01       4.33205e-01
  132  1.32e-04      5.26740e-01       2.01783e-01       4.18421e-01
  133  1.33e-04      5.26747e-01       2.44859e-01       4.32784e-01
  134  1.34e-04      5.32523e-01       2.32223e-01       4.32423e-01
  135  1.35e-04      5.29858e-01       2.31708e-01       4.30475e-01
  136  1.36e-04      5.34735e-01       2.33877e-01       4.34449e-01
  137  1.37e-04      5.32344e-01       2.26444e-01       4.30377e-01
  138  1.38e-04      5.47049e-01       1.72290e-01       4.22130e-01
  139  1.39e-04      5.48542e-01       2.67751e-01       4.54945e-01
  140  1.40e-04      5.45208e-01       2.22137e-01       4.37518e-01
  141  1.41e-04      5.38801e-01       2.35887e-01       4.37830e-01
  142  1.42e-04      5.45435e-01       2.85313e-01       4.58727e-01
  143  1.43e-04      5.52759e-01       2.63399e-01       4.56306e-01
  144  1.44e-04      5.53244e-01       2.73403e-01       4.59964e-01
  145  1.45e-04      5.67393e-01       2.55963e-01       4.63583e-01
  146  1.46e-04      5.71105e-01       2.52931e-01       4.65047e-01
  147  1.47e-04      5.73499e-01       2.32311e-01       4.59769e-01
  148  1.48e-04      5.77770e-01       2.66166e-01       4.73902e-01
  149  1.49e-04      5.86132e-01       2.75108e-01       4.82457e-01
  150  1.50e-04      5.88453e-01       2.75312e-01       4.84073e-01
  151  1.51e-04      5.99317e-01       2.38015e-01       4.78883e-01
  152  1.52e-04      5.97825e-01       2.69647e-01       4.88432e-01
  153  1.53e-04      5.92302e-01       2.42807e-01       4.75803e-01
  154  1.54e-04      5.99964e-01       2.53678e-01       4.84535e-01
  155  1.55e-04      5.95223e-01       2.54808e-01       4.81751e-01
  156  1.56e-04      5.97769e-01       2.31110e-01       4.75549e-01
  157  1.57e-04      5.98769e-01       2.64239e-01       4.87259e-01
  158  1.58e-04      5.98731e-01       2.51854e-01       4.83105e-01
  159  1.59e-04      6.10329e-01       2.88396e-01       5.03018e-01
  160  1.60e-04      6.00876e-01       2.67157e-01       4.89637e-01
  161  1.61e-04      6.00424e-01       2.66200e-01       4.89016e-01
  162  1.62e-04      6.00970e-01       2.92202e-01       4.98047e-01
  163  1.63e-04      6.08822e-01       3.07608e-01       5.08417e-01
  164  1.64e-04      6.16692e-01       2.83926e-01       5.05770e-01
  165  1.65e-04      6.01299e-01       2.68905e-01       4.90501e-01
  166  1.66e-04      6.10289e-01       2.76842e-01       4.99140e-01
  167  1.67e-04      6.09177e-01       2.46363e-01       4.88239e-01
  168  1.68e-04      6.13121e-01       2.74033e-01       5.00092e-01
  169  1.69e-04      6.11724e-01       2.73573e-01       4.99007e-01
  170  1.70e-04      6.29548e-01       2.59188e-01       5.06095e-01
  171  1.71e-04      6.31622e-01       3.00714e-01       5.21320e-01
  172  1.72e-04      6.40965e-01       2.67842e-01       5.16590e-01
  173  1.73e-04      6.46245e-01       2.98846e-01       5.30445e-01
  174  1.74e-04      6.37993e-01       2.67843e-01       5.14610e-01
  175  1.75e-04      6.47331e-01       3.00836e-01       5.31833e-01
  176  1.76e-04      6.45023e-01       2.63430e-01       5.17825e-01
  177  1.77e-04      6.44786e-01       3.10463e-01       5.33345e-01
  178  1.78e-04      6.49670e-01       2.86543e-01       5.28628e-01
  179  1.79e-04      6.51256e-01       2.64762e-01       5.22424e-01
  180  1.80e-04      6.45470e-01       2.57996e-01       5.16312e-01
  181  1.81e-04      6.52979e-01       2.65125e-01       5.23694e-01
  182  1.82e-04      6.57459e-01       2.77354e-01       5.30757e-01
  183  1.83e-04      6.63724e-01       2.76992e-01       5.34814e-01
  184  1.84e-04      6.74432e-01       2.82768e-01       5.43877e-01
  185  1.85e-04      6.74085e-01       2.70279e-01       5.39483e-01
  186  1.86e-04      6.81975e-01       2.73770e-01       5.45907e-01
  187  1.87e-04      6.86773e-01       2.89460e-01       5.54336e-01
  188  1.88e-04      6.92757e-01       2.45080e-01       5.43531e-01
  189  1.89e-04      7.03809e-01       2.79297e-01       5.62305e-01
  190  1.90e-04      7.04657e-01       2.62878e-01       5.57398e-01
  191  1.91e-04      7.06485e-01       2.42767e-01       5.51912e-01
  192  1.92e-04      7.06143e-01       2.85510e-01       5.65932e-01
  193  1.93e-04      7.10363e-01       2.59472e-01       5.60066e-01
  194  1.94e-04      7.15998e-01       2.71164e-01       5.67720e-01
  195  1.95e-04      7.09658e-01       3.03025e-01       5.74114e-01
  196  1.96e-04      7.01660e-01       3.07538e-01       5.70286e-01
  197  1.97e-04      6.96790e-01       2.43567e-01       5.45715e-01
  198  1.98e-04      6.96420e-01       3.38681e-01       5.77174e-01
  199  1.99e-04      6.99331e-01       2.93718e-01       5.64126e-01
  200  2.00e-04      7.03726e-01       2.58726e-01       5.55393e-01
  201  2.01e-04      7.08217e-01       2.84920e-01       5.67118e-01
  202  2.02e-04      7.06583e-01       2.71917e-01       5.61694e-01
  203  2.03e-04      7.02398e-01       2.16438e-01       5.40411e-01
  204  2.04e-04      7.06838e-01       2.35829e-01       5.49835e-01
  205  2.05e-04      7.12821e-01       2.65273e-01       5.63638e-01
  206  2.06e-04      7.18415e-01       2.61245e-01       5.66025e-01
  207  2.07e-04      7.24404e-01       2.83577e-01       5.77462e-01
  208  2.08e-04      7.32467e-01       2.81108e-01       5.82014e-01
  209  2.09e-04      7.32974e-01       2.94444e-01       5.86797e-01
  210  2.10e-04      7.35149e-01       3.21789e-01       5.97362e-01
  211  2.11e-04      7.34674e-01       2.71875e-01       5.80408e-01
  212  2.12e-04      7.40055e-01       2.57710e-01       5.79273e-01
  213  2.13e-04      7.48390e-01       2.76875e-01       5.91219e-01
  214  2.14e-04      7.60234e-01       2.67147e-01       5.95872e-01
  215  2.15e-04      7.57175e-01       2.63350e-01       5.92567e-01
  216  2.16e-04      7.67150e-01       2.62224e-01       5.98842e-01
  217  2.17e-04      7.78360e-01       2.47152e-01       6.01291e-01
  218  2.18e-04      7.83766e-01       2.51835e-01       6.06455e-01
  219  2.19e-04      7.83175e-01       2.54117e-01       6.06822e-01
  220  2.20e-04      7.95780e-01       2.63617e-01       6.18392e-01
  221  2.21e-04      7.92434e-01       2.49341e-01       6.11403e-01
  222  2.22e-04      7.91151e-01       3.05923e-01       6.29409e-01
  223  2.23e-04      8.01086e-01       2.41548e-01       6.14573e-01
  224  2.24e-04      8.03248e-01       2.81693e-01       6.29397e-01
  225  2.25e-04      8.00392e-01       2.51400e-01       6.17395e-01
  226  2.26e-04      8.18756e-01       2.51129e-01       6.29547e-01
  227  2.27e-04      8.34507e-01       2.71365e-01       6.46793e-01
  228  2.28e-04      8.33887e-01       2.63337e-01       6.43704e-01
  229  2.29e-04      8.45241e-01       2.64817e-01       6.51766e-01
  230  2.30e-04      8.42634e-01       2.64860e-01       6.50043e-01
  231  2.31e-04      8.36843e-01       2.98535e-01       6.57407e-01
  232  2.32e-04      8.40337e-01       2.90469e-01       6.57048e-01
  233  2.33e-04      8.34509e-01       2.99228e-01       6.56082e-01
  234  2.34e-04      8.39658e-01       2.88252e-01       6.55856e-01
  235  2.35e-04      8.38984e-01       2.71441e-01       6.49803e-01
  236  2.36e-04      8.33827e-01       2.78064e-01       6.48572e-01
  237  2.37e-04      8.34097e-01       3.08303e-01       6.58832e-01
  238  2.38e-04      8.47242e-01       2.26256e-01       6.40246e-01
  239  2.39e-04      8.55152e-01       3.12165e-01       6.74156e-01
  240  2.40e-04      8.59450e-01       3.11559e-01       6.76820e-01
  241  2.41e-04      8.52830e-01       2.63469e-01       6.56376e-01
  242  2.42e-04      8.59380e-01       2.66869e-01       6.61876e-01
  243  2.43e-04      8.65614e-01       2.87362e-01       6.72863e-01
  244  2.44e-04      8.56622e-01       2.53956e-01       6.55734e-01
  245  2.45e-04      8.56317e-01       2.54619e-01       6.55751e-01
  246  2.46e-04      8.55614e-01       2.94187e-01       6.68472e-01
  247  2.47e-04      8.61861e-01       2.68526e-01       6.64083e-01
  248  2.48e-04      8.67421e-01       3.24504e-01       6.86449e-01
  249  2.49e-04      8.66962e-01       3.09467e-01       6.81130e-01
  250  2.50e-04      8.67941e-01       2.76100e-01       6.70661e-01
  251  2.51e-04      8.64415e-01       2.91206e-01       6.73345e-01
  252  2.52e-04      8.59273e-01       2.86871e-01       6.68473e-01
  253  2.53e-04      8.45289e-01       3.02314e-01       6.64297e-01
  254  2.54e-04      8.68474e-01       3.02928e-01       6.79958e-01
  255  2.55e-04      8.72998e-01       2.75495e-01       6.73830e-01
  256  2.56e-04      8.73994e-01       3.05635e-01       6.84541e-01
  257  2.57e-04      8.78903e-01       3.15397e-01       6.91068e-01
  258  2.58e-04      8.94611e-01       2.95490e-01       6.94904e-01
  259  2.59e-04      9.09452e-01       2.64749e-01       6.94551e-01
  260  2.60e-04      9.15634e-01       3.30934e-01       7.20734e-01
  261  2.61e-04      9.29695e-01       3.07788e-01       7.22392e-01
  262  2.62e-04      9.31190e-01       3.18818e-01       7.27066e-01
  263  2.63e-04      9.36194e-01       2.86760e-01       7.19716e-01
  264  2.64e-04      9.30360e-01       3.24227e-01       7.28315e-01
  265  2.65e-04      9.25700e-01       2.72665e-01       7.08021e-01
  266  2.66e-04      9.30120e-01       3.42356e-01       7.34199e-01
  267  2.67e-04      9.34842e-01       3.02454e-01       7.24046e-01
  268  2.68e-04      9.46526e-01       3.12073e-01       7.35041e-01
  269  2.69e-04      9.44462e-01       3.46828e-01       7.45250e-01
  270  2.70e-04      9.51357e-01       3.11445e-01       7.38053e-01
  271  2.71e-04      9.51181e-01       3.23035e-01       7.41799e-01
  272  2.72e-04      9.51014e-01       2.85734e-01       7.29254e-01
  273  2.73e-04      9.59357e-01       2.93141e-01       7.37285e-01
  274  2.74e-04      9.69169e-01       2.94214e-01       7.44184e-01
  275  2.75e-04      9.82911e-01       3.08897e-01       7.58240e-01
  276  2.76e-04      9.91393e-01       3.32876e-01       7.71887e-01
  277  2.77e-04      1.00970e+00       3.12189e-01       7.77199e-01
  278  2.78e-04      1.01161e+00       3.40056e-01       7.87757e-01
  279  2.79e-04      1.01488e+00       3.21529e-01       7.83765e-01
  280  2.80e-04      1.02148e+00       2.96699e-01       7.79889e-01
  281  2.81e-04      1.02495e+00       2.95509e-01       7.81804e-01
  282  2.82e-04      1.03369e+00       3.02097e-01       7.89824e-01
  283  2.83e-04      1.04297e+00       3.01861e-01       7.95937e-01
  284  2.84e-04      1.06053e+00       3.75576e-01       8.32214e-01
  285  2.85e-04      1.07354e+00       3.08514e-01       8.18534e-01
  286  2.86e-04      1.06491e+00       3.30924e-01       8.20245e-01
  287  2.87e-04      1.07255e+00       2.87571e-01       8.10889e-01
  288  2.88e-04      1.08041e+00       2.98113e-01       8.19643e-01
  289  2.89e-04      1.08685e+00       2.90475e-01       8.21392e-01
  290  2.90e-04      1.09003e+00       3.23876e-01       8.34649e-01
  291  2.91e-04      1.08842e+00       3.39085e-01       8.38644e-01
  292  2.92e-04      1.09208e+00       3.50100e-01       8.44753e-01
  293  2.93e-04      1.09093e+00       3.33038e-01       8.38298e-01
  294  2.94e-04      1.08978e+00       3.08383e-01       8.29314e-01
  295  2.95e-04      1.10124e+00       3.19675e-01       8.40716e-01
  296  2.96e-04      1.11869e+00       2.57742e-01       8.31706e-01
  297  2.97e-04      1.11792e+00       3.43525e-01       8.59788e-01
  298  2.98e-04      1.10597e+00       2.97874e-01       8.36607e-01
  299  2.99e-04      1.11542e+00       3.62922e-01       8.64586e-01
  300  3.00e-04      1.11286e+00       3.45994e-01       8.57238e-01
  301  3.01e-04      1.12910e+00       3.00507e-01       8.52900e-01
  302  3.02e-04      1.13671e+00       3.30627e-01       8.68013e-01
  303  3.03e-04      1.14742e+00       3.11165e-01       8.68668e-01
  304  3.04e-04      1.16582e+00       3.32764e-01       8.88132e-01
  305  3.05e-04      1.17824e+00       3.07773e-01       8.88087e-01
  306  3.06e-04      1.19056e+00       3.18222e-01       8.99778e-01
  307  3.07e-04      1.18734e+00       3.32491e-01       9.02388e-01
  308  3.08e-04      1.19379e+00       3.44630e-01       9.10738e-01
  309  3.09e-04      1.20281e+00       2.95749e-01       9.00456e-01
  310  3.10e-04      1.20183e+00       3.41858e-01       9.15171e-01
  311  3.11e-04      1.18425e+00       3.01115e-01       8.89873e-01
  312  3.12e-04      1.19872e+00       2.91894e-01       8.96448e-01
  313  3.13e-04      1.20274e+00       3.39182e-01       9.14888e-01
  314  3.14e-04      1.20353e+00       3.07990e-01       9.05015e-01
  315  3.15e-04      1.19785e+00       3.43001e-01       9.12897e-01
  316  3.16e-04      1.20760e+00       2.64833e-01       8.93344e-01
  317  3.17e-04      1.20866e+00       3.58556e-01       9.25294e-01
  318  3.18e-04      1.21947e+00       2.52245e-01       8.97060e-01
  319  3.19e-04      1.22271e+00       3.31906e-01       9.25775e-01
  320  3.20e-04      1.22835e+00       2.98981e-01       9.18562e-01
  321  3.21e-04      1.23257e+00       3.25337e-01       9.30162e-01
  322  3.22e-04      1.25782e+00       2.99154e-01       9.38265e-01
  323  3.23e-04      1.26553e+00       3.42442e-01       9.57837e-01
  324  3.24e-04      1.27040e+00       2.47436e-01       9.29412e-01
  325  3.25e-04      1.27987e+00       3.10830e-01       9.56856e-01
  326  3.26e-04      1.28695e+00       3.72693e-01       9.82194e-01
  327  3.27e-04      1.29306e+00       2.67141e-01       9.51087e-01
  328  3.28e-04      1.30157e+00       3.04432e-01       9.69193e-01
  329  3.29e-04      1.30340e+00       3.41887e-01       9.82893e-01
  330  3.30e-04      1.30133e+00       2.97462e-01       9.66709e-01
  331  3.31e-04      1.30048e+00       3.51820e-01       9.84263e-01
  332  3.32e-04      1.31299e+00       2.96930e-01       9.74306e-01
  333  3.33e-04      1.31136e+00       3.63532e-01       9.95414e-01
  334  3.34e-04      1.31375e+00       2.93579e-01       9.73692e-01
  335  3.35e-04      1.33128e+00       3.26800e-01       9.96455e-01
  336  3.36e-04      1.32904e+00       3.30133e-01       9.96068e-01
  337  3.37e-04      1.32770e+00       3.88389e-01       1.01460e+00
  338  3.38e-04      1.33163e+00       3.33250e-01       9.98834e-01
  339  3.39e-04      1.31702e+00       3.17459e-01       9.83833e-01
  340  3.40e-04      1.32537e+00       2.89396e-01       9.80049e-01
  341  3.41e-04      1.33307e+00       3.54200e-01       1.00678e+00
  342  3.42e-04      1.33522e+00       3.08304e-01       9.92914e-01
  343  3.43e-04      1.33798e+00       3.28120e-01       1.00136e+00
  344  3.44e-04      1.34280e+00       4.17729e-01       1.03444e+00
  345  3.45e-04      1.33342e+00       3.20253e-01       9.95696e-01
  346  3.46e-04      1.34864e+00       4.00991e-01       1.03276e+00
  347  3.47e-04      1.33727e+00       3.28515e-01       1.00102e+00
  348  3.48e-04      1.33388e+00       3.40813e-01       1.00286e+00
  349  3.49e-04      1.35068e+00       3.63184e-01       1.02151e+00
  350  3.50e-04      1.35181e+00       3.54592e-01       1.01940e+00
  351  3.51e-04      1.33907e+00       3.74464e-01       1.01753e+00
  352  3.52e-04      1.34004e+00       3.04774e-01       9.94954e-01
  353  3.53e-04      1.34245e+00       3.20263e-01       1.00172e+00
  354  3.54e-04      1.34218e+00       3.06440e-01       9.96934e-01
  355  3.55e-04      1.35055e+00       3.04965e-01       1.00202e+00
  356  3.56e-04      1.36009e+00       3.14109e-01       1.01143e+00
  357  3.57e-04      1.38645e+00       3.22974e-01       1.03196e+00
  358  3.58e-04      1.39759e+00       2.77841e-01       1.02434e+00
  359  3.59e-04      1.39662e+00       3.82044e-01       1.05843e+00
  360  3.60e-04      1.39267e+00       3.48890e-01       1.04475e+00
  361  3.61e-04      1.39422e+00       3.61777e-01       1.05007e+00
  362  3.62e-04      1.40366e+00       3.76701e-01       1.06134e+00
  363  3.63e-04      1.39709e+00       3.52894e-01       1.04903e+00
  364  3.64e-04      1.40596e+00       3.61383e-01       1.05777e+00
  365  3.65e-04      1.40616e+00       3.48498e-01       1.05361e+00
  366  3.66e-04      1.40691e+00       3.99702e-01       1.07118e+00
  367  3.67e-04      1.40371e+00       3.43258e-01       1.05022e+00
  368  3.68e-04      1.39379e+00       3.25920e-01       1.03783e+00
  369  3.69e-04      1.40861e+00       3.44691e-01       1.05397e+00
  370  3.70e-04      1.40359e+00       3.73017e-01       1.06007e+00
  371  3.71e-04      1.40676e+00       3.31711e-01       1.04841e+00
  372  3.72e-04      1.42359e+00       3.79325e-01       1.07550e+00
  373  3.73e-04      1.42600e+00       3.92777e-01       1.08159e+00
  374  3.74e-04      1.42885e+00       3.35881e-01       1.06453e+00
  375  3.75e-04      1.43407e+00       3.08574e-01       1.05890e+00
  376  3.76e-04      1.43690e+00       3.21852e-01       1.06521e+00
  377  3.77e-04      1.44901e+00       3.22167e-01       1.07340e+00
  378  3.78e-04      1.45116e+00       3.18330e-01       1.07355e+00
  379  3.79e-04      1.46772e+00       3.67666e-01       1.10103e+00
  380  3.80e-04      1.47396e+00       4.06454e-01       1.11812e+00
  381  3.81e-04      1.47473e+00       3.33878e-01       1.09444e+00
  382  3.82e-04      1.46446e+00       3.69065e-01       1.09933e+00
  383  3.83e-04      1.47130e+00       3.50843e-01       1.09782e+00
  384  3.84e-04      1.47017e+00       3.66279e-01       1.10220e+00
  385  3.85e-04      1.46494e+00       3.56309e-01       1.09540e+00
  386  3.86e-04      1.47908e+00       3.49458e-01       1.10254e+00
  387  3.87e-04      1.48359e+00       2.58165e-01       1.07512e+00
  388  3.88e-04      1.50475e+00       3.78152e-01       1.12922e+00
  389  3.89e-04      1.49384e+00       3.62856e-01       1.11684e+00
  390  3.90e-04      1.51103e+00       4.04655e-01       1.14224e+00
  391  3.91e-04      1.52103e+00       3.67361e-01       1.13647e+00
  392  3.92e-04      1.52749e+00       3.68334e-01       1.14110e+00
  393  3.93e-04      1.52384e+00       3.44926e-01       1.13087e+00
  394  3.94e-04      1.53701e+00       3.62039e-01       1.14535e+00
  395  3.95e-04      1.54790e+00       3.07933e-01       1.13458e+00
  396  3.96e-04      1.55636e+00       3.15187e-01       1.14264e+00
  397  3.97e-04      1.54822e+00       3.97963e-01       1.16480e+00
  398  3.98e-04      1.54406e+00       3.81409e-01       1.15651e+00
  399  3.99e-04      1.54954e+00       3.33718e-01       1.14426e+00
  400  4.00e-04      1.56239e+00       3.58170e-01       1.16098e+00
  401  4.01e-04      1.56635e+00       3.42784e-01       1.15849e+00
  402  4.02e-04      1.57833e+00       3.66335e-01       1.17433e+00
  403  4.03e-04      1.58415e+00       3.44253e-01       1.17085e+00
  404  4.04e-04      1.57762e+00       3.82458e-01       1.17923e+00
  405  4.05e-04      1.58924e+00       2.71704e-01       1.15006e+00
  406  4.06e-04      1.59883e+00       3.37074e-01       1.17825e+00
  407  4.07e-04      1.60775e+00       2.99616e-01       1.17171e+00
  408  4.08e-04      1.61140e+00       3.33676e-01       1.18549e+00
  409  4.09e-04      1.62324e+00       3.83912e-01       1.21013e+00
  410  4.10e-04      1.62556e+00       3.64714e-01       1.20528e+00
  411  4.11e-04      1.64276e+00       3.77308e-01       1.22094e+00
  412  4.12e-04      1.65500e+00       3.57441e-01       1.22248e+00
  413  4.13e-04      1.66540e+00       3.79662e-01       1.23682e+00
  414  4.14e-04      1.67224e+00       3.24623e-01       1.22304e+00
  415  4.15e-04      1.67021e+00       2.78601e-01       1.20634e+00
  416  4.16e-04      1.67119e+00       3.42657e-01       1.22835e+00
  417  4.17e-04      1.66623e+00       3.29120e-01       1.22052e+00
  418  4.18e-04      1.68417e+00       3.12898e-01       1.22708e+00
  419  4.19e-04      1.69379e+00       3.93127e-01       1.26024e+00
  420  4.20e-04      1.69746e+00       3.41803e-01       1.24557e+00
  421  4.21e-04      1.70841e+00       3.52917e-01       1.25658e+00
  422  4.22e-04      1.71362e+00       3.50489e-01       1.25924e+00
  423  4.23e-04      1.73067e+00       3.32939e-01       1.26476e+00
  424  4.24e-04      1.73137e+00       2.89664e-01       1.25080e+00
  425  4.25e-04      1.76537e+00       2.59798e-01       1.26351e+00
  426  4.26e-04      1.76849e+00       3.02976e-01       1.27999e+00
  427  4.27e-04      1.78692e+00       3.36108e-01       1.30332e+00
  428  4.28e-04      1.79944e+00       3.59546e-01       1.31947e+00
  429  4.29e-04      1.79797e+00       3.25080e-01       1.30701e+00
  430  4.30e-04      1.80383e+00       3.37522e-01       1.31506e+00
  431  4.31e-04      1.80807e+00       3.68734e-01       1.32829e+00
  432  4.32e-04      1.79652e+00       3.12530e-01       1.30186e+00
  433  4.33e-04      1.81217e+00       3.34698e-01       1.31968e+00
  434  4.34e-04      1.81463e+00       3.38857e-01       1.32271e+00
  435  4.35e-04      1.83467e+00       2.88899e-01       1.31941e+00
  436  4.36e-04      1.83713e+00       3.49613e-01       1.34129e+00
  437  4.37e-04      1.83171e+00       3.44577e-01       1.33600e+00
  438  4.38e-04      1.85759e+00       3.20844e-01       1.34534e+00
  439  4.39e-04      1.86530e+00       3.05375e-01       1.34533e+00
  440  4.40e-04      1.86714e+00       3.71320e-01       1.36854e+00
  441  4.41e-04      1.87571e+00       3.14527e-01       1.35531e+00
  442  4.42e-04      1.88684e+00       3.47307e-01       1.37366e+00
  443  4.43e-04      1.91055e+00       2.95217e-01       1.37211e+00
  444  4.44e-04      1.91598e+00       3.05213e-01       1.37906e+00
  445  4.45e-04      1.92678e+00       2.94802e-01       1.38279e+00
  446  4.46e-04      1.93952e+00       2.99372e-01       1.39280e+00
  447  4.47e-04      1.95438e+00       2.99574e-01       1.40278e+00
  448  4.48e-04      1.95810e+00       2.79075e-01       1.39843e+00
  449  4.49e-04      1.96435e+00       3.09747e-01       1.41282e+00
  450  4.50e-04      1.98091e+00       3.12751e-01       1.42486e+00
  451  4.51e-04      1.97988e+00       3.21823e-01       1.42720e+00
  452  4.52e-04      1.98744e+00       2.96857e-01       1.42391e+00
  453  4.53e-04      2.00083e+00       2.45905e-01       1.41586e+00
  454  4.54e-04      1.97988e+00       2.54011e-01       1.40459e+00
  455  4.55e-04      1.97860e+00       2.61772e-01       1.40632e+00
  456  4.56e-04      1.99875e+00       2.69493e-01       1.42233e+00
  457  4.57e-04      1.99682e+00       3.30584e-01       1.44141e+00
  458  4.58e-04      1.99827e+00       3.31940e-01       1.44283e+00
  459  4.59e-04      2.00446e+00       2.95524e-01       1.43482e+00
  460  4.60e-04      2.01188e+00       3.23040e-01       1.44893e+00
  461  4.61e-04      2.04049e+00       2.84077e-01       1.45502e+00
  462  4.62e-04      2.03430e+00       2.51673e-01       1.44009e+00
  463  4.63e-04      2.05181e+00       2.43699e-01       1.44911e+00
  464  4.64e-04      2.06775e+00       2.66789e-01       1.46743e+00
  465  4.65e-04      2.09049e+00       2.72021e-01       1.48433e+00
  466  4.66e-04      2.10748e+00       2.89544e-01       1.50150e+00
  467  4.67e-04      2.09896e+00       2.92895e-01       1.49694e+00
  468  4.68e-04      2.08443e+00       2.40322e-01       1.46973e+00
  469  4.69e-04      2.08757e+00       2.60395e-01       1.47851e+00
  470  4.70e-04      2.10042e+00       3.14661e-01       1.50517e+00
  471  4.71e-04      2.10899e+00       2.79391e-01       1.49913e+00
  472  4.72e-04      2.11052e+00       2.28953e-01       1.48333e+00
  473  4.73e-04      2.10074e+00       3.13494e-01       1.50499e+00
  474  4.74e-04      2.09883e+00       2.76069e-01       1.49124e+00
  475  4.75e-04      2.11882e+00       2.57368e-01       1.49834e+00
  476  4.76e-04      2.12133e+00       2.97695e-01       1.51345e+00
  477  4.77e-04      2.11414e+00       2.67782e-01       1.49869e+00
  478  4.78e-04      2.11192e+00       3.41183e-01       1.52168e+00
  479  4.79e-04      2.10960e+00       3.08619e-01       1.50927e+00
  480  4.80e-04      2.11505e+00       3.13500e-01       1.51453e+00
  481  4.81e-04      2.11043e+00       2.65334e-01       1.49539e+00
  482  4.82e-04      2.11499e+00       3.02072e-01       1.51069e+00
  483  4.83e-04      2.09865e+00       2.59112e-01       1.48547e+00
  484  4.84e-04      2.07915e+00       3.09436e-01       1.48924e+00
  485  4.85e-04      2.07380e+00       3.04729e-01       1.48411e+00
  486  4.86e-04      2.08301e+00       3.02128e-01       1.48938e+00
  487  4.87e-04      2.09117e+00       3.72502e-01       1.51828e+00
  488  4.88e-04      2.06842e+00       3.31044e-01       1.48929e+00
  489  4.89e-04      2.06854e+00       3.06336e-01       1.48114e+00
  490  4.90e-04      2.06809e+00       3.19802e-01       1.48532e+00
  491  4.91e-04      2.06536e+00       3.24537e-01       1.48509e+00
  492  4.92e-04      2.06786e+00       2.91328e-01       1.47568e+00
  493  4.93e-04      2.08531e+00       3.45400e-01       1.50534e+00
  494  4.94e-04      2.08739e+00       3.20782e-01       1.49852e+00
  495  4.95e-04      2.09460e+00       3.04499e-01       1.49790e+00
  496  4.96e-04      2.11301e+00       2.64757e-01       1.49692e+00
  497  4.97e-04      2.11029e+00       2.69151e-01       1.49657e+00
  498  4.98e-04      2.14667e+00       2.92479e-01       1.52861e+00
  499  4.99e-04      2.16400e+00       3.29954e-01       1.55265e+00
