Delta = 0.000e+00 gamma
 step      t        T_in_plane/mK   T_out_of_plane/mK   T_tot/mK
    0  0.00e+00      5.86683e+00       0.00000e+00       3.91122e+00
    1  2.00e-06      5.73074e+00       1.78849e-03       3.82109e+00
    2  4.00e-06      5.72514e+00       3.83262e-03       3.81804e+00
    3  6.00e-06      5.76867e+00       5.88530e-03       3.84774e+00
    4  8.00e-06      5.80500e+00       8.02365e-03       3.87267e+00
    5  1.00e-05      5.82149e+00       9.44399e-03       3.88414e+00
    6  1.20e-05      5.89414e+00       1.03484e-02       3.93287e+00
    7  1.40e-05      5.89040e+00       1.39932e-02       3.93160e+00
    8  1.60e-05      5.86118e+00       1.85044e-02       3.91362e+00
    9  1.80e-05      5.92260e+00       1.28470e-02       3.95268e+00
   10  2.00e-05      5.94916e+00       2.16001e-02       3.97331e+00
   11  2.20e-05      5.95019e+00       2.21612e-02       3.97418e+00
   12  2.40e-05      5.98015e+00       2.79753e-02       3.99609e+00
   13  2.60e-05      6.02313e+00       2.73010e-02       4.02452e+00
   14  2.80e-05      6.03661e+00       2.91707e-02       4.03413e+00
   15  3.00e-05      6.10941e+00       3.51051e-02       4.08464e+00
   16  3.20e-05      6.14747e+00       3.13549e-02       4.10877e+00
   17  3.40e-05      6.15315e+00       3.64807e-02       4.11426e+00
   18  3.60e-05      6.21627e+00       3.81908e-02       4.15691e+00
   19  3.80e-05      6.20790e+00       4.59780e-02       4.15392e+00
   20  4.00e-05      6.19613e+00       5.05005e-02       4.14758e+00
   21  4.20e-05      6.23740e+00       4.27083e-02       4.17250e+00
   22  4.40e-05      6.24768e+00       4.14058e-02       4.17892e+00
   23  4.60e-05      6.32371e+00       5.65004e-02       4.23464e+00
   24  4.80e-05      6.39829e+00       4.82120e-02       4.28160e+00
   25  5.00e-05      6.38237e+00       4.73245e-02       4.27069e+00
   26  5.20e-05      6.37801e+00       5.14455e-02       4.26915e+00
   27  5.40e-05      6.38751e+00       6.17042e-02       4.27890e+00
   28  5.60e-05      6.42409e+00       4.89480e-02       4.29904e+00
   29  5.80e-05      6.49147e+00       5.95151e-02       4.34749e+00
   30  6.00e-05      6.52291e+00       5.55635e-02       4.36713e+00
   31  6.20e-05      6.50479e+00       6.11621e-02       4.35691e+00
   32  6.40e-05      6.49256e+00       6.57510e-02       4.35029e+00
   33  6.60e-05      6.46579e+00       8.56655e-02       4.33908e+00
   34  6.80e-05      6.55935e+00       7.03860e-02       4.39636e+00
   35  7.00e-05      6.57045e+00       7.90569e-02       4.40665e+00
   36  7.20e-05      6.52426e+00       7.78438e-02       4.37545e+00
   37  7.40e-05      6.58350e+00       9.73477e-02       4.42145e+00
   38  7.60e-05      6.66284e+00       7.42874e-02       4.46666e+00
   39  7.80e-05      6.64537e+00       9.37035e-02       4.46148e+00
   40  8.00e-05      6.63609e+00       9.38188e-02       4.45533e+00
   41  8.20e-05      6.64210e+00       8.54204e-02       4.45654e+00
   42  8.40e-05      6.59874e+00       9.31545e-02       4.43021e+00
   43  8.60e-05      6.59183e+00       9.02680e-02       4.42464e+00
   44  8.80e-05      6.58761e+00       1.07082e-01       4.42744e+00
   45  9.00e-05      6.58053e+00       9.97127e-02       4.42026e+00
   46  9.20e-05      6.62142e+00       1.02931e-01       4.44859e+00
   47  9.40e-05      6.57623e+00       1.19037e-01       4.42383e+00
   48  9.60e-05      6.58281e+00       8.62995e-02       4.41730e+00
   49  9.80e-05      6.50589e+00       1.08322e-01       4.37337e+00
   50  1.00e-04      6.59718e+00       1.02452e-01       4.43227e+00
   51  1.02e-04      6.58975e+00       9.65153e-02       4.42534e+00
   52  1.04e-04      6.62164e+00       1.31394e-01       4.45823e+00
   53  1.06e-04      6.59080e+00       1.08448e-01       4.43002e+00
   54  1.08e-04      6.58789e+00       1.30438e-01       4.43541e+00
   55  1.10e-04      6.56127e+00       9.78195e-02       4.40678e+00
   56  1.12e-04      6.55862e+00       1.46581e-01       4.42127e+00
   57  1.14e-04      6.57724e+00       1.10280e-01       4.42159e+00
   58  1.16e-04      6.60157e+00       1.26992e-01       4.44338e+00
   59  1.18e-04      6.64985e+00       1.14058e-01       4.47125e+00
   60  1.20e-04      6.65616e+00       1.28933e-01       4.48042e+00
   61  1.22e-04      6.65713e+00       9.45786e-02       4.46962e+00
   62  1.24e-04      6.65846e+00       1.36102e-01       4.48434e+00
   63  1.26e-04      6.67000e+00       1.37592e-01       4.49253e+00
   64  1.28e-04      6.71014e+00       1.27867e-01       4.51605e+00
   65  1.30e-04      6.67817e+00       1.51720e-01       4.50269e+00
   66  1.32e-04      6.76599e+00       1.58999e-01       4.56366e+00
   67  1.34e-04      6.74512e+00       1.26023e-01       4.53875e+00
   68  1.36e-04      6.69562e+00       1.29162e-01       4.50680e+00
   69  1.38e-04      6.65422e+00       1.55320e-01       4.48792e+00
   70  1.40e-04      6.69839e+00       1.31241e-01       4.50934e+00
   71  1.42e-04      6.72246e+00       1.24461e-01       4.52313e+00
   72  1.44e-04      6.74129e+00       1.65921e-01       4.54950e+00
   73  1.46e-04      6.76489e+00       1.37188e-01       4.55566e+00
   74  1.48e-04      6.76364e+00       1.29797e-01       4.55236e+00
   75  1.50e-04      6.80408e+00       1.52383e-01       4.58684e+00
   76  1.52e-04      6.77380e+00       1.44898e-01       4.56417e+00
   77  1.54e-04      6.72867e+00       1.69838e-01       4.54239e+00
   78  1.56e-04      6.71819e+00       1.29184e-01       4.52186e+00
   79  1.58e-04      6.65147e+00       1.69582e-01       4.49084e+00
   80  1.60e-04      6.64371e+00       1.32142e-01       4.47319e+00
   81  1.62e-04      6.64423e+00       1.57209e-01       4.48189e+00
   82  1.64e-04      6.63129e+00       1.62518e-01       4.47503e+00
   83  1.66e-04      6.58786e+00       1.69129e-01       4.44828e+00
   84  1.68e-04      6.58072e+00       1.52414e-01       4.43795e+00
   85  1.70e-04      6.59179e+00       2.03351e-01       4.46231e+00
   86  1.72e-04      6.59087e+00       1.86869e-01       4.45620e+00
   87  1.74e-04      6.64101e+00       1.59119e-01       4.48038e+00
   88  1.76e-04      6.60545e+00       1.72353e-01       4.46109e+00
   89  1.78e-04      6.58900e+00       1.93022e-01       4.45701e+00
   90  1.80e-04      6.54138e+00       1.80279e-01       4.42101e+00
   91  1.82e-04      6.58769e+00       1.70261e-01       4.44854e+00
   92  1.84e-04      6.58220e+00       1.99809e-01       4.45473e+00
   93  1.86e-04      6.57459e+00       1.57431e-01       4.43554e+00
   94  1.88e-04      6.57417e+00       2.12926e-01       4.45375e+00
   95  1.90e-04      6.58907e+00       1.75393e-01       4.45118e+00
   96  1.92e-04      6.52146e+00       2.15851e-01       4.41959e+00
   97  1.94e-04      6.53276e+00       1.88432e-01       4.41798e+00
   98  1.96e-04      6.54875e+00       2.51527e-01       4.44967e+00
   99  1.98e-04      6.55994e+00       2.00071e-01       4.43998e+00
  100  2.00e-04      6.58144e+00       2.17316e-01       4.46007e+00
  101  2.02e-04      6.64496e+00       2.03461e-01       4.49779e+00
  102  2.04e-04      6.59567e+00       2.28536e-01       4.47329e+00
  103  2.06e-04      6.63495e+00       1.87146e-01       4.48568e+00
  104  2.08e-04      6.60746e+00       2.48735e-01       4.48789e+00
  105  2.10e-04      6.60890e+00       2.17874e-01       4.47856e+00
  106  2.12e-04      6.56933e+00       2.54374e-01       4.46435e+00
  107  2.14e-04      6.60730e+00       2.11938e-01       4.47551e+00
  108  2.16e-04      6.64084e+00       2.65605e-01       4.51576e+00
  109  2.18e-04      6.60542e+00       2.30833e-01       4.48055e+00
  110  2.20e-04      6.61717e+00       2.32415e-01       4.48892e+00
  111  2.22e-04      6.61932e+00       2.62418e-01       4.50035e+00
  112  2.24e-04      6.65379e+00       2.12519e-01       4.50670e+00
  113  2.26e-04      6.63243e+00       2.42296e-01       4.50238e+00
  114  2.28e-04      6.66838e+00       2.41780e-01       4.52618e+00
  115  2.30e-04      6.62829e+00       2.48694e-01       4.50176e+00
  116  2.32e-04      6.59476e+00       2.41079e-01       4.47687e+00
  117  2.34e-04      6.58789e+00       2.69712e-01       4.48183e+00
  118  2.36e-04      6.58586e+00       2.89777e-01       4.48717e+00
  119  2.38e-04      6.60337e+00       2.30196e-01       4.47898e+00
  120  2.40e-04      6.66551e+00       2.49594e-01       4.52687e+00
  121  2.42e-04      6.65528e+00       2.51312e-01       4.52062e+00
  122  2.44e-04      6.73157e+00       2.39567e-01       4.56757e+00
  123  2.46e-04      6.73516e+00       2.28554e-01       4.56629e+00
  124  2.48e-04      6.74177e+00       2.03402e-01       4.56232e+00
  125  2.50e-04      6.86110e+00       2.80893e-01       4.66770e+00
  126  2.52e-04      6.87072e+00       2.31995e-01       4.65781e+00
  127  2.54e-04      6.90764e+00       2.97851e-01       4.70437e+00
  128  2.56e-04      6.91686e+00       2.60103e-01       4.69794e+00
  129  2.58e-04      6.87666e+00       3.07375e-01       4.68690e+00
  130  2.60e-04      6.80665e+00       3.24394e-01       4.64589e+00
  131  2.62e-04      6.89221e+00       2.90045e-01       4.69149e+00
  132  2.64e-04      6.95745e+00       2.46353e-01       4.72042e+00
  133  2.66e-04      6.94559e+00       2.97643e-01       4.72961e+00
  134  2.68e-04      6.94241e+00       3.03519e-01       4.72945e+00
  135  2.70e-04      6.90756e+00       2.10080e-01       4.67506e+00
  136  2.72e-04      6.90116e+00       3.01602e-01       4.70131e+00
  137  2.74e-04      6.95009e+00       2.81151e-01       4.72711e+00
  138  2.76e-04      6.95137e+00       3.30641e-01       4.74446e+00
  139  2.78e-04      7.00319e+00       2.80009e-01       4.76213e+00
  140  2.80e-04      7.04200e+00       3.71271e-01       4.81842e+00
  141  2.82e-04      7.04724e+00       3.18317e-01       4.80426e+00
  142  2.84e-04      7.06747e+00       3.17399e-01       4.81745e+00
  143  2.86e-04      7.07799e+00       2.93215e-01       4.81640e+00
  144  2.88e-04      7.06538e+00       2.70285e-01       4.80035e+00
  145  2.90e-04      7.17254e+00       3.32907e-01       4.89266e+00
  146  2.92e-04      7.17883e+00       3.25240e-01       4.89430e+00
  147  2.94e-04      7.17104e+00       3.03213e-01       4.88176e+00
  148  2.96e-04      7.19745e+00       3.56415e-01       4.91711e+00
  149  2.98e-04      7.21826e+00       3.24816e-01       4.92044e+00
  150  3.00e-04      7.27964e+00       3.77050e-01       4.97877e+00
  151  3.02e-04      7.24188e+00       2.92924e-01       4.92556e+00
  152  3.04e-04      7.26308e+00       3.60291e-01       4.96215e+00
  153  3.06e-04      7.29944e+00       3.21990e-01       4.97362e+00
  154  3.08e-04      7.31793e+00       3.38011e-01       4.99129e+00
  155  3.10e-04      7.29835e+00       3.40478e-01       4.97906e+00
  156  3.12e-04      7.34390e+00       3.26489e-01       5.00477e+00
  157  3.14e-04      7.39089e+00       4.09917e-01       5.06390e+00
  158  3.16e-04      7.46323e+00       2.96239e-01       5.07423e+00
  159  3.18e-04      7.51671e+00       3.72671e-01       5.13537e+00
  160  3.20e-04      7.49148e+00       3.31309e-01       5.10476e+00
  161  3.22e-04      7.52070e+00       3.71510e-01       5.13763e+00
  162  3.24e-04      7.52983e+00       3.33402e-01       5.13102e+00
  163  3.26e-04      7.44506e+00       3.90473e-01       5.09353e+00
  164  3.28e-04      7.50645e+00       3.35358e-01       5.11609e+00
  165  3.30e-04      7.46765e+00       3.91488e-01       5.10893e+00
  166  3.32e-04      7.45105e+00       4.03200e-01       5.10176e+00
  167  3.34e-04      7.47994e+00       3.58000e-01       5.10596e+00
  168  3.36e-04      7.42820e+00       3.57859e-01       5.07142e+00
  169  3.38e-04      7.39048e+00       4.06082e-01       5.06234e+00
  170  3.40e-04      7.42358e+00       3.56821e-01       5.06799e+00
  171  3.42e-04      7.43700e+00       3.65906e-01       5.07997e+00
  172  3.44e-04      7.48190e+00       3.55925e-01       5.10658e+00
  173  3.46e-04      7.48570e+00       4.08410e-01       5.12660e+00
  174  3.48e-04      7.45237e+00       3.53621e-01       5.08612e+00
  175  3.50e-04      7.54330e+00       4.10309e-01       5.16564e+00
  176  3.52e-04      7.56069e+00       4.11873e-01       5.17775e+00
  177  3.54e-04      7.59652e+00       4.38970e-01       5.21067e+00
  178  3.56e-04      7.51992e+00       4.24770e-01       5.15487e+00
  179  3.58e-04      7.52372e+00       4.04108e-01       5.15052e+00
  180  3.60e-04      7.55701e+00       4.00220e-01       5.17142e+00
  181  3.62e-04      7.52297e+00       4.11872e-01       5.15260e+00
  182  3.64e-04      7.51439e+00       4.39135e-01       5.15597e+00
  183  3.66e-04      7.55856e+00       3.89479e-01       5.16887e+00
  184  3.68e-04      7.51813e+00       3.85397e-01       5.14055e+00
  185  3.70e-04      7.55288e+00       4.16207e-01       5.17399e+00
  186  3.72e-04      7.56663e+00       4.32890e-01       5.18871e+00
  187  3.74e-04      7.53444e+00       4.12294e-01       5.16039e+00
  188  3.76e-04      7.59293e+00       4.60484e-01       5.21545e+00
  189  3.78e-04      7.65286e+00       4.43291e-01       5.24967e+00
  190  3.80e-04      7.66311e+00       4.72887e-01       5.26637e+00
  191  3.82e-04      7.71068e+00       4.11263e-01       5.27754e+00
  192  3.84e-04      7.71630e+00       4.85392e-01       5.30600e+00
  193  3.86e-04      7.71811e+00       4.28407e-01       5.28821e+00
  194  3.88e-04      7.69510e+00       4.73533e-01       5.28791e+00
  195  3.90e-04      7.70725e+00       4.46042e-01       5.28684e+00
  196  3.92e-04      7.68145e+00       4.21979e-01       5.26162e+00
  197  3.94e-04      7.69756e+00       5.20668e-01       5.30526e+00
  198  3.96e-04      7.71434e+00       3.94906e-01       5.27453e+00
  199  3.98e-04      7.67697e+00       4.49155e-01       5.26770e+00
  200  4.00e-04      7.63395e+00       4.34287e-01       5.23406e+00
  201  4.02e-04      7.65723e+00       4.83511e-01       5.26599e+00
  202  4.04e-04      7.69564e+00       4.31291e-01       5.27419e+00
  203  4.06e-04      7.71418e+00       4.42031e-01       5.29013e+00
  204  4.08e-04      7.74956e+00       5.08785e-01       5.33597e+00
  205  4.10e-04      7.76968e+00       5.37608e-01       5.35899e+00
  206  4.12e-04      7.82832e+00       4.56219e-01       5.37095e+00
  207  4.14e-04      7.81284e+00       5.55963e-01       5.39388e+00
  208  4.16e-04      7.86044e+00       4.21425e-01       5.38077e+00
  209  4.18e-04      7.82292e+00       5.11772e-01       5.38587e+00
  210  4.20e-04      7.86480e+00       4.21360e-01       5.38366e+00
  211  4.22e-04      7.85021e+00       4.81939e-01       5.39412e+00
  212  4.24e-04      7.84819e+00       4.47393e-01       5.38126e+00
  213  4.26e-04      7.93452e+00       4.96059e-01       5.45503e+00
  214  4.28e-04      7.94391e+00       4.72213e-01       5.45334e+00
  215  4.30e-04      7.98638e+00       5.17526e-01       5.49676e+00
  216  4.32e-04      7.99864e+00       4.82490e-01       5.49326e+00
  217  4.34e-04      7.95670e+00       4.91567e-01       5.46833e+00
  218  4.36e-04      7.96689e+00       4.66371e-01       5.46672e+00
  219  4.38e-04      7.97359e+00       4.96607e-01       5.48126e+00
  220  4.40e-04      7.99792e+00       4.24433e-01       5.47343e+00
  221  4.42e-04      7.95275e+00       4.75945e-01       5.46048e+00
  222  4.44e-04      7.96421e+00       5.43072e-01       5.49050e+00
  223  4.46e-04      7.94765e+00       4.04520e-01       5.43327e+00
  224  4.48e-04      7.88000e+00       5.41475e-01       5.43383e+00
  225  4.50e-04      7.89688e+00       5.03954e-01       5.43257e+00
  226  4.52e-04      7.86642e+00       5.57633e-01       5.43016e+00
  227  4.54e-04      7.85385e+00       5.11211e-01       5.40630e+00
  228  4.56e-04      7.84941e+00       5.10250e-01       5.40302e+00
  229  4.58e-04      7.81108e+00       4.78753e-01       5.36697e+00
  230  4.60e-04      7.85650e+00       5.14507e-01       5.40917e+00
  231  4.62e-04      7.89427e+00       4.78518e-01       5.42236e+00
  232  4.64e-04      7.88692e+00       4.87921e-01       5.42059e+00
  233  4.66e-04      7.90425e+00       4.07631e-01       5.40538e+00
  234  4.68e-04      7.83132e+00       6.42108e-01       5.43492e+00
  235  4.70e-04      7.82740e+00       4.86659e-01       5.38048e+00
  236  4.72e-04      7.80748e+00       6.25677e-01       5.41355e+00
  237  4.74e-04      7.81090e+00       5.76210e-01       5.39934e+00
  238  4.76e-04      7.85328e+00       6.43580e-01       5.45005e+00
  239  4.78e-04      7.90109e+00       5.38078e-01       5.44675e+00
  240  4.80e-04      7.90435e+00       5.17782e-01       5.44216e+00
  241  4.82e-04      7.86300e+00       6.30408e-01       5.45214e+00
  242  4.84e-04      7.85202e+00       5.66906e-01       5.42365e+00
  243  4.86e-04      7.88793e+00       5.82230e-01       5.45269e+00
  244  4.88e-04      7.94663e+00       5.97576e-01       5.49695e+00
  245  4.90e-04      7.89836e+00       5.69719e-01       5.45548e+00
  246  4.92e-04      7.89946e+00       6.55221e-01       5.48471e+00
  247  4.94e-04      7.93674e+00       5.10614e-01       5.46137e+00
  248  4.96e-04      7.92436e+00       6.37488e-01       5.49540e+00
  249  4.98e-04      7.89803e+00       5.69899e-01       5.45532e+00
  250  5.00e-04      7.90842e+00       5.05833e-01       5.44089e+00
  251  5.02e-04      7.91359e+00       6.53814e-01       5.49366e+00
  252  5.04e-04      7.95397e+00       4.80830e-01       5.46293e+00
  253  5.06e-04      7.94032e+00       7.06116e-01       5.52892e+00
  254  5.08e-04      7.97372e+00       4.97239e-01       5.48156e+00
  255  5.10e-04      7.91895e+00       6.32549e-01       5.49015e+00
  256  5.12e-04      7.94793e+00       6.18821e-01       5.50489e+00
  257  5.14e-04      7.93314e+00       4.96649e-01       5.45431e+00
  258  5.16e-04      8.00035e+00       6.51917e-01       5.55087e+00
  259  5.18e-04      8.01249e+00       5.03954e-01       5.50964e+00
  260  5.20e-04      8.06786e+00       6.62107e-01       5.59928e+00
  261  5.22e-04      8.08620e+00       5.33934e-01       5.56878e+00
  262  5.24e-04      8.13949e+00       5.78571e-01       5.61919e+00
  263  5.26e-04      8.11448e+00       6.12903e-01       5.61396e+00
  264  5.28e-04      8.13302e+00       5.34232e-01       5.60009e+00
  265  5.30e-04      8.17928e+00       6.05520e-01       5.65469e+00
  266  5.32e-04      8.25180e+00       5.72671e-01       5.69209e+00
  267  5.34e-04      8.25354e+00       5.32807e-01       5.67996e+00
  268  5.36e-04      8.24405e+00       6.39475e-01       5.70919e+00
  269  5.38e-04      8.20844e+00       5.29767e-01       5.64888e+00
  270  5.40e-04      8.29771e+00       6.76294e-01       5.75724e+00
  271  5.42e-04      8.29698e+00       4.47080e-01       5.68035e+00
  272  5.44e-04      8.33059e+00       6.13514e-01       5.75823e+00
  273  5.46e-04      8.35637e+00       4.24317e-01       5.71235e+00
  274  5.48e-04      8.31386e+00       6.15626e-01       5.74778e+00
  275  5.50e-04      8.32020e+00       5.96807e-01       5.74574e+00
  276  5.52e-04      8.41906e+00       5.63873e-01       5.80066e+00
  277  5.54e-04      8.41108e+00       5.33747e-01       5.78530e+00
  278  5.56e-04      8.43890e+00       6.88542e-01       5.85545e+00
  279  5.58e-04      8.43690e+00       5.69008e-01       5.81427e+00
  280  5.60e-04      8.43796e+00       6.30650e-01       5.83553e+00
  281  5.62e-04      8.45907e+00       5.24392e-01       5.81418e+00
  282  5.64e-04      8.51227e+00       5.46545e-01       5.85703e+00
  283  5.66e-04      8.53838e+00       5.97571e-01       5.89144e+00
  284  5.68e-04      8.48247e+00       4.66672e-01       5.81054e+00
  285  5.70e-04      8.50696e+00       7.19859e-01       5.91126e+00
  286  5.72e-04      8.47823e+00       5.11502e-01       5.82265e+00
  287  5.74e-04      8.50336e+00       7.12325e-01       5.90635e+00
  288  5.76e-04      8.56718e+00       5.65070e-01       5.89981e+00
  289  5.78e-04      8.54319e+00       7.07680e-01       5.93136e+00
  290  5.80e-04      8.55533e+00       6.74840e-01       5.92850e+00
  291  5.82e-04      8.62045e+00       5.35835e-01       5.92558e+00
  292  5.84e-04      8.70917e+00       6.09141e-01       6.00916e+00
  293  5.86e-04      8.84739e+00       5.78221e-01       6.09100e+00
  294  5.88e-04      8.82352e+00       5.04061e-01       6.05037e+00
  295  5.90e-04      8.83808e+00       6.48310e-01       6.10816e+00
  296  5.92e-04      8.85949e+00       5.06762e-01       6.07525e+00
  297  5.94e-04      8.92326e+00       7.42357e-01       6.19629e+00
  298  5.96e-04      8.95114e+00       5.35406e-01       6.14590e+00
  299  5.98e-04      8.98511e+00       7.77130e-01       6.24911e+00
  300  6.00e-04      8.97465e+00       6.74656e-01       6.20799e+00
  301  6.02e-04      8.97741e+00       7.37043e-01       6.23062e+00
  302  6.04e-04      8.90652e+00       7.44575e-01       6.18587e+00
  303  6.06e-04      8.88551e+00       5.46469e-01       6.10583e+00
  304  6.08e-04      8.90087e+00       6.94617e-01       6.16545e+00
  305  6.10e-04      8.89153e+00       6.37607e-01       6.14022e+00
  306  6.12e-04      8.95708e+00       6.41100e-01       6.18509e+00
  307  6.14e-04      8.94804e+00       7.14922e-01       6.20367e+00
  308  6.16e-04      8.94569e+00       7.08148e-01       6.19984e+00
  309  6.18e-04      8.94907e+00       7.76970e-01       6.22503e+00
  310  6.20e-04      8.90602e+00       7.63502e-01       6.19185e+00
  311  6.22e-04      8.91324e+00       7.47678e-01       6.19139e+00
  312  6.24e-04      8.97807e+00       7.15900e-01       6.22401e+00
  313  6.26e-04      8.91596e+00       6.73605e-01       6.16851e+00
  314  6.28e-04      8.87303e+00       6.55508e-01       6.13386e+00
  315  6.30e-04      8.86609e+00       6.59475e-01       6.13055e+00
  316  6.32e-04      8.82362e+00       6.14825e-01       6.08735e+00
  317  6.34e-04      8.91863e+00       7.95682e-01       6.21098e+00
  318  6.36e-04      8.91952e+00       5.94689e-01       6.14458e+00
  319  6.38e-04      8.95575e+00       8.93836e-01       6.26845e+00
  320  6.40e-04      8.90293e+00       6.67759e-01       6.15787e+00
  321  6.42e-04      8.94483e+00       7.35796e-01       6.20848e+00
  322  6.44e-04      8.94638e+00       7.92445e-01       6.22840e+00
  323  6.46e-04      9.02350e+00       6.66954e-01       6.23799e+00
  324  6.48e-04      8.97261e+00       7.48590e-01       6.23127e+00
  325  6.50e-04      8.93828e+00       5.37609e-01       6.13806e+00
  326  6.52e-04      8.91601e+00       8.00660e-01       6.21089e+00
  327  6.54e-04      8.84199e+00       7.24790e-01       6.13625e+00
  328  6.56e-04      8.85792e+00       7.11032e-01       6.14229e+00
  329  6.58e-04      8.81407e+00       8.20535e-01       6.14956e+00
  330  6.60e-04      8.85834e+00       6.49053e-01       6.12191e+00
  331  6.62e-04      8.89555e+00       9.18606e-01       6.23657e+00
  332  6.64e-04      8.87100e+00       6.61453e-01       6.13449e+00
  333  6.66e-04      8.87301e+00       8.52793e-01       6.19960e+00
  334  6.68e-04      8.93313e+00       6.92987e-01       6.18642e+00
  335  6.70e-04      8.93642e+00       7.38742e-01       6.20386e+00
  336  6.72e-04      8.92606e+00       7.19702e-01       6.19061e+00
  337  6.74e-04      8.88197e+00       7.18675e-01       6.16087e+00
  338  6.76e-04      8.96084e+00       8.35681e-01       6.25245e+00
  339  6.78e-04      8.90440e+00       6.88167e-01       6.16566e+00
  340  6.80e-04      8.96801e+00       7.58146e-01       6.23139e+00
  341  6.82e-04      9.01731e+00       7.23237e-01       6.25262e+00
  342  6.84e-04      9.02769e+00       9.45630e-01       6.33367e+00
  343  6.86e-04      9.01381e+00       6.25595e-01       6.21774e+00
  344  6.88e-04      9.04083e+00       7.95963e-01       6.29254e+00
  345  6.90e-04      9.01839e+00       6.71604e-01       6.23613e+00
  346  6.92e-04      9.11118e+00       7.11691e-01       6.31135e+00
  347  6.94e-04      9.07717e+00       6.68306e-01       6.27422e+00
  348  6.96e-04      9.06646e+00       7.10406e-01       6.28111e+00
  349  6.98e-04      9.10963e+00       7.28360e-01       6.31587e+00
  350  7.00e-04      9.12188e+00       7.76651e-01       6.34014e+00
  351  7.02e-04      9.12368e+00       8.43104e-01       6.36349e+00
  352  7.04e-04      9.17164e+00       8.20152e-01       6.38781e+00
  353  7.06e-04      9.21038e+00       7.40317e-01       6.38703e+00
  354  7.08e-04      9.22560e+00       9.62771e-01       6.47132e+00
  355  7.10e-04      9.25280e+00       5.84720e-01       6.36344e+00
  356  7.12e-04      9.25483e+00       8.69302e-01       6.45965e+00
  357  7.14e-04      9.34307e+00       4.76358e-01       6.38750e+00
  358  7.16e-04      9.34356e+00       9.46464e-01       6.54453e+00
  359  7.18e-04      9.26265e+00       6.49641e-01       6.39165e+00
  360  7.20e-04      9.26253e+00       9.30639e-01       6.48523e+00
  361  7.22e-04      9.28033e+00       8.54208e-01       6.47162e+00
  362  7.24e-04      9.32177e+00       8.19895e-01       6.48781e+00
  363  7.26e-04      9.39914e+00       9.49032e-01       6.58243e+00
  364  7.28e-04      9.36161e+00       7.92310e-01       6.50517e+00
  365  7.30e-04      9.39774e+00       8.94920e-01       6.56347e+00
  366  7.32e-04      9.31379e+00       7.21347e-01       6.44964e+00
  367  7.34e-04      9.34535e+00       8.58099e-01       6.51627e+00
  368  7.36e-04      9.21219e+00       8.09511e-01       6.41130e+00
  369  7.38e-04      9.25706e+00       8.32632e-01       6.44891e+00
  370  7.40e-04      9.30441e+00       8.17941e-01       6.47559e+00
  371  7.42e-04      9.24006e+00       1.01588e+00       6.49867e+00
  372  7.44e-04      9.26973e+00       9.02895e-01       6.48078e+00
  373  7.46e-04      9.30192e+00       9.26196e-01       6.51001e+00
  374  7.48e-04      9.26152e+00       9.44660e-01       6.48923e+00
  375  7.50e-04      9.31208e+00       8.48153e-01       6.49077e+00
  376  7.52e-04      9.37054e+00       7.36758e-01       6.49262e+00
  377  7.54e-04      9.36613e+00       7.89655e-01       6.50730e+00
  378  7.56e-04      9.35997e+00       7.95107e-01       6.50502e+00
  379  7.58e-04      9.36905e+00       7.36032e-01       6.49138e+00
  380  7.60e-04      9.33376e+00       8.08158e-01       6.49189e+00
  381  7.62e-04      9.38065e+00       1.04656e+00       6.60262e+00
  382  7.64e-04      9.46300e+00       8.07339e-01       6.57778e+00
  383  7.66e-04      9.46005e+00       1.00936e+00       6.64315e+00
  384  7.68e-04      9.47446e+00       8.37377e-01       6.59543e+00
  385  7.70e-04      9.50109e+00       8.93674e-01       6.63195e+00
  386  7.72e-04      9.50904e+00       8.14397e-01       6.61082e+00
  387  7.74e-04      9.53792e+00       7.61042e-01       6.61229e+00
  388  7.76e-04      9.46373e+00       7.08081e-01       6.54518e+00
  389  7.78e-04      9.50405e+00       7.47046e-01       6.58505e+00
  390  7.80e-04      9.51161e+00       9.22989e-01       6.64874e+00
  391  7.82e-04      9.49450e+00       8.91057e-01       6.62668e+00
  392  7.84e-04      9.48225e+00       1.03516e+00       6.66656e+00
  393  7.86e-04      9.46083e+00       9.27522e-01       6.61640e+00
  394  7.88e-04      9.56209e+00       8.11058e-01       6.64508e+00
  395  7.90e-04      9.52555e+00       8.57247e-01       6.63612e+00
  396  7.92e-04      9.52986e+00       7.36668e-01       6.59880e+00
  397  7.94e-04      9.53568e+00       8.58434e-01       6.64326e+00
  398  7.96e-04      9.48412e+00       7.43901e-01       6.57072e+00
  399  7.98e-04      9.42986e+00       8.70524e-01       6.57675e+00
  400  8.00e-04      9.45682e+00       6.85122e-01       6.53292e+00
  401  8.02e-04      9.48037e+00       1.04652e+00       6.66909e+00
  402  8.04e-04      9.48190e+00       8.90246e-01       6.61802e+00
  403  8.06e-04      9.54505e+00       9.92670e-01       6.69426e+00
  404  8.08e-04      9.55279e+00       9.68806e-01       6.69146e+00
  405  8.10e-04      9.60321e+00       8.76491e-01       6.69431e+00
  406  8.12e-04      9.59728e+00       7.89707e-01       6.66142e+00
  407  8.14e-04      9.53314e+00       9.59736e-01       6.67534e+00
  408  8.16e-04      9.53815e+00       8.32889e-01       6.63639e+00
  409  8.18e-04      9.55419e+00       9.01938e-01       6.67011e+00
  410  8.20e-04      9.53355e+00       8.06615e-01       6.62457e+00
  411  8.22e-04      9.57522e+00       1.00943e+00       6.71996e+00
  412  8.24e-04      9.56723e+00       7.90296e-01       6.64158e+00
  413  8.26e-04      9.53385e+00       1.13263e+00       6.73345e+00
  414  8.28e-04      9.54640e+00       8.44719e-01       6.64584e+00
  415  8.30e-04      9.57076e+00       1.11928e+00       6.75360e+00
  416  8.32e-04      9.55459e+00       8.93728e-01       6.66764e+00
  417  8.34e-04      9.55482e+00       9.53736e-01       6.68779e+00
  418  8.36e-04      9.53352e+00       8.26944e-01       6.63133e+00
  419  8.38e-04      9.49724e+00       9.40305e-01       6.64493e+00
  420  8.40e-04      9.60574e+00       8.77668e-01       6.69638e+00
  421  8.42e-04      9.58591e+00       8.67687e-01       6.67984e+00
  422  8.44e-04      9.61500e+00       9.45628e-01       6.72521e+00
  423  8.46e-04      9.57680e+00       9.09113e-01       6.68757e+00
  424  8.48e-04      9.60322e+00       8.87199e-01       6.69788e+00
  425  8.50e-04      9.61582e+00       1.07470e+00       6.76878e+00
  426  8.52e-04      9.65212e+00       9.02179e-01       6.73547e+00
  427  8.54e-04      9.66170e+00       9.56519e-01       6.75997e+00
  428  8.56e-04      9.74723e+00       9.68592e-01       6.82102e+00
  429  8.58e-04      9.83392e+00       8.70746e-01       6.84619e+00
  430  8.60e-04      9.84839e+00       9.69574e-01       6.88879e+00
  431  8.62e-04      9.81473e+00       1.01033e+00       6.87993e+00
  432  8.64e-04      9.80208e+00       9.82359e-01       6.86217e+00
  433  8.66e-04      9.81045e+00       9.60825e-01       6.86057e+00
  434  8.68e-04      9.78990e+00       1.04165e+00       6.87382e+00
  435  8.70e-04      9.86842e+00       1.04048e+00       6.92577e+00
  436  8.72e-04      9.94183e+00       1.05572e+00       6.97979e+00
  437  8.74e-04      9.89849e+00       8.41381e-01       6.87945e+00
  438  8.76e-04      9.83023e+00       1.03871e+00       6.89972e+00
  439  8.78e-04      9.81566e+00       9.08944e-01       6.84676e+00
  440  8.80e-04      9.81762e+00       1.11785e+00       6.91769e+00
  441  8.82e-04      9.79894e+00       7.89529e-01       6.79580e+00
  442  8.84e-04      9.85189e+00       9.30933e-01       6.87824e+00
  443  8.86e-04      9.89171e+00       9.78079e-01       6.92050e+00
  444  8.88e-04      9.87979e+00       1.00293e+00       6.92084e+00
  445  8.90e-04      9.87186e+00       1.15844e+00       6.96739e+00
  446  8.92e-04      9.92582e+00       9.65467e-01       6.93903e+00
  447  8.94e-04      9.98668e+00       1.04467e+00       7.00601e+00
  448  8.96e-04      9.95388e+00       1.02116e+00       6.97631e+00
  449  8.98e-04      9.98353e+00       1.03952e+00       7.00219e+00
  450  9.00e-04      9.99300e+00       9.96982e-01       6.99433e+00
  451  9.02e-04      9.87398e+00       8.99072e-01       6.88234e+00
  452  9.04e-04      9.82600e+00       1.10597e+00       6.91932e+00
  453  9.06e-04      9.83853e+00       8.34552e-01       6.83720e+00
  454  9.08e-04      9.89527e+00       1.26917e+00       7.01990e+00
  455  9.10e-04      9.94705e+00       1.00623e+00       6.96678e+00
  456  9.12e-04      9.94189e+00       1.06974e+00       6.98451e+00
  457  9.14e-04      1.00554e+01       1.14773e+00       7.08617e+00
  458  9.16e-04      9.95328e+00       1.02045e+00       6.97567e+00
  459  9.18e-04      9.96742e+00       8.45582e-01       6.92680e+00
  460  9.20e-04      9.94991e+00       1.03455e+00       6.97813e+00
  461  9.22e-04      9.91422e+00       8.67074e-01       6.89850e+00
  462  9.24e-04      9.96948e+00       1.11867e+00       7.01921e+00
  463  9.26e-04      9.98603e+00       8.91636e-01       6.95456e+00
  464  9.28e-04      1.00238e+01       1.27715e+00       7.10826e+00
  465  9.30e-04      1.00023e+01       9.71852e-01       6.99213e+00
  466  9.32e-04      9.99207e+00       1.19946e+00       7.06120e+00
  467  9.34e-04      1.00733e+01       1.13261e+00       7.09309e+00
  468  9.36e-04      1.00801e+01       1.06593e+00       7.07537e+00
  469  9.38e-04      1.00794e+01       1.00187e+00       7.05357e+00
  470  9.40e-04      1.00763e+01       9.89387e-01       7.04731e+00
  471  9.42e-04      1.01240e+01       8.31402e-01       7.02650e+00
  472  9.44e-04      1.01397e+01       1.03775e+00       7.10573e+00
  473  9.46e-04      1.01366e+01       9.13293e-01       7.06219e+00
  474  9.48e-04      1.00901e+01       1.28900e+00       7.15643e+00
  475  9.50e-04      1.00899e+01       1.05150e+00       7.07712e+00
  476  9.52e-04      1.00988e+01       1.15225e+00       7.11659e+00
  477  9.54e-04      1.00505e+01       1.16460e+00       7.08856e+00
  478  9.56e-04      1.00919e+01       1.02479e+00       7.06952e+00
  479  9.58e-04      1.01295e+01       1.10740e+00       7.12214e+00
  480  9.60e-04      1.01935e+01       9.68770e-01       7.11858e+00
  481  9.62e-04      1.02858e+01       1.18236e+00       7.25131e+00
  482  9.64e-04      1.02979e+01       9.67226e-01       7.18767e+00
  483  9.66e-04      1.02377e+01       1.21079e+00       7.22876e+00
  484  9.68e-04      1.02407e+01       1.22362e+00       7.23498e+00
  485  9.70e-04      1.02374e+01       9.41238e-01       7.13868e+00
  486  9.72e-04      1.02082e+01       1.12722e+00       7.18118e+00
  487  9.74e-04      1.02459e+01       1.15004e+00       7.21395e+00
  488  9.76e-04      1.02135e+01       1.10188e+00       7.17632e+00
  489  9.78e-04      1.03312e+01       1.19297e+00       7.28515e+00
  490  9.80e-04      1.03079e+01       9.50563e-01       7.18877e+00
  491  9.82e-04      1.02982e+01       1.25005e+00       7.28213e+00
  492  9.84e-04      1.03454e+01       9.42190e-01       7.21099e+00
  493  9.86e-04      1.03397e+01       1.23746e+00       7.30561e+00
  494  9.88e-04      1.03250e+01       1.25522e+00       7.30177e+00
  495  9.90e-04      1.04038e+01       1.07265e+00       7.29341e+00
  496  9.92e-04      1.03110e+01       1.28170e+00       7.30124e+00
  497  9.94e-04      1.04202e+01       1.16843e+00       7.33626e+00
  498  9.96e-04      1.04997e+01       1.13909e+00       7.37952e+00
  499  9.98e-04      1.04121e+01       1.27003e+00       7.36473e+00
  500  1.00e-03      1.05116e+01       1.14645e+00       7.38985e+00
  501  1.00e-03      1.05250e+01       1.29742e+00       7.44916e+00
  502  1.00e-03      1.04557e+01       8.88555e-01       7.26665e+00
  503  1.01e-03      1.04601e+01       1.25225e+00       7.39084e+00
  504  1.01e-03      1.04450e+01       1.06114e+00       7.31708e+00
  505  1.01e-03      1.04329e+01       1.20670e+00       7.35753e+00
  506  1.01e-03      1.04499e+01       1.30596e+00       7.40193e+00
  507  1.01e-03      1.04165e+01       1.16284e+00       7.33195e+00
  508  1.02e-03      1.03657e+01       1.23847e+00       7.32331e+00
  509  1.02e-03      1.04636e+01       1.12344e+00       7.35024e+00
  510  1.02e-03      1.04562e+01       1.40848e+00       7.44027e+00
  511  1.02e-03      1.04929e+01       1.14672e+00       7.37752e+00
  512  1.02e-03      1.05088e+01       1.06821e+00       7.36193e+00
  513  1.03e-03      1.06007e+01       1.32508e+00       7.50881e+00
  514  1.03e-03      1.06453e+01       9.30518e-01       7.40704e+00
  515  1.03e-03      1.06762e+01       1.40773e+00       7.58668e+00
  516  1.03e-03      1.06414e+01       1.28422e+00       7.52231e+00
  517  1.03e-03      1.07274e+01       1.34175e+00       7.59884e+00
  518  1.04e-03      1.07459e+01       1.13558e+00       7.54246e+00
  519  1.04e-03      1.07926e+01       1.29509e+00       7.62679e+00
  520  1.04e-03      1.08420e+01       1.10935e+00       7.59777e+00
  521  1.04e-03      1.07684e+01       1.28780e+00       7.60821e+00
  522  1.04e-03      1.07680e+01       9.69777e-01       7.50189e+00
  523  1.05e-03      1.08056e+01       1.22788e+00       7.61299e+00
  524  1.05e-03      1.08511e+01       1.02461e+00       7.57563e+00
  525  1.05e-03      1.07911e+01       1.22642e+00       7.60288e+00
  526  1.05e-03      1.08090e+01       1.29164e+00       7.63654e+00
  527  1.05e-03      1.07891e+01       1.26145e+00       7.61324e+00
  528  1.06e-03      1.07485e+01       1.40747e+00       7.63483e+00
  529  1.06e-03      1.08275e+01       1.43724e+00       7.69745e+00
  530  1.06e-03      1.09044e+01       1.34984e+00       7.71953e+00
  531  1.06e-03      1.09891e+01       1.26091e+00       7.74640e+00
  532  1.06e-03      1.09672e+01       1.12745e+00       7.68726e+00
  533  1.07e-03      1.09821e+01       1.34193e+00       7.76872e+00
  534  1.07e-03      1.10371e+01       1.01177e+00       7.69532e+00
  535  1.07e-03      1.10891e+01       1.30864e+00       7.82896e+00
  536  1.07e-03      1.10466e+01       1.31293e+00       7.80205e+00
  537  1.07e-03      1.09228e+01       1.32528e+00       7.72364e+00
  538  1.08e-03      1.09663e+01       1.60321e+00       7.84526e+00
  539  1.08e-03      1.09832e+01       1.45506e+00       7.80717e+00
  540  1.08e-03      1.09539e+01       1.20773e+00       7.70519e+00
  541  1.08e-03      1.09616e+01       1.16971e+00       7.69765e+00
  542  1.08e-03      1.09966e+01       1.45310e+00       7.81542e+00
  543  1.09e-03      1.10668e+01       1.10401e+00       7.74586e+00
  544  1.09e-03      1.10827e+01       1.32592e+00       7.83045e+00
  545  1.09e-03      1.11055e+01       1.41425e+00       7.87509e+00
  546  1.09e-03      1.10703e+01       1.36122e+00       7.83397e+00
  547  1.09e-03      1.10151e+01       1.34200e+00       7.79075e+00
  548  1.10e-03      1.10979e+01       1.64258e+00       7.94610e+00
  549  1.10e-03      1.10718e+01       1.33503e+00       7.82620e+00
  550  1.10e-03      1.10850e+01       1.20844e+00       7.79280e+00
  551  1.10e-03      1.10423e+01       1.33559e+00       7.80676e+00
  552  1.10e-03      1.10923e+01       1.43053e+00       7.87169e+00
  553  1.11e-03      1.10892e+01       1.14237e+00       7.77358e+00
  554  1.11e-03      1.10997e+01       1.47733e+00       7.89226e+00
  555  1.11e-03      1.11531e+01       1.35649e+00       7.88755e+00
  556  1.11e-03      1.11153e+01       1.44234e+00       7.89098e+00
  557  1.11e-03      1.11026e+01       1.29991e+00       7.83505e+00
  558  1.12e-03      1.10842e+01       1.65387e+00       7.94076e+00
  559  1.12e-03      1.10750e+01       1.13991e+00       7.76329e+00
  560  1.12e-03      1.10803e+01       1.53751e+00       7.89937e+00
  561  1.12e-03      1.11535e+01       1.52216e+00       7.94302e+00
  562  1.12e-03      1.11313e+01       1.44985e+00       7.90417e+00
  563  1.13e-03      1.11146e+01       1.26474e+00       7.83129e+00
  564  1.13e-03      1.11306e+01       1.61095e+00       7.95739e+00
  565  1.13e-03      1.11737e+01       1.47798e+00       7.94178e+00
  566  1.13e-03      1.11353e+01       1.23916e+00       7.83656e+00
  567  1.13e-03      1.11843e+01       1.49918e+00       7.95592e+00
  568  1.14e-03      1.11271e+01       1.45269e+00       7.90231e+00
  569  1.14e-03      1.11008e+01       1.18124e+00       7.79429e+00
  570  1.14e-03      1.11856e+01       1.43940e+00       7.93687e+00
  571  1.14e-03      1.11815e+01       1.53112e+00       7.96471e+00
  572  1.14e-03      1.12304e+01       1.24278e+00       7.90121e+00
  573  1.15e-03      1.12506e+01       1.35039e+00       7.95056e+00
  574  1.15e-03      1.12345e+01       1.58880e+00       8.01925e+00
  575  1.15e-03      1.12227e+01       1.26962e+00       7.90499e+00
  576  1.15e-03      1.11658e+01       1.25897e+00       7.86353e+00
  577  1.15e-03      1.11444e+01       1.53979e+00       7.94285e+00
  578  1.16e-03      1.12183e+01       1.34556e+00       7.92741e+00
  579  1.16e-03      1.12283e+01       1.22968e+00       7.89541e+00
  580  1.16e-03      1.12633e+01       1.49924e+00       8.00864e+00
  581  1.16e-03      1.11985e+01       1.51134e+00       7.96947e+00
  582  1.16e-03      1.13079e+01       1.21391e+00       7.94322e+00
  583  1.17e-03      1.13091e+01       1.59294e+00       8.07039e+00
  584  1.17e-03      1.13079e+01       1.24283e+00       7.95289e+00
  585  1.17e-03      1.13327e+01       1.25473e+00       7.97338e+00
  586  1.17e-03      1.13252e+01       1.23348e+00       7.96129e+00
  587  1.17e-03      1.13080e+01       1.77264e+00       8.12954e+00
  588  1.18e-03      1.12795e+01       1.14322e+00       7.90077e+00
  589  1.18e-03      1.12800e+01       1.41228e+00       7.99079e+00
  590  1.18e-03      1.13086e+01       1.74570e+00       8.12099e+00
  591  1.18e-03      1.13300e+01       1.44537e+00       8.03515e+00
  592  1.18e-03      1.12585e+01       1.27578e+00       7.93090e+00
  593  1.19e-03      1.12862e+01       1.60979e+00       8.06076e+00
  594  1.19e-03      1.12613e+01       1.39116e+00       7.97125e+00
  595  1.19e-03      1.12135e+01       1.36265e+00       7.92989e+00
  596  1.19e-03      1.11917e+01       1.41691e+00       7.93342e+00
  597  1.19e-03      1.12607e+01       1.58920e+00       8.03689e+00
  598  1.20e-03      1.12517e+01       1.06454e+00       7.85598e+00
  599  1.20e-03      1.12612e+01       1.66582e+00       8.06274e+00
  600  1.20e-03      1.13578e+01       1.52913e+00       8.08159e+00
  601  1.20e-03      1.13750e+01       1.23191e+00       7.99400e+00
  602  1.20e-03      1.14092e+01       1.30822e+00       8.04218e+00
  603  1.21e-03      1.14742e+01       1.46536e+00       8.13792e+00
  604  1.21e-03      1.14768e+01       1.02576e+00       7.99315e+00
  605  1.21e-03      1.15371e+01       1.31516e+00       8.12976e+00
  606  1.21e-03      1.16682e+01       1.42813e+00       8.25484e+00
  607  1.21e-03      1.16462e+01       1.30610e+00       8.19947e+00
  608  1.22e-03      1.16303e+01       1.29808e+00       8.18625e+00
  609  1.22e-03      1.16006e+01       1.65362e+00       8.28492e+00
  610  1.22e-03      1.15820e+01       1.44404e+00       8.20269e+00
  611  1.22e-03      1.15802e+01       1.35781e+00       8.17271e+00
  612  1.22e-03      1.16231e+01       1.69219e+00       8.31282e+00
  613  1.23e-03      1.14994e+01       1.41387e+00       8.13753e+00
  614  1.23e-03      1.14427e+01       1.21805e+00       8.03447e+00
  615  1.23e-03      1.14888e+01       1.37163e+00       8.11643e+00
  616  1.23e-03      1.15041e+01       1.54469e+00       8.18431e+00
  617  1.23e-03      1.14804e+01       1.24801e+00       8.06958e+00
  618  1.24e-03      1.15151e+01       1.22070e+00       8.08365e+00
  619  1.24e-03      1.14475e+01       1.74028e+00       8.21179e+00
  620  1.24e-03      1.14512e+01       1.55046e+00       8.15097e+00
  621  1.24e-03      1.14212e+01       1.31451e+00       8.05233e+00
  622  1.24e-03      1.14875e+01       1.57449e+00       8.18316e+00
  623  1.25e-03      1.15895e+01       1.40881e+00       8.19593e+00
  624  1.25e-03      1.15713e+01       1.32058e+00       8.15442e+00
  625  1.25e-03      1.15278e+01       1.33177e+00       8.12915e+00
  626  1.25e-03      1.16677e+01       1.28793e+00       8.20779e+00
  627  1.25e-03      1.15969e+01       1.19514e+00       8.12962e+00
  628  1.26e-03      1.15066e+01       1.77689e+00       8.26339e+00
  629  1.26e-03      1.14867e+01       1.47943e+00       8.15095e+00
  630  1.26e-03      1.15191e+01       1.13146e+00       8.05654e+00
  631  1.26e-03      1.14894e+01       1.65179e+00       8.21021e+00
  632  1.26e-03      1.15347e+01       1.69936e+00       8.25628e+00
  633  1.27e-03      1.15745e+01       1.34043e+00       8.16313e+00
  634  1.27e-03      1.15753e+01       1.40730e+00       8.18595e+00
  635  1.27e-03      1.14648e+01       1.74086e+00       8.22351e+00
  636  1.27e-03      1.14364e+01       1.29095e+00       8.05460e+00
  637  1.27e-03      1.15679e+01       1.41759e+00       8.18445e+00
  638  1.28e-03      1.15613e+01       1.58287e+00       8.23512e+00
  639  1.28e-03      1.16085e+01       1.58094e+00       8.26601e+00
  640  1.28e-03      1.15813e+01       1.48629e+00       8.21631e+00
  641  1.28e-03      1.16802e+01       1.56238e+00       8.30759e+00
  642  1.28e-03      1.17029e+01       1.80845e+00       8.40476e+00
  643  1.29e-03      1.17447e+01       1.44379e+00       8.31105e+00
  644  1.29e-03      1.17290e+01       1.72018e+00       8.39271e+00
  645  1.29e-03      1.17800e+01       1.77453e+00       8.44484e+00
  646  1.29e-03      1.17272e+01       1.20831e+00       8.22087e+00
  647  1.29e-03      1.16388e+01       1.41544e+00       8.23103e+00
  648  1.30e-03      1.16460e+01       1.63820e+00       8.31004e+00
  649  1.30e-03      1.16250e+01       1.50015e+00       8.25005e+00
  650  1.30e-03      1.15847e+01       1.32420e+00       8.16451e+00
  651  1.30e-03      1.15557e+01       1.99701e+00       8.36948e+00
  652  1.30e-03      1.16141e+01       1.58510e+00       8.27112e+00
  653  1.31e-03      1.15974e+01       1.38958e+00       8.19483e+00
  654  1.31e-03      1.16011e+01       1.87739e+00       8.35988e+00
  655  1.31e-03      1.16398e+01       1.52982e+00       8.26983e+00
  656  1.31e-03      1.16038e+01       1.16679e+00       8.12480e+00
  657  1.31e-03      1.16811e+01       1.66809e+00       8.34345e+00
  658  1.32e-03      1.16058e+01       1.82333e+00       8.34496e+00
  659  1.32e-03      1.15654e+01       1.21973e+00       8.11685e+00
  660  1.32e-03      1.15859e+01       1.82746e+00       8.33308e+00
  661  1.32e-03      1.16020e+01       1.88680e+00       8.36360e+00
  662  1.32e-03      1.15315e+01       1.51441e+00       8.19249e+00
  663  1.33e-03      1.16039e+01       1.50031e+00       8.23607e+00
  664  1.33e-03      1.15905e+01       1.87270e+00       8.35125e+00
  665  1.33e-03      1.16627e+01       1.47414e+00       8.26653e+00
  666  1.33e-03      1.15989e+01       1.45434e+00       8.21737e+00
  667  1.33e-03      1.17010e+01       1.66446e+00       8.35546e+00
  668  1.34e-03      1.16751e+01       1.63529e+00       8.32852e+00
  669  1.34e-03      1.16874e+01       1.33106e+00       8.23531e+00
  670  1.34e-03      1.16303e+01       1.73688e+00       8.33250e+00
  671  1.34e-03      1.16392e+01       1.54064e+00       8.27301e+00
  672  1.34e-03      1.16922e+01       1.47576e+00       8.28673e+00
  673  1.35e-03      1.16278e+01       1.59457e+00       8.28337e+00
  674  1.35e-03      1.15821e+01       2.00516e+00       8.38981e+00
  675  1.35e-03      1.14931e+01       1.35798e+00       8.11469e+00
  676  1.35e-03      1.14871e+01       1.73662e+00       8.23695e+00
  677  1.35e-03      1.15138e+01       1.76203e+00       8.26319e+00
  678  1.36e-03      1.14686e+01       1.36935e+00       8.10221e+00
  679  1.36e-03      1.14892e+01       1.37593e+00       8.11810e+00
  680  1.36e-03      1.14673e+01       1.76436e+00       8.23299e+00
  681  1.36e-03      1.15884e+01       1.53212e+00       8.23631e+00
  682  1.36e-03      1.15980e+01       1.46421e+00       8.22007e+00
  683  1.37e-03      1.16238e+01       1.99278e+00       8.41348e+00
  684  1.37e-03      1.15751e+01       1.70020e+00       8.28348e+00
  685  1.37e-03      1.15628e+01       1.52783e+00       8.21784e+00
  686  1.37e-03      1.15963e+01       2.02956e+00       8.40741e+00
  687  1.37e-03      1.15446e+01       1.55400e+00       8.21440e+00
  688  1.38e-03      1.15387e+01       1.41900e+00       8.16544e+00
  689  1.38e-03      1.15634e+01       1.79490e+00       8.30726e+00
  690  1.38e-03      1.15834e+01       1.67135e+00       8.27938e+00
  691  1.38e-03      1.14910e+01       1.45094e+00       8.14428e+00
  692  1.38e-03      1.14864e+01       1.73666e+00       8.23649e+00
  693  1.39e-03      1.14661e+01       1.76535e+00       8.23250e+00
  694  1.39e-03      1.14965e+01       1.43810e+00       8.14367e+00
  695  1.39e-03      1.14987e+01       1.84218e+00       8.27989e+00
  696  1.39e-03      1.15066e+01       1.86097e+00       8.29142e+00
  697  1.39e-03      1.15822e+01       1.41221e+00       8.19219e+00
  698  1.40e-03      1.16418e+01       1.52822e+00       8.27062e+00
  699  1.40e-03      1.16911e+01       1.81430e+00       8.39883e+00
  700  1.40e-03      1.15716e+01       1.49566e+00       8.21298e+00
  701  1.40e-03      1.15682e+01       1.49092e+00       8.20908e+00
  702  1.40e-03      1.15520e+01       1.58707e+00       8.23034e+00
  703  1.41e-03      1.15264e+01       1.71127e+00       8.25471e+00
  704  1.41e-03      1.15451e+01       1.51074e+00       8.20030e+00
  705  1.41e-03      1.16287e+01       1.90240e+00       8.38661e+00
  706  1.41e-03      1.16636e+01       1.86366e+00       8.39698e+00
  707  1.41e-03      1.16801e+01       1.47646e+00       8.27888e+00
  708  1.42e-03      1.17050e+01       1.53743e+00       8.31579e+00
  709  1.42e-03      1.17306e+01       1.90211e+00       8.45443e+00
  710  1.42e-03      1.17444e+01       1.31964e+00       8.26947e+00
  711  1.42e-03      1.18122e+01       1.49827e+00       8.37425e+00
  712  1.42e-03      1.19113e+01       1.82756e+00       8.55004e+00
  713  1.43e-03      1.19366e+01       1.56940e+00       8.48088e+00
  714  1.43e-03      1.19562e+01       1.47475e+00       8.46238e+00
  715  1.43e-03      1.20411e+01       2.06882e+00       8.71700e+00
  716  1.43e-03      1.20232e+01       1.76017e+00       8.60220e+00
  717  1.43e-03      1.20255e+01       1.31501e+00       8.45532e+00
  718  1.44e-03      1.21588e+01       1.74993e+00       8.68916e+00
  719  1.44e-03      1.21138e+01       1.75619e+00       8.66125e+00
  720  1.44e-03      1.20633e+01       1.22719e+00       8.45124e+00
  721  1.44e-03      1.21661e+01       1.55096e+00       8.62769e+00
  722  1.44e-03      1.21528e+01       1.80038e+00       8.70201e+00
  723  1.45e-03      1.21471e+01       1.50497e+00       8.59972e+00
  724  1.45e-03      1.20779e+01       1.77564e+00       8.64383e+00
  725  1.45e-03      1.20336e+01       1.73299e+00       8.60010e+00
  726  1.45e-03      1.20445e+01       1.61049e+00       8.56652e+00
  727  1.45e-03      1.20257e+01       1.77526e+00       8.60890e+00
  728  1.46e-03      1.19489e+01       1.83029e+00       8.57601e+00
  729  1.46e-03      1.19980e+01       1.44954e+00       8.48188e+00
  730  1.46e-03      1.20520e+01       1.43669e+00       8.51353e+00
  731  1.46e-03      1.20501e+01       1.96450e+00       8.68825e+00
  732  1.46e-03      1.21674e+01       1.68836e+00       8.67436e+00
  733  1.47e-03      1.21168e+01       1.22972e+00       8.48778e+00
  734  1.47e-03      1.20501e+01       1.76442e+00       8.62155e+00
  735  1.47e-03      1.20954e+01       2.09130e+00       8.76068e+00
  736  1.47e-03      1.20133e+01       1.47544e+00       8.50068e+00
  737  1.47e-03      1.19954e+01       1.46024e+00       8.48366e+00
  738  1.48e-03      1.19604e+01       1.98379e+00       8.63485e+00
  739  1.48e-03      1.21288e+01       1.61003e+00       8.62256e+00
  740  1.48e-03      1.20875e+01       1.57533e+00       8.58342e+00
  741  1.48e-03      1.21059e+01       1.78709e+00       8.66628e+00
  742  1.48e-03      1.21782e+01       1.63724e+00       8.66453e+00
  743  1.49e-03      1.21727e+01       1.63562e+00       8.66032e+00
  744  1.49e-03      1.22521e+01       1.89743e+00       8.80051e+00
  745  1.49e-03      1.23426e+01       1.63996e+00       8.77504e+00
  746  1.49e-03      1.23144e+01       1.63422e+00       8.75436e+00
  747  1.49e-03      1.22694e+01       2.16317e+00       8.90068e+00
  748  1.50e-03      1.23057e+01       1.66156e+00       8.75763e+00
  749  1.50e-03      1.23728e+01       1.52606e+00       8.75719e+00
  750  1.50e-03      1.23066e+01       2.07848e+00       8.89723e+00
  751  1.50e-03      1.23672e+01       1.90728e+00       8.88059e+00
  752  1.50e-03      1.23234e+01       1.40906e+00       8.68526e+00
  753  1.51e-03      1.23190e+01       1.75437e+00       8.79744e+00
  754  1.51e-03      1.23566e+01       1.96915e+00       8.89412e+00
  755  1.51e-03      1.24258e+01       1.75131e+00       8.86765e+00
  756  1.51e-03      1.23837e+01       1.60680e+00       8.79138e+00
  757  1.51e-03      1.24021e+01       1.83467e+00       8.87961e+00
  758  1.52e-03      1.24320e+01       1.92592e+00       8.92997e+00
  759  1.52e-03      1.23881e+01       1.75726e+00       8.84450e+00
  760  1.52e-03      1.24245e+01       2.03842e+00       8.96245e+00
  761  1.52e-03      1.25151e+01       1.69304e+00       8.90777e+00
  762  1.52e-03      1.24316e+01       1.59730e+00       8.82019e+00
  763  1.53e-03      1.23831e+01       1.96169e+00       8.90926e+00
  764  1.53e-03      1.23841e+01       1.59861e+00       8.78893e+00
  765  1.53e-03      1.24009e+01       1.46144e+00       8.75440e+00
  766  1.53e-03      1.23581e+01       1.98189e+00       8.89935e+00
  767  1.53e-03      1.22850e+01       2.12034e+00       8.89681e+00
  768  1.54e-03      1.23721e+01       1.35312e+00       8.69911e+00
  769  1.54e-03      1.22902e+01       1.83793e+00       8.80611e+00
  770  1.54e-03      1.23073e+01       2.21021e+00       8.94161e+00
  771  1.54e-03      1.23317e+01       1.38728e+00       8.68357e+00
  772  1.54e-03      1.23314e+01       2.05255e+00       8.90515e+00
  773  1.55e-03      1.23277e+01       1.86223e+00       8.83920e+00
  774  1.55e-03      1.23895e+01       1.38054e+00       8.71985e+00
  775  1.55e-03      1.23899e+01       1.70826e+00       8.82936e+00
  776  1.55e-03      1.23833e+01       2.10203e+00       8.95624e+00
  777  1.55e-03      1.24463e+01       1.62562e+00       8.83944e+00
  778  1.56e-03      1.24161e+01       1.82324e+00       8.88513e+00
  779  1.56e-03      1.24512e+01       2.06547e+00       8.98930e+00
  780  1.56e-03      1.25235e+01       1.81405e+00       8.95371e+00
  781  1.56e-03      1.24933e+01       1.81163e+00       8.93274e+00
  782  1.56e-03      1.24935e+01       1.85017e+00       8.94571e+00
  783  1.57e-03      1.25933e+01       1.74759e+00       8.97809e+00
  784  1.57e-03      1.25927e+01       1.30970e+00       8.83171e+00
  785  1.57e-03      1.25584e+01       1.81109e+00       8.97597e+00
  786  1.57e-03      1.26762e+01       1.91544e+00       9.08931e+00
  787  1.57e-03      1.26303e+01       1.52711e+00       8.92923e+00
  788  1.58e-03      1.26396e+01       1.80471e+00       9.02794e+00
  789  1.58e-03      1.25985e+01       2.11452e+00       9.10381e+00
  790  1.58e-03      1.26188e+01       1.86424e+00       9.03396e+00
  791  1.58e-03      1.26104e+01       1.58439e+00       8.93508e+00
  792  1.58e-03      1.25616e+01       2.07850e+00       9.06724e+00
  793  1.59e-03      1.26842e+01       1.60855e+00       8.99232e+00
  794  1.59e-03      1.26396e+01       1.49710e+00       8.92546e+00
  795  1.59e-03      1.25813e+01       1.79112e+00       8.98460e+00
  796  1.59e-03      1.25601e+01       1.78912e+00       8.96976e+00
  797  1.59e-03      1.25501e+01       1.58775e+00       8.89598e+00
  798  1.60e-03      1.25838e+01       1.85972e+00       9.00908e+00
  799  1.60e-03      1.25798e+01       1.80518e+00       8.98823e+00
  800  1.60e-03      1.25529e+01       1.37526e+00       8.82701e+00
  801  1.60e-03      1.25799e+01       1.83857e+00       8.99942e+00
  802  1.60e-03      1.25408e+01       1.97771e+00       9.01974e+00
  803  1.61e-03      1.25261e+01       1.36591e+00       8.80605e+00
  804  1.61e-03      1.25538e+01       1.68672e+00       8.93145e+00
  805  1.61e-03      1.25210e+01       2.18084e+00       9.07427e+00
  806  1.61e-03      1.25299e+01       1.49812e+00       8.85263e+00
  807  1.61e-03      1.25221e+01       1.52898e+00       8.85772e+00
  808  1.62e-03      1.24954e+01       1.96775e+00       8.98620e+00
  809  1.62e-03      1.24968e+01       1.80588e+00       8.93319e+00
  810  1.62e-03      1.24984e+01       1.46506e+00       8.82062e+00
  811  1.62e-03      1.25272e+01       1.97114e+00       9.00852e+00
  812  1.62e-03      1.25790e+01       1.75114e+00       8.96974e+00
  813  1.63e-03      1.25550e+01       1.68411e+00       8.93135e+00
  814  1.63e-03      1.24844e+01       1.81071e+00       8.92651e+00
  815  1.63e-03      1.24923e+01       1.84028e+00       8.94165e+00
  816  1.63e-03      1.24503e+01       1.44646e+00       8.78234e+00
  817  1.63e-03      1.25316e+01       1.91180e+00       8.99165e+00
  818  1.64e-03      1.25900e+01       1.87117e+00       9.01705e+00
  819  1.64e-03      1.26192e+01       1.67555e+00       8.97133e+00
  820  1.64e-03      1.25237e+01       1.63690e+00       8.89480e+00
  821  1.64e-03      1.25986e+01       2.31154e+00       9.16955e+00
  822  1.64e-03      1.25911e+01       1.83898e+00       9.00705e+00
  823  1.65e-03      1.26312e+01       1.57151e+00       8.94463e+00
  824  1.65e-03      1.26136e+01       2.04695e+00       9.09140e+00
  825  1.65e-03      1.26536e+01       1.75461e+00       9.02064e+00
  826  1.65e-03      1.27265e+01       1.50210e+00       8.98501e+00
  827  1.65e-03      1.27561e+01       2.04378e+00       9.18535e+00
  828  1.66e-03      1.27549e+01       1.62774e+00       9.04582e+00
  829  1.66e-03      1.27503e+01       1.56164e+00       9.02072e+00
  830  1.66e-03      1.29119e+01       1.71937e+00       9.18108e+00
  831  1.66e-03      1.29354e+01       2.00935e+00       9.29337e+00
  832  1.66e-03      1.29304e+01       1.51693e+00       9.12590e+00
  833  1.67e-03      1.30544e+01       1.85975e+00       9.32287e+00
  834  1.67e-03      1.31861e+01       1.88797e+00       9.42004e+00
  835  1.67e-03      1.31459e+01       1.50233e+00       9.26471e+00
  836  1.67e-03      1.31866e+01       2.05312e+00       9.47542e+00
  837  1.67e-03      1.31767e+01       1.66589e+00       9.33978e+00
  838  1.68e-03      1.31636e+01       1.79237e+00       9.37320e+00
  839  1.68e-03      1.32190e+01       1.74168e+00       9.39320e+00
  840  1.68e-03      1.33153e+01       1.82061e+00       9.48374e+00
  841  1.68e-03      1.34597e+01       1.86415e+00       9.59448e+00
  842  1.68e-03      1.35382e+01       1.93516e+00       9.67050e+00
  843  1.69e-03      1.35086e+01       1.87601e+00       9.63109e+00
  844  1.69e-03      1.35000e+01       1.70979e+00       9.56992e+00
  845  1.69e-03      1.35456e+01       1.72341e+00       9.60485e+00
  846  1.69e-03      1.35733e+01       1.92439e+00       9.69033e+00
  847  1.69e-03      1.36466e+01       2.01613e+00       9.76979e+00
  848  1.70e-03      1.35424e+01       1.74643e+00       9.61038e+00
  849  1.70e-03      1.34956e+01       1.40583e+00       9.46571e+00
  850  1.70e-03      1.35202e+01       2.41415e+00       9.81818e+00
  851  1.70e-03      1.35560e+01       1.93088e+00       9.68097e+00
  852  1.70e-03      1.36073e+01       1.75506e+00       9.65654e+00
  853  1.71e-03      1.34862e+01       1.98358e+00       9.65200e+00
  854  1.71e-03      1.34819e+01       1.82962e+00       9.59779e+00
  855  1.71e-03      1.35664e+01       1.54572e+00       9.55947e+00
  856  1.71e-03      1.36501e+01       2.18390e+00       9.82802e+00
  857  1.71e-03      1.36919e+01       1.73629e+00       9.70671e+00
  858  1.72e-03      1.37199e+01       1.84595e+00       9.76192e+00
  859  1.72e-03      1.37291e+01       2.28223e+00       9.91349e+00
  860  1.72e-03      1.36832e+01       1.80150e+00       9.72261e+00
  861  1.72e-03      1.36566e+01       1.42526e+00       9.57949e+00
  862  1.72e-03      1.36863e+01       2.16929e+00       9.84732e+00
  863  1.73e-03      1.37721e+01       2.09974e+00       9.88132e+00
  864  1.73e-03      1.37581e+01       1.41125e+00       9.64251e+00
  865  1.73e-03      1.37257e+01       1.81146e+00       9.75430e+00
  866  1.73e-03      1.36355e+01       2.04699e+00       9.77267e+00
  867  1.73e-03      1.36773e+01       1.93594e+00       9.76350e+00
  868  1.74e-03      1.36072e+01       1.89379e+00       9.70273e+00
  869  1.74e-03      1.35442e+01       1.80622e+00       9.63156e+00
  870  1.74e-03      1.35463e+01       2.03767e+00       9.71006e+00
  871  1.74e-03      1.35427e+01       1.96880e+00       9.68476e+00
  872  1.74e-03      1.35251e+01       2.00879e+00       9.68636e+00
  873  1.75e-03      1.35417e+01       1.55195e+00       9.54511e+00
  874  1.75e-03      1.35536e+01       1.65028e+00       9.58586e+00
  875  1.75e-03      1.35368e+01       2.03033e+00       9.70128e+00
  876  1.75e-03      1.36081e+01       1.94218e+00       9.71945e+00
  877  1.75e-03      1.35625e+01       1.58286e+00       9.56926e+00
  878  1.76e-03      1.35163e+01       1.81337e+00       9.61530e+00
  879  1.76e-03      1.34811e+01       2.38718e+00       9.78313e+00
  880  1.76e-03      1.34947e+01       1.82661e+00       9.60533e+00
  881  1.76e-03      1.35496e+01       1.55002e+00       9.54971e+00
  882  1.76e-03      1.35268e+01       2.06081e+00       9.70482e+00
  883  1.77e-03      1.35755e+01       1.71736e+00       9.62277e+00
  884  1.77e-03      1.35341e+01       1.67558e+00       9.58123e+00
  885  1.77e-03      1.35459e+01       1.78765e+00       9.62646e+00
  886  1.77e-03      1.34948e+01       1.67260e+00       9.55408e+00
  887  1.77e-03      1.35415e+01       1.68853e+00       9.59048e+00
  888  1.78e-03      1.35716e+01       2.24508e+00       9.79612e+00
  889  1.78e-03      1.36880e+01       1.79229e+00       9.72277e+00
  890  1.78e-03      1.37041e+01       1.60166e+00       9.66997e+00
  891  1.78e-03      1.36802e+01       2.16909e+00       9.84314e+00
  892  1.78e-03      1.37309e+01       1.95021e+00       9.80399e+00
  893  1.79e-03      1.37569e+01       1.46468e+00       9.65947e+00
  894  1.79e-03      1.37418e+01       1.92416e+00       9.80260e+00
  895  1.79e-03      1.37498e+01       1.96269e+00       9.82074e+00
  896  1.79e-03      1.37704e+01       1.62981e+00       9.72352e+00
  897  1.79e-03      1.37540e+01       1.84367e+00       9.78386e+00
  898  1.80e-03      1.37915e+01       2.08087e+00       9.88798e+00
  899  1.80e-03      1.38976e+01       1.69654e+00       9.83060e+00
  900  1.80e-03      1.38993e+01       1.54809e+00       9.78225e+00
  901  1.80e-03      1.38912e+01       2.03914e+00       9.94052e+00
  902  1.80e-03      1.39689e+01       1.90325e+00       9.94704e+00
  903  1.81e-03      1.40545e+01       1.75749e+00       9.95547e+00
  904  1.81e-03      1.41568e+01       2.03414e+00       1.01159e+01
  905  1.81e-03      1.41185e+01       1.82551e+00       1.00208e+01
  906  1.81e-03      1.40990e+01       1.62949e+00       9.94251e+00
  907  1.81e-03      1.41172e+01       2.11526e+00       1.01165e+01
  908  1.82e-03      1.41865e+01       2.07213e+00       1.01484e+01
  909  1.82e-03      1.43041e+01       1.46568e+00       1.00246e+01
  910  1.82e-03      1.43012e+01       1.71972e+00       1.01074e+01
  911  1.82e-03      1.43664e+01       2.45760e+00       1.03968e+01
  912  1.82e-03      1.43206e+01       1.70889e+00       1.01167e+01
  913  1.83e-03      1.43624e+01       1.94668e+00       1.02238e+01
  914  1.83e-03      1.43339e+01       2.14953e+00       1.02724e+01
  915  1.83e-03      1.43294e+01       1.93555e+00       1.01981e+01
  916  1.83e-03      1.44505e+01       1.48222e+00       1.01277e+01
  917  1.83e-03      1.45069e+01       1.98592e+00       1.03333e+01
  918  1.84e-03      1.45272e+01       1.93273e+00       1.03290e+01
  919  1.84e-03      1.45080e+01       1.52281e+00       1.01796e+01
  920  1.84e-03      1.44827e+01       2.18632e+00       1.03839e+01
  921  1.84e-03      1.44237e+01       1.94348e+00       1.02636e+01
  922  1.84e-03      1.44727e+01       1.68555e+00       1.02103e+01
  923  1.85e-03      1.44261e+01       2.14035e+00       1.03309e+01
  924  1.85e-03      1.44623e+01       2.01789e+00       1.03142e+01
  925  1.85e-03      1.44982e+01       2.03938e+00       1.03453e+01
  926  1.85e-03      1.45250e+01       1.80363e+00       1.02846e+01
  927  1.85e-03      1.44421e+01       1.95259e+00       1.02789e+01
  928  1.86e-03      1.44693e+01       1.58451e+00       1.01743e+01
  929  1.86e-03      1.45990e+01       1.92668e+00       1.03749e+01
  930  1.86e-03      1.46297e+01       2.08510e+00       1.04482e+01
  931  1.86e-03      1.44992e+01       1.83586e+00       1.02781e+01
  932  1.86e-03      1.45483e+01       1.66687e+00       1.02545e+01
  933  1.87e-03      1.46005e+01       2.21796e+00       1.04730e+01
  934  1.87e-03      1.45826e+01       2.31173e+00       1.04923e+01
  935  1.87e-03      1.44729e+01       2.02000e+00       1.03219e+01
  936  1.87e-03      1.44558e+01       1.63486e+00       1.01821e+01
  937  1.87e-03      1.44389e+01       2.03957e+00       1.03058e+01
  938  1.88e-03      1.45216e+01       1.66729e+00       1.02368e+01
  939  1.88e-03      1.44679e+01       1.89567e+00       1.02772e+01
  940  1.88e-03      1.44527e+01       1.67447e+00       1.01933e+01
  941  1.88e-03      1.44500e+01       1.92610e+00       1.02754e+01
  942  1.88e-03      1.44460e+01       2.34216e+00       1.04114e+01
  943  1.89e-03      1.43887e+01       2.14769e+00       1.03083e+01
  944  1.89e-03      1.44355e+01       1.55468e+00       1.01419e+01
  945  1.89e-03      1.44653e+01       2.03305e+00       1.03212e+01
  946  1.89e-03      1.44083e+01       2.23681e+00       1.03511e+01
  947  1.89e-03      1.43950e+01       1.82824e+00       1.02061e+01
  948  1.90e-03      1.44034e+01       1.32327e+00       1.00434e+01
  949  1.90e-03      1.44024e+01       1.90778e+00       1.02375e+01
  950  1.90e-03      1.44876e+01       1.98319e+00       1.03195e+01
  951  1.90e-03      1.44372e+01       1.94875e+00       1.02744e+01
  952  1.90e-03      1.44450e+01       1.94287e+00       1.02776e+01
  953  1.91e-03      1.43861e+01       1.75723e+00       1.01765e+01
  954  1.91e-03      1.44063e+01       2.04335e+00       1.02853e+01
  955  1.91e-03      1.42538e+01       1.92053e+00       1.01427e+01
  956  1.91e-03      1.43800e+01       2.03575e+00       1.02652e+01
  957  1.91e-03      1.44368e+01       1.87054e+00       1.02480e+01
  958  1.92e-03      1.44073e+01       1.76666e+00       1.01937e+01
  959  1.92e-03      1.44241e+01       2.01259e+00       1.02869e+01
  960  1.92e-03      1.44165e+01       1.44720e+00       1.00934e+01
  961  1.92e-03      1.45013e+01       1.78172e+00       1.02614e+01
  962  1.92e-03      1.44873e+01       2.08452e+00       1.03530e+01
  963  1.93e-03      1.43259e+01       1.92537e+00       1.01924e+01
  964  1.93e-03      1.44268e+01       1.69649e+00       1.01833e+01
  965  1.93e-03      1.44343e+01       1.95754e+00       1.02754e+01
  966  1.93e-03      1.44924e+01       2.12357e+00       1.03695e+01
  967  1.93e-03      1.46115e+01       1.32706e+00       1.01833e+01
  968  1.94e-03      1.45771e+01       2.11494e+00       1.04230e+01
  969  1.94e-03      1.45218e+01       1.88942e+00       1.03110e+01
  970  1.94e-03      1.45830e+01       1.44752e+00       1.02045e+01
  971  1.94e-03      1.46146e+01       1.84003e+00       1.03564e+01
  972  1.94e-03      1.45617e+01       2.06896e+00       1.03974e+01
  973  1.95e-03      1.45418e+01       1.86530e+00       1.03163e+01
  974  1.95e-03      1.45310e+01       1.98820e+00       1.03501e+01
  975  1.95e-03      1.45632e+01       1.98954e+00       1.03720e+01
  976  1.95e-03      1.46670e+01       1.68546e+00       1.03398e+01
  977  1.95e-03      1.46161e+01       1.70907e+00       1.03138e+01
  978  1.96e-03      1.46192e+01       2.15326e+00       1.04639e+01
  979  1.96e-03      1.45758e+01       1.55027e+00       1.02339e+01
  980  1.96e-03      1.46321e+01       1.58202e+00       1.02821e+01
  981  1.96e-03      1.47880e+01       1.88981e+00       1.04886e+01
  982  1.96e-03      1.47517e+01       1.85616e+00       1.04532e+01
  983  1.97e-03      1.46713e+01       1.72988e+00       1.03575e+01
  984  1.97e-03      1.47920e+01       1.97546e+00       1.05198e+01
  985  1.97e-03      1.46869e+01       2.25775e+00       1.05439e+01
  986  1.97e-03      1.46362e+01       1.59883e+00       1.02904e+01
  987  1.97e-03      1.45856e+01       1.69187e+00       1.02877e+01
  988  1.98e-03      1.47261e+01       2.02702e+00       1.04931e+01
  989  1.98e-03      1.48250e+01       1.77316e+00       1.04744e+01
  990  1.98e-03      1.46997e+01       1.77553e+00       1.03917e+01
  991  1.98e-03      1.46152e+01       1.84525e+00       1.03585e+01
  992  1.98e-03      1.46762e+01       1.83558e+00       1.03960e+01
  993  1.99e-03      1.47354e+01       1.50326e+00       1.03247e+01
  994  1.99e-03      1.47057e+01       2.27787e+00       1.05631e+01
  995  1.99e-03      1.46338e+01       2.02202e+00       1.04299e+01
  996  1.99e-03      1.46670e+01       1.76758e+00       1.03672e+01
  997  1.99e-03      1.46815e+01       2.20982e+00       1.05243e+01
  998  2.00e-03      1.46894e+01       1.96846e+00       1.04491e+01
  999  2.00e-03      1.46275e+01       1.61191e+00       1.02890e+01
