Delta = -1.086e+01 gamma
 step      t        T_in_plane/mK   T_out_of_plane/mK   T_tot/mK
    0  0.00e+00      5.53660e+00       0.00000e+00       3.69107e+00
    1  2.00e-06      5.40638e+00       2.30154e-04       3.60433e+00
    2  4.00e-06      5.42255e+00       4.50376e-04       3.61518e+00
    3  6.00e-06      5.45726e+00       6.24390e-04       3.63838e+00
    4  8.00e-06      5.44381e+00       9.17756e-04       3.62951e+00
    5  1.00e-05      5.40946e+00       1.42420e-03       3.60678e+00
    6  1.20e-05      5.44977e+00       1.61490e-03       3.63372e+00
    7  1.40e-05      5.41687e+00       1.56395e-03       3.61177e+00
    8  1.60e-05      5.41132e+00       1.71249e-03       3.60812e+00
    9  1.80e-05      5.42856e+00       1.87431e-03       3.61966e+00
   10  2.00e-05      5.41718e+00       1.78069e-03       3.61205e+00
   11  2.20e-05      5.40837e+00       2.14050e-03       3.60629e+00
   12  2.40e-05      5.40959e+00       2.36923e-03       3.60718e+00
   13  2.60e-05      5.40941e+00       1.99835e-03       3.60694e+00
   14  2.80e-05      5.40326e+00       2.43163e-03       3.60298e+00
   15  3.00e-05      5.42674e+00       2.59029e-03       3.61869e+00
   16  3.20e-05      5.40483e+00       3.10012e-03       3.60425e+00
   17  3.40e-05      5.40495e+00       3.19124e-03       3.60436e+00
   18  3.60e-05      5.40492e+00       3.44005e-03       3.60443e+00
   19  3.80e-05      5.39838e+00       3.46176e-03       3.60008e+00
   20  4.00e-05      5.37880e+00       3.12748e-03       3.58691e+00
   21  4.20e-05      5.37631e+00       4.35384e-03       3.58566e+00
   22  4.40e-05      5.39049e+00       4.57463e-03       3.59519e+00
   23  4.60e-05      5.35325e+00       5.41554e-03       3.57064e+00
   24  4.80e-05      5.35981e+00       4.86769e-03       3.57483e+00
   25  5.00e-05      5.37099e+00       5.27570e-03       3.58242e+00
   26  5.20e-05      5.37619e+00       4.75790e-03       3.58571e+00
   27  5.40e-05      5.36698e+00       5.57957e-03       3.57985e+00
   28  5.60e-05      5.34645e+00       5.65214e-03       3.56619e+00
   29  5.80e-05      5.33377e+00       5.37591e-03       3.55764e+00
   30  6.00e-05      5.34973e+00       5.53641e-03       3.56833e+00
   31  6.20e-05      5.34974e+00       5.98091e-03       3.56849e+00
   32  6.40e-05      5.35518e+00       6.04657e-03       3.57213e+00
   33  6.60e-05      5.36036e+00       5.72323e-03       3.57548e+00
   34  6.80e-05      5.35201e+00       6.41836e-03       3.57015e+00
   35  7.00e-05      5.34623e+00       7.01528e-03       3.56649e+00
   36  7.20e-05      5.34692e+00       7.44570e-03       3.56709e+00
   37  7.40e-05      5.36308e+00       7.17070e-03       3.57778e+00
   38  7.60e-05      5.36531e+00       7.00943e-03       3.57921e+00
   39  7.80e-05      5.36824e+00       7.92241e-03       3.58147e+00
   40  8.00e-05      5.35454e+00       6.96518e-03       3.57201e+00
   41  8.20e-05      5.34973e+00       6.77404e-03       3.56874e+00
   42  8.40e-05      5.37525e+00       7.89339e-03       3.58613e+00
   43  8.60e-05      5.36511e+00       6.81287e-03       3.57901e+00
   44  8.80e-05      5.33897e+00       9.25818e-03       3.56240e+00
   45  9.00e-05      5.35974e+00       8.71473e-03       3.57607e+00
   46  9.20e-05      5.36186e+00       1.03843e-02       3.57804e+00
   47  9.40e-05      5.34014e+00       8.38681e-03       3.56289e+00
   48  9.60e-05      5.34673e+00       9.50983e-03       3.56765e+00
   49  9.80e-05      5.36667e+00       9.00570e-03       3.58078e+00
   50  1.00e-04      5.33364e+00       1.04645e-02       3.55925e+00
   51  1.02e-04      5.30959e+00       9.14614e-03       3.54278e+00
   52  1.04e-04      5.33337e+00       7.97616e-03       3.55824e+00
   53  1.06e-04      5.31928e+00       9.88777e-03       3.54948e+00
   54  1.08e-04      5.32269e+00       9.51682e-03       3.55163e+00
   55  1.10e-04      5.30083e+00       9.84476e-03       3.53717e+00
   56  1.12e-04      5.30526e+00       1.12447e-02       3.54059e+00
   57  1.14e-04      5.29163e+00       1.04277e-02       3.53123e+00
   58  1.16e-04      5.29865e+00       9.47357e-03       3.53559e+00
   59  1.18e-04      5.29228e+00       9.99184e-03       3.53152e+00
   60  1.20e-04      5.29724e+00       9.57847e-03       3.53469e+00
   61  1.22e-04      5.30901e+00       9.80172e-03       3.54261e+00
   62  1.24e-04      5.29168e+00       1.03742e-02       3.53124e+00
   63  1.26e-04      5.28514e+00       1.07255e-02       3.52700e+00
   64  1.28e-04      5.29841e+00       7.31608e-03       3.53471e+00
   65  1.30e-04      5.29426e+00       1.26718e-02       3.53373e+00
   66  1.32e-04      5.29015e+00       1.13423e-02       3.53055e+00
   67  1.34e-04      5.28734e+00       1.11355e-02       3.52860e+00
   68  1.36e-04      5.28101e+00       1.17816e-02       3.52460e+00
   69  1.38e-04      5.27925e+00       1.31091e-02       3.52387e+00
   70  1.40e-04      5.27200e+00       1.20147e-02       3.51867e+00
   71  1.42e-04      5.26511e+00       1.30166e-02       3.51441e+00
   72  1.44e-04      5.25339e+00       1.42736e-02       3.50701e+00
   73  1.46e-04      5.24773e+00       1.30344e-02       3.50283e+00
   74  1.48e-04      5.26304e+00       1.21962e-02       3.51276e+00
   75  1.50e-04      5.27495e+00       1.36745e-02       3.52119e+00
   76  1.52e-04      5.26255e+00       1.42609e-02       3.51312e+00
   77  1.54e-04      5.24647e+00       1.68969e-02       3.50328e+00
   78  1.56e-04      5.25726e+00       1.65859e-02       3.51037e+00
   79  1.58e-04      5.25361e+00       1.72060e-02       3.50814e+00
   80  1.60e-04      5.27328e+00       1.68524e-02       3.52114e+00
   81  1.62e-04      5.26878e+00       1.30283e-02       3.51686e+00
   82  1.64e-04      5.27259e+00       1.53345e-02       3.52017e+00
   83  1.66e-04      5.26008e+00       1.35816e-02       3.51125e+00
   84  1.68e-04      5.26705e+00       1.64120e-02       3.51684e+00
   85  1.70e-04      5.26028e+00       1.55645e-02       3.51204e+00
   86  1.72e-04      5.28113e+00       1.91020e-02       3.52712e+00
   87  1.74e-04      5.26217e+00       1.64236e-02       3.51359e+00
   88  1.76e-04      5.24909e+00       2.28829e-02       3.50702e+00
   89  1.78e-04      5.23923e+00       1.92498e-02       3.49923e+00
   90  1.80e-04      5.22824e+00       1.71156e-02       3.49120e+00
   91  1.82e-04      5.24465e+00       1.73656e-02       3.50222e+00
   92  1.84e-04      5.25463e+00       2.09669e-02       3.51007e+00
   93  1.86e-04      5.25329e+00       1.79113e-02       3.50816e+00
   94  1.88e-04      5.24146e+00       2.08391e-02       3.50125e+00
   95  1.90e-04      5.23484e+00       2.12140e-02       3.49697e+00
   96  1.92e-04      5.23575e+00       2.38139e-02       3.49844e+00
   97  1.94e-04      5.22764e+00       2.10789e-02       3.49212e+00
   98  1.96e-04      5.22566e+00       2.01426e-02       3.49049e+00
   99  1.98e-04      5.23983e+00       2.25254e-02       3.50073e+00
  100  2.00e-04      5.22671e+00       2.12531e-02       3.49156e+00
  101  2.02e-04      5.24139e+00       2.20330e-02       3.50160e+00
  102  2.04e-04      5.24396e+00       2.04914e-02       3.50280e+00
  103  2.06e-04      5.23997e+00       2.00399e-02       3.50000e+00
  104  2.08e-04      5.23261e+00       2.21305e-02       3.49578e+00
  105  2.10e-04      5.24671e+00       2.09221e-02       3.50478e+00
  106  2.12e-04      5.24443e+00       1.83616e-02       3.50241e+00
  107  2.14e-04      5.26031e+00       2.05865e-02       3.51374e+00
  108  2.16e-04      5.28003e+00       1.93679e-02       3.52648e+00
  109  2.18e-04      5.26736e+00       2.51867e-02       3.51997e+00
  110  2.20e-04      5.26714e+00       1.88809e-02       3.51772e+00
  111  2.22e-04      5.27256e+00       2.19217e-02       3.52235e+00
  112  2.24e-04      5.26877e+00       1.99332e-02       3.51916e+00
  113  2.26e-04      5.26018e+00       2.19281e-02       3.51409e+00
  114  2.28e-04      5.24933e+00       1.98429e-02       3.50617e+00
  115  2.30e-04      5.24943e+00       2.32742e-02       3.50738e+00
  116  2.32e-04      5.24832e+00       2.12501e-02       3.50596e+00
  117  2.34e-04      5.25548e+00       2.23992e-02       3.51112e+00
  118  2.36e-04      5.24177e+00       2.41294e-02       3.50256e+00
  119  2.38e-04      5.22817e+00       2.05665e-02       3.49230e+00
  120  2.40e-04      5.21496e+00       2.52278e-02       3.48505e+00
  121  2.42e-04      5.23041e+00       2.36927e-02       3.49484e+00
  122  2.44e-04      5.22841e+00       2.37191e-02       3.49352e+00
  123  2.46e-04      5.23550e+00       2.49713e-02       3.49865e+00
  124  2.48e-04      5.21610e+00       2.32456e-02       3.48515e+00
  125  2.50e-04      5.22308e+00       2.21497e-02       3.48944e+00
  126  2.52e-04      5.22337e+00       2.29337e-02       3.48989e+00
  127  2.54e-04      5.22845e+00       2.49863e-02       3.49396e+00
  128  2.56e-04      5.22816e+00       2.68792e-02       3.49440e+00
  129  2.58e-04      5.23873e+00       2.47729e-02       3.50074e+00
  130  2.60e-04      5.22558e+00       2.45568e-02       3.49191e+00
  131  2.62e-04      5.21583e+00       2.22262e-02       3.48463e+00
  132  2.64e-04      5.20224e+00       2.82436e-02       3.47757e+00
  133  2.66e-04      5.21146e+00       1.88257e-02       3.48058e+00
  134  2.68e-04      5.23281e+00       2.38761e-02       3.49650e+00
  135  2.70e-04      5.21451e+00       2.49554e-02       3.48466e+00
  136  2.72e-04      5.22058e+00       2.60810e-02       3.48908e+00
  137  2.74e-04      5.21499e+00       2.25165e-02       3.48416e+00
  138  2.76e-04      5.20263e+00       2.57799e-02       3.47701e+00
  139  2.78e-04      5.21083e+00       2.34038e-02       3.48169e+00
  140  2.80e-04      5.20908e+00       2.56115e-02       3.48126e+00
  141  2.82e-04      5.21237e+00       2.38976e-02       3.48288e+00
  142  2.84e-04      5.19375e+00       2.95722e-02       3.47235e+00
  143  2.86e-04      5.20061e+00       2.58425e-02       3.47569e+00
  144  2.88e-04      5.18914e+00       3.00941e-02       3.46946e+00
  145  2.90e-04      5.17935e+00       2.79113e-02       3.46220e+00
  146  2.92e-04      5.18410e+00       2.20659e-02       3.46342e+00
  147  2.94e-04      5.18040e+00       2.92108e-02       3.46334e+00
  148  2.96e-04      5.17214e+00       2.66227e-02       3.45697e+00
  149  2.98e-04      5.17451e+00       3.05255e-02       3.45985e+00
  150  3.00e-04      5.16008e+00       2.39595e-02       3.44804e+00
  151  3.02e-04      5.16631e+00       3.78698e-02       3.45683e+00
  152  3.04e-04      5.16491e+00       2.54876e-02       3.45177e+00
  153  3.06e-04      5.16382e+00       3.12076e-02       3.45295e+00
  154  3.08e-04      5.17518e+00       2.20194e-02       3.45746e+00
  155  3.10e-04      5.16567e+00       2.97669e-02       3.45370e+00
  156  3.12e-04      5.14627e+00       2.85850e-02       3.44038e+00
  157  3.14e-04      5.16432e+00       2.61782e-02       3.45161e+00
  158  3.16e-04      5.15611e+00       2.81344e-02       3.44679e+00
  159  3.18e-04      5.12016e+00       3.10721e-02       3.42379e+00
  160  3.20e-04      5.12786e+00       3.18548e-02       3.42919e+00
  161  3.22e-04      5.13841e+00       2.88619e-02       3.43523e+00
  162  3.24e-04      5.12876e+00       3.39022e-02       3.43047e+00
  163  3.26e-04      5.11459e+00       3.41302e-02       3.42110e+00
  164  3.28e-04      5.10331e+00       3.36624e-02       3.41343e+00
  165  3.30e-04      5.09585e+00       3.00580e-02       3.40725e+00
  166  3.32e-04      5.09885e+00       3.16196e-02       3.40977e+00
  167  3.34e-04      5.10166e+00       2.66609e-02       3.40999e+00
  168  3.36e-04      5.09408e+00       3.82699e-02       3.40881e+00
  169  3.38e-04      5.09009e+00       2.80129e-02       3.40273e+00
  170  3.40e-04      5.07391e+00       3.28415e-02       3.39355e+00
  171  3.42e-04      5.09288e+00       3.22135e-02       3.40599e+00
  172  3.44e-04      5.07644e+00       2.98236e-02       3.39424e+00
  173  3.46e-04      5.07160e+00       2.88598e-02       3.39069e+00
  174  3.48e-04      5.08280e+00       2.80353e-02       3.39788e+00
  175  3.50e-04      5.07392e+00       3.17484e-02       3.39320e+00
  176  3.52e-04      5.05086e+00       3.46293e-02       3.37878e+00
  177  3.54e-04      5.03500e+00       2.93145e-02       3.36644e+00
  178  3.56e-04      5.03603e+00       3.72039e-02       3.36975e+00
  179  3.58e-04      5.04284e+00       2.53883e-02       3.37036e+00
  180  3.60e-04      5.04553e+00       3.38633e-02       3.37497e+00
  181  3.62e-04      5.03573e+00       2.76558e-02       3.36637e+00
  182  3.64e-04      5.03428e+00       2.91080e-02       3.36589e+00
  183  3.66e-04      5.04096e+00       3.09797e-02       3.37097e+00
  184  3.68e-04      5.04277e+00       3.49561e-02       3.37350e+00
  185  3.70e-04      5.02278e+00       3.08235e-02       3.35879e+00
  186  3.72e-04      5.01714e+00       2.70496e-02       3.35378e+00
  187  3.74e-04      5.02764e+00       3.11402e-02       3.36214e+00
  188  3.76e-04      5.03003e+00       3.39959e-02       3.36469e+00
  189  3.78e-04      5.02449e+00       3.26175e-02       3.36053e+00
  190  3.80e-04      5.01804e+00       2.87121e-02       3.35493e+00
  191  3.82e-04      4.99405e+00       3.24299e-02       3.34018e+00
  192  3.84e-04      5.00524e+00       3.44128e-02       3.34830e+00
  193  3.86e-04      5.01042e+00       3.56280e-02       3.35216e+00
  194  3.88e-04      5.00519e+00       2.47899e-02       3.34506e+00
  195  3.90e-04      4.99641e+00       3.59804e-02       3.34293e+00
  196  3.92e-04      4.98919e+00       2.85253e-02       3.33563e+00
  197  3.94e-04      4.98348e+00       3.33067e-02       3.33342e+00
  198  3.96e-04      4.98891e+00       2.68326e-02       3.33489e+00
  199  3.98e-04      4.98895e+00       2.80524e-02       3.33532e+00
  200  4.00e-04      4.97471e+00       3.31973e-02       3.32754e+00
  201  4.02e-04      4.97236e+00       3.37108e-02       3.32614e+00
  202  4.04e-04      4.98006e+00       3.03095e-02       3.33015e+00
  203  4.06e-04      4.98682e+00       3.27650e-02       3.33547e+00
  204  4.08e-04      4.96964e+00       3.43027e-02       3.32453e+00
  205  4.10e-04      4.98334e+00       2.87795e-02       3.33182e+00
  206  4.12e-04      4.97305e+00       3.47152e-02       3.32694e+00
  207  4.14e-04      4.97878e+00       3.32198e-02       3.33026e+00
  208  4.16e-04      4.97164e+00       3.12672e-02       3.32485e+00
  209  4.18e-04      4.97351e+00       2.97836e-02       3.32560e+00
  210  4.20e-04      4.96829e+00       3.37420e-02       3.32344e+00
  211  4.22e-04      4.97229e+00       2.98588e-02       3.32481e+00
  212  4.24e-04      4.98663e+00       3.69638e-02       3.33674e+00
  213  4.26e-04      4.97980e+00       3.47145e-02       3.33144e+00
  214  4.28e-04      4.97091e+00       3.69558e-02       3.32626e+00
  215  4.30e-04      4.98656e+00       3.74292e-02       3.33685e+00
  216  4.32e-04      4.99030e+00       3.38980e-02       3.33816e+00
  217  4.34e-04      4.96349e+00       3.77490e-02       3.32157e+00
  218  4.36e-04      4.95932e+00       3.89554e-02       3.31920e+00
  219  4.38e-04      4.96748e+00       3.71004e-02       3.32402e+00
  220  4.40e-04      4.94193e+00       4.21411e-02       3.30866e+00
  221  4.42e-04      4.93518e+00       3.50226e-02       3.30180e+00
  222  4.44e-04      4.93088e+00       4.19730e-02       3.30125e+00
  223  4.46e-04      4.94587e+00       3.29676e-02       3.30824e+00
  224  4.48e-04      4.93519e+00       3.63976e-02       3.30226e+00
  225  4.50e-04      4.92840e+00       3.93355e-02       3.29871e+00
  226  4.52e-04      4.91345e+00       3.96275e-02       3.28884e+00
  227  4.54e-04      4.94343e+00       4.31329e-02       3.31000e+00
  228  4.56e-04      4.93785e+00       4.04091e-02       3.30537e+00
  229  4.58e-04      4.94418e+00       4.76625e-02       3.31201e+00
  230  4.60e-04      4.93176e+00       3.98606e-02       3.30113e+00
  231  4.62e-04      4.96141e+00       4.39348e-02       3.32225e+00
  232  4.64e-04      4.95362e+00       4.25467e-02       3.31659e+00
  233  4.66e-04      4.91100e+00       4.16608e-02       3.28789e+00
  234  4.68e-04      4.91268e+00       3.63037e-02       3.28722e+00
  235  4.70e-04      4.93810e+00       4.16631e-02       3.30595e+00
  236  4.72e-04      4.92512e+00       3.70783e-02       3.29577e+00
  237  4.74e-04      4.92671e+00       4.41630e-02       3.29919e+00
  238  4.76e-04      4.94377e+00       4.09428e-02       3.30949e+00
  239  4.78e-04      4.93424e+00       4.66874e-02       3.30505e+00
  240  4.80e-04      4.91677e+00       4.78655e-02       3.29380e+00
  241  4.82e-04      4.94678e+00       4.40360e-02       3.31253e+00
  242  4.84e-04      4.92774e+00       4.77598e-02       3.30108e+00
  243  4.86e-04      4.90964e+00       4.12496e-02       3.28684e+00
  244  4.88e-04      4.90518e+00       4.84410e-02       3.28627e+00
  245  4.90e-04      4.91621e+00       3.94400e-02       3.29062e+00
  246  4.92e-04      4.88944e+00       4.12575e-02       3.27338e+00
  247  4.94e-04      4.90016e+00       4.31748e-02       3.28117e+00
  248  4.96e-04      4.89919e+00       4.39775e-02       3.28079e+00
  249  4.98e-04      4.89069e+00       4.83383e-02       3.27657e+00
  250  5.00e-04      4.87606e+00       4.43533e-02       3.26549e+00
  251  5.02e-04      4.86512e+00       4.45449e-02       3.25826e+00
  252  5.04e-04      4.87207e+00       4.43457e-02       3.26283e+00
  253  5.06e-04      4.84874e+00       4.07850e-02       3.24609e+00
  254  5.08e-04      4.84122e+00       4.61467e-02       3.24286e+00
  255  5.10e-04      4.83130e+00       4.83706e-02       3.23699e+00
  256  5.12e-04      4.84220e+00       5.22451e-02       3.24555e+00
  257  5.14e-04      4.84640e+00       4.37595e-02       3.24552e+00
  258  5.16e-04      4.81600e+00       5.05653e-02       3.22752e+00
  259  5.18e-04      4.81209e+00       5.23923e-02       3.22552e+00
  260  5.20e-04      4.82084e+00       4.36484e-02       3.22844e+00
  261  5.22e-04      4.81503e+00       5.25180e-02       3.22752e+00
  262  5.24e-04      4.80738e+00       4.94091e-02       3.22139e+00
  263  5.26e-04      4.81245e+00       4.09269e-02       3.22194e+00
  264  5.28e-04      4.79848e+00       4.52762e-02       3.21408e+00
  265  5.30e-04      4.79616e+00       4.07141e-02       3.21101e+00
  266  5.32e-04      4.80134e+00       4.52556e-02       3.21598e+00
  267  5.34e-04      4.81524e+00       5.23941e-02       3.22762e+00
  268  5.36e-04      4.79182e+00       5.45004e-02       3.21272e+00
  269  5.38e-04      4.79320e+00       4.64388e-02       3.21095e+00
  270  5.40e-04      4.79085e+00       4.69047e-02       3.20953e+00
  271  5.42e-04      4.79260e+00       4.68046e-02       3.21067e+00
  272  5.44e-04      4.80395e+00       3.83616e-02       3.21542e+00
  273  5.46e-04      4.80262e+00       5.33994e-02       3.21955e+00
  274  5.48e-04      4.79653e+00       4.64128e-02       3.21316e+00
  275  5.50e-04      4.81120e+00       4.91655e-02       3.22386e+00
  276  5.52e-04      4.79382e+00       4.93168e-02       3.21232e+00
  277  5.54e-04      4.79893e+00       5.13753e-02       3.21641e+00
  278  5.56e-04      4.81185e+00       4.39739e-02       3.22256e+00
  279  5.58e-04      4.78923e+00       5.62981e-02       3.21158e+00
  280  5.60e-04      4.79643e+00       4.38119e-02       3.21222e+00
  281  5.62e-04      4.81598e+00       5.67019e-02       3.22956e+00
  282  5.64e-04      4.81216e+00       4.81038e-02       3.22414e+00
  283  5.66e-04      4.79785e+00       5.60581e-02       3.21725e+00
  284  5.68e-04      4.80238e+00       5.28538e-02       3.21920e+00
  285  5.70e-04      4.79528e+00       5.02913e-02       3.21362e+00
  286  5.72e-04      4.78238e+00       5.43827e-02       3.20638e+00
  287  5.74e-04      4.78705e+00       5.04677e-02       3.20819e+00
  288  5.76e-04      4.80481e+00       6.12407e-02       3.22362e+00
  289  5.78e-04      4.79943e+00       4.81705e-02       3.21567e+00
  290  5.80e-04      4.79833e+00       5.63256e-02       3.21766e+00
  291  5.82e-04      4.82122e+00       5.64840e-02       3.23297e+00
  292  5.84e-04      4.79490e+00       5.11316e-02       3.21365e+00
  293  5.86e-04      4.80114e+00       6.33959e-02       3.22189e+00
  294  5.88e-04      4.80408e+00       5.21282e-02       3.22010e+00
  295  5.90e-04      4.81665e+00       5.72515e-02       3.23018e+00
  296  5.92e-04      4.78785e+00       5.45440e-02       3.21008e+00
  297  5.94e-04      4.79012e+00       5.84195e-02       3.21289e+00
  298  5.96e-04      4.78490e+00       5.59257e-02       3.20858e+00
  299  5.98e-04      4.79558e+00       5.64096e-02       3.21586e+00
  300  6.00e-04      4.77877e+00       6.12135e-02       3.20625e+00
  301  6.02e-04      4.76252e+00       5.28545e-02       3.19263e+00
  302  6.04e-04      4.76804e+00       5.52227e-02       3.19710e+00
  303  6.06e-04      4.74987e+00       6.24274e-02       3.18739e+00
  304  6.08e-04      4.75030e+00       5.78405e-02       3.18615e+00
  305  6.10e-04      4.75232e+00       6.16541e-02       3.18876e+00
  306  6.12e-04      4.73281e+00       5.85088e-02       3.17471e+00
  307  6.14e-04      4.73007e+00       5.18722e-02       3.17067e+00
  308  6.16e-04      4.72248e+00       6.47877e-02       3.16992e+00
  309  6.18e-04      4.71463e+00       5.50522e-02       3.16144e+00
  310  6.20e-04      4.72793e+00       6.38623e-02       3.17324e+00
  311  6.22e-04      4.71390e+00       5.83252e-02       3.16204e+00
  312  6.24e-04      4.69036e+00       5.89453e-02       3.14656e+00
  313  6.26e-04      4.70552e+00       5.51280e-02       3.15539e+00
  314  6.28e-04      4.70010e+00       5.60757e-02       3.15209e+00
  315  6.30e-04      4.71110e+00       5.65178e-02       3.15957e+00
  316  6.32e-04      4.68403e+00       4.75975e-02       3.13855e+00
  317  6.34e-04      4.70111e+00       6.46718e-02       3.15563e+00
  318  6.36e-04      4.70645e+00       5.21046e-02       3.15500e+00
  319  6.38e-04      4.70050e+00       5.15260e-02       3.15084e+00
  320  6.40e-04      4.69339e+00       5.72789e-02       3.14802e+00
  321  6.42e-04      4.67969e+00       6.57902e-02       3.14172e+00
  322  6.44e-04      4.69607e+00       6.90781e-02       3.15374e+00
  323  6.46e-04      4.68813e+00       6.88760e-02       3.14838e+00
  324  6.48e-04      4.68506e+00       6.53359e-02       3.14515e+00
  325  6.50e-04      4.69053e+00       5.46716e-02       3.14525e+00
  326  6.52e-04      4.68812e+00       5.61805e-02       3.14414e+00
  327  6.54e-04      4.69017e+00       5.19186e-02       3.14409e+00
  328  6.56e-04      4.68884e+00       5.78324e-02       3.14517e+00
  329  6.58e-04      4.67985e+00       5.63527e-02       3.13868e+00
  330  6.60e-04      4.67590e+00       6.56027e-02       3.13913e+00
  331  6.62e-04      4.65579e+00       6.15015e-02       3.12436e+00
  332  6.64e-04      4.64151e+00       6.52881e-02       3.11610e+00
  333  6.66e-04      4.65804e+00       6.79448e-02       3.12801e+00
  334  6.68e-04      4.64648e+00       7.14579e-02       3.12148e+00
  335  6.70e-04      4.63645e+00       6.87027e-02       3.11387e+00
  336  6.72e-04      4.62885e+00       5.36163e-02       3.10377e+00
  337  6.74e-04      4.63115e+00       6.92968e-02       3.11054e+00
  338  6.76e-04      4.62670e+00       5.57767e-02       3.10306e+00
  339  6.78e-04      4.61824e+00       5.98160e-02       3.09877e+00
  340  6.80e-04      4.61021e+00       6.92634e-02       3.09656e+00
  341  6.82e-04      4.59340e+00       4.81696e-02       3.07833e+00
  342  6.84e-04      4.57399e+00       6.80618e-02       3.07201e+00
  343  6.86e-04      4.57558e+00       6.06520e-02       3.07061e+00
  344  6.88e-04      4.57556e+00       6.89691e-02       3.07336e+00
  345  6.90e-04      4.56701e+00       6.38498e-02       3.06595e+00
  346  6.92e-04      4.57890e+00       6.82682e-02       3.07536e+00
  347  6.94e-04      4.57719e+00       6.88337e-02       3.07441e+00
  348  6.96e-04      4.55530e+00       6.40457e-02       3.05822e+00
  349  6.98e-04      4.54397e+00       6.68713e-02       3.05160e+00
  350  7.00e-04      4.56590e+00       5.92192e-02       3.06367e+00
  351  7.02e-04      4.55544e+00       6.30698e-02       3.05798e+00
  352  7.04e-04      4.54874e+00       6.79415e-02       3.05514e+00
  353  7.06e-04      4.55709e+00       5.77319e-02       3.05731e+00
  354  7.08e-04      4.55106e+00       6.99646e-02       3.05736e+00
  355  7.10e-04      4.54982e+00       6.22862e-02       3.05398e+00
  356  7.12e-04      4.56524e+00       7.02512e-02       3.06691e+00
  357  7.14e-04      4.56419e+00       6.37787e-02       3.06406e+00
  358  7.16e-04      4.55886e+00       6.14686e-02       3.05973e+00
  359  7.18e-04      4.55242e+00       6.50320e-02       3.05662e+00
  360  7.20e-04      4.56745e+00       6.10836e-02       3.06533e+00
  361  7.22e-04      4.57587e+00       7.63453e-02       3.07603e+00
  362  7.24e-04      4.57183e+00       4.93610e-02       3.06434e+00
  363  7.26e-04      4.58444e+00       6.53289e-02       3.07807e+00
  364  7.28e-04      4.57451e+00       6.79051e-02       3.07231e+00
  365  7.30e-04      4.59662e+00       6.34220e-02       3.08555e+00
  366  7.32e-04      4.59628e+00       6.23739e-02       3.08498e+00
  367  7.34e-04      4.60619e+00       6.87345e-02       3.09371e+00
  368  7.36e-04      4.59231e+00       4.95433e-02       3.07806e+00
  369  7.38e-04      4.59424e+00       5.78320e-02       3.08210e+00
  370  7.40e-04      4.59985e+00       7.01534e-02       3.08995e+00
  371  7.42e-04      4.57839e+00       5.85937e-02       3.07179e+00
  372  7.44e-04      4.58714e+00       6.52650e-02       3.07985e+00
  373  7.46e-04      4.61825e+00       7.16218e-02       3.10271e+00
  374  7.48e-04      4.60592e+00       5.86379e-02       3.09016e+00
  375  7.50e-04      4.57438e+00       6.51437e-02       3.07130e+00
  376  7.52e-04      4.59003e+00       6.70199e-02       3.08236e+00
  377  7.54e-04      4.60134e+00       6.03373e-02       3.08767e+00
  378  7.56e-04      4.58938e+00       7.00578e-02       3.08294e+00
  379  7.58e-04      4.60636e+00       6.08672e-02       3.09120e+00
  380  7.60e-04      4.60363e+00       4.59241e-02       3.08440e+00
  381  7.62e-04      4.57640e+00       6.42199e-02       3.07234e+00
  382  7.64e-04      4.56445e+00       5.86634e-02       3.06252e+00
  383  7.66e-04      4.57570e+00       6.69890e-02       3.07280e+00
  384  7.68e-04      4.55970e+00       7.92121e-02       3.06620e+00
  385  7.70e-04      4.54309e+00       6.74387e-02       3.05121e+00
  386  7.72e-04      4.54241e+00       6.95715e-02       3.05147e+00
  387  7.74e-04      4.54720e+00       7.39840e-02       3.05613e+00
  388  7.76e-04      4.53720e+00       6.14319e-02       3.04528e+00
  389  7.78e-04      4.55651e+00       6.32030e-02       3.05874e+00
  390  7.80e-04      4.54833e+00       6.87118e-02       3.05512e+00
  391  7.82e-04      4.55546e+00       5.37062e-02       3.05487e+00
  392  7.84e-04      4.57025e+00       6.66774e-02       3.06906e+00
  393  7.86e-04      4.55988e+00       6.67568e-02       3.06217e+00
  394  7.88e-04      4.57432e+00       6.93508e-02       3.07266e+00
  395  7.90e-04      4.58300e+00       6.58439e-02       3.07728e+00
  396  7.92e-04      4.58304e+00       7.63015e-02       3.08079e+00
  397  7.94e-04      4.59065e+00       6.58969e-02       3.08240e+00
  398  7.96e-04      4.57843e+00       6.34986e-02       3.07345e+00
  399  7.98e-04      4.57848e+00       7.30622e-02       3.07667e+00
  400  8.00e-04      4.58355e+00       6.34674e-02       3.07686e+00
  401  8.02e-04      4.58359e+00       7.75439e-02       3.08157e+00
  402  8.04e-04      4.58095e+00       5.21076e-02       3.07133e+00
  403  8.06e-04      4.57368e+00       7.93988e-02       3.07558e+00
  404  8.08e-04      4.57387e+00       6.96740e-02       3.07247e+00
  405  8.10e-04      4.57536e+00       7.06823e-02       3.07380e+00
  406  8.12e-04      4.57687e+00       6.72338e-02       3.07366e+00
  407  8.14e-04      4.57994e+00       6.09018e-02       3.07359e+00
  408  8.16e-04      4.58467e+00       7.35327e-02       3.08096e+00
  409  8.18e-04      4.57950e+00       6.55801e-02       3.07486e+00
  410  8.20e-04      4.56784e+00       7.04054e-02       3.06869e+00
  411  8.22e-04      4.57703e+00       6.70722e-02       3.07371e+00
  412  8.24e-04      4.57611e+00       7.67494e-02       3.07632e+00
  413  8.26e-04      4.57612e+00       7.05301e-02       3.07426e+00
  414  8.28e-04      4.57665e+00       6.05178e-02       3.07127e+00
  415  8.30e-04      4.56556e+00       7.42658e-02       3.06846e+00
  416  8.32e-04      4.56869e+00       6.79765e-02       3.06845e+00
  417  8.34e-04      4.56564e+00       8.09824e-02       3.07075e+00
  418  8.36e-04      4.58360e+00       6.49144e-02       3.07737e+00
  419  8.38e-04      4.56021e+00       6.84222e-02       3.06295e+00
  420  8.40e-04      4.54340e+00       8.06159e-02       3.05581e+00
  421  8.42e-04      4.55308e+00       6.87049e-02       3.05829e+00
  422  8.44e-04      4.54463e+00       6.87048e-02       3.05265e+00
  423  8.46e-04      4.54331e+00       7.12365e-02       3.05262e+00
  424  8.48e-04      4.54107e+00       7.30768e-02       3.05174e+00
  425  8.50e-04      4.52700e+00       6.42671e-02       3.03943e+00
  426  8.52e-04      4.52168e+00       7.86231e-02       3.04066e+00
  427  8.54e-04      4.53508e+00       7.14787e-02       3.04721e+00
  428  8.56e-04      4.51718e+00       7.78100e-02       3.03739e+00
  429  8.58e-04      4.52766e+00       6.55684e-02       3.04030e+00
  430  8.60e-04      4.52203e+00       6.40629e-02       3.03604e+00
  431  8.62e-04      4.52959e+00       7.16279e-02       3.04360e+00
  432  8.64e-04      4.53147e+00       6.96280e-02       3.04419e+00
  433  8.66e-04      4.53208e+00       7.40548e-02       3.04607e+00
  434  8.68e-04      4.52384e+00       6.88853e-02       3.03886e+00
  435  8.70e-04      4.52331e+00       5.98942e-02       3.03551e+00
  436  8.72e-04      4.51917e+00       7.00962e-02       3.03615e+00
  437  8.74e-04      4.49972e+00       6.72442e-02       3.02223e+00
  438  8.76e-04      4.53102e+00       7.25185e-02       3.04485e+00
  439  8.78e-04      4.51879e+00       7.59458e-02       3.03784e+00
  440  8.80e-04      4.52030e+00       6.93751e-02       3.03666e+00
  441  8.82e-04      4.51840e+00       6.41319e-02       3.03364e+00
  442  8.84e-04      4.51947e+00       6.78226e-02       3.03559e+00
  443  8.86e-04      4.50523e+00       6.58942e-02       3.02545e+00
  444  8.88e-04      4.50320e+00       5.56943e-02       3.02070e+00
  445  8.90e-04      4.50925e+00       7.88335e-02       3.03244e+00
  446  8.92e-04      4.51161e+00       6.07117e-02       3.02798e+00
  447  8.94e-04      4.50728e+00       7.34476e-02       3.02934e+00
  448  8.96e-04      4.51510e+00       8.23637e-02       3.03752e+00
  449  8.98e-04      4.51784e+00       5.84252e-02       3.03137e+00
  450  9.00e-04      4.49599e+00       8.00570e-02       3.02401e+00
  451  9.02e-04      4.50347e+00       7.95968e-02       3.02884e+00
  452  9.04e-04      4.49471e+00       6.13395e-02       3.01692e+00
  453  9.06e-04      4.48551e+00       7.12276e-02       3.01408e+00
  454  9.08e-04      4.49852e+00       7.66613e-02       3.02456e+00
  455  9.10e-04      4.50655e+00       6.89730e-02       3.02736e+00
  456  9.12e-04      4.50921e+00       7.09729e-02       3.02980e+00
  457  9.14e-04      4.50824e+00       7.64834e-02       3.03099e+00
  458  9.16e-04      4.50026e+00       6.02372e-02       3.02025e+00
  459  9.18e-04      4.49422e+00       7.65421e-02       3.02166e+00
  460  9.20e-04      4.47486e+00       8.76722e-02       3.01246e+00
  461  9.22e-04      4.47445e+00       7.09731e-02       3.00662e+00
  462  9.24e-04      4.49386e+00       6.68076e-02       3.01817e+00
  463  9.26e-04      4.46586e+00       7.72877e-02       3.00301e+00
  464  9.28e-04      4.46167e+00       7.76142e-02       3.00032e+00
  465  9.30e-04      4.46928e+00       7.74797e-02       3.00535e+00
  466  9.32e-04      4.47687e+00       7.58309e-02       3.00985e+00
  467  9.34e-04      4.46218e+00       7.76613e-02       3.00067e+00
  468  9.36e-04      4.45541e+00       8.42020e-02       2.99834e+00
  469  9.38e-04      4.47796e+00       6.82001e-02       3.00804e+00
  470  9.40e-04      4.48045e+00       7.19759e-02       3.01096e+00
  471  9.42e-04      4.49006e+00       8.07258e-02       3.02028e+00
  472  9.44e-04      4.48079e+00       7.41149e-02       3.01190e+00
  473  9.46e-04      4.48401e+00       8.08687e-02       3.01629e+00
  474  9.48e-04      4.47738e+00       7.43999e-02       3.00972e+00
  475  9.50e-04      4.47523e+00       7.52789e-02       3.00858e+00
  476  9.52e-04      4.46836e+00       7.90934e-02       3.00527e+00
  477  9.54e-04      4.45855e+00       8.34638e-02       3.00019e+00
  478  9.56e-04      4.44849e+00       7.65451e-02       2.99118e+00
  479  9.58e-04      4.45312e+00       7.99481e-02       2.99540e+00
  480  9.60e-04      4.44151e+00       9.02824e-02       2.99110e+00
  481  9.62e-04      4.43531e+00       7.07830e-02       2.98047e+00
  482  9.64e-04      4.42544e+00       8.14565e-02       2.97745e+00
  483  9.66e-04      4.42259e+00       8.86640e-02       2.97795e+00
  484  9.68e-04      4.42187e+00       6.96373e-02       2.97113e+00
  485  9.70e-04      4.43230e+00       8.14235e-02       2.98201e+00
  486  9.72e-04      4.43092e+00       7.38977e-02       2.97858e+00
  487  9.74e-04      4.43109e+00       8.65810e-02       2.98292e+00
  488  9.76e-04      4.44771e+00       7.64836e-02       2.99064e+00
  489  9.78e-04      4.44067e+00       8.60279e-02       2.98912e+00
  490  9.80e-04      4.42474e+00       8.35559e-02       2.97768e+00
  491  9.82e-04      4.42270e+00       7.78639e-02       2.97442e+00
  492  9.84e-04      4.42773e+00       8.39856e-02       2.97982e+00
  493  9.86e-04      4.42074e+00       7.77024e-02       2.97306e+00
  494  9.88e-04      4.41154e+00       9.68113e-02       2.97330e+00
  495  9.90e-04      4.42252e+00       7.76888e-02       2.97424e+00
  496  9.92e-04      4.41541e+00       7.52095e-02       2.96867e+00
  497  9.94e-04      4.42617e+00       7.56826e-02       2.97601e+00
  498  9.96e-04      4.41160e+00       8.47656e-02       2.96932e+00
  499  9.98e-04      4.41201e+00       9.29674e-02       2.97233e+00
  500  1.00e-03      4.39987e+00       9.41244e-02       2.96462e+00
  501  1.00e-03      4.39891e+00       8.17776e-02       2.95986e+00
  502  1.00e-03      4.40372e+00       8.85318e-02       2.96533e+00
  503  1.01e-03      4.40331e+00       9.06885e-02       2.96577e+00
  504  1.01e-03      4.40409e+00       8.98324e-02       2.96600e+00
  505  1.01e-03      4.39319e+00       8.60613e-02       2.95748e+00
  506  1.01e-03      4.39147e+00       8.71768e-02       2.95671e+00
  507  1.01e-03      4.39556e+00       8.33738e-02       2.95816e+00
  508  1.02e-03      4.40397e+00       9.11216e-02       2.96635e+00
  509  1.02e-03      4.38998e+00       8.74072e-02       2.95579e+00
  510  1.02e-03      4.37599e+00       8.26771e-02       2.94489e+00
  511  1.02e-03      4.40354e+00       9.69307e-02       2.96800e+00
  512  1.02e-03      4.40987e+00       9.27169e-02       2.97082e+00
  513  1.03e-03      4.40693e+00       7.99909e-02       2.96462e+00
  514  1.03e-03      4.39895e+00       9.59294e-02       2.96461e+00
  515  1.03e-03      4.37415e+00       8.89901e-02       2.94576e+00
  516  1.03e-03      4.38608e+00       1.05883e-01       2.95935e+00
  517  1.03e-03      4.39273e+00       9.96477e-02       2.96170e+00
  518  1.04e-03      4.37123e+00       7.43469e-02       2.93894e+00
  519  1.04e-03      4.34998e+00       9.12310e-02       2.93040e+00
  520  1.04e-03      4.36099e+00       9.08210e-02       2.93760e+00
  521  1.04e-03      4.36323e+00       9.56075e-02       2.94069e+00
  522  1.04e-03      4.35253e+00       8.36249e-02       2.92956e+00
  523  1.05e-03      4.33149e+00       1.00729e-01       2.92123e+00
  524  1.05e-03      4.33424e+00       9.42286e-02       2.92090e+00
  525  1.05e-03      4.33344e+00       8.98863e-02       2.91892e+00
  526  1.05e-03      4.34159e+00       8.81312e-02       2.92377e+00
  527  1.05e-03      4.33845e+00       9.96472e-02       2.92551e+00
  528  1.06e-03      4.32924e+00       1.00432e-01       2.91964e+00
  529  1.06e-03      4.31696e+00       1.04192e-01       2.91270e+00
  530  1.06e-03      4.33653e+00       9.80439e-02       2.92370e+00
  531  1.06e-03      4.32474e+00       9.58134e-02       2.91510e+00
  532  1.06e-03      4.29437e+00       9.52672e-02       2.89467e+00
  533  1.07e-03      4.30296e+00       8.56344e-02       2.89718e+00
  534  1.07e-03      4.30013e+00       1.00987e-01       2.90041e+00
  535  1.07e-03      4.30047e+00       9.31518e-02       2.89803e+00
  536  1.07e-03      4.30056e+00       9.67846e-02       2.89930e+00
  537  1.07e-03      4.30667e+00       8.31800e-02       2.89884e+00
  538  1.08e-03      4.30934e+00       1.04617e-01       2.90776e+00
  539  1.08e-03      4.31694e+00       1.03302e-01       2.91240e+00
  540  1.08e-03      4.31408e+00       8.73853e-02       2.90518e+00
  541  1.08e-03      4.30548e+00       1.08201e-01       2.90639e+00
  542  1.08e-03      4.29381e+00       8.76455e-02       2.89176e+00
  543  1.09e-03      4.31061e+00       9.22466e-02       2.90449e+00
  544  1.09e-03      4.31427e+00       1.16877e-01       2.91514e+00
  545  1.09e-03      4.29299e+00       7.54196e-02       2.88713e+00
  546  1.09e-03      4.30826e+00       1.06811e-01       2.90777e+00
  547  1.09e-03      4.32397e+00       9.67058e-02       2.91488e+00
  548  1.10e-03      4.31699e+00       9.48881e-02       2.90962e+00
  549  1.10e-03      4.30590e+00       8.02684e-02       2.89735e+00
  550  1.10e-03      4.30085e+00       1.13088e-01       2.90493e+00
  551  1.10e-03      4.30002e+00       8.99886e-02       2.89667e+00
  552  1.10e-03      4.30800e+00       7.65778e-02       2.89753e+00
  553  1.11e-03      4.30698e+00       1.07045e-01       2.90700e+00
  554  1.11e-03      4.29259e+00       9.16464e-02       2.89227e+00
  555  1.11e-03      4.31134e+00       1.02584e-01       2.90842e+00
  556  1.11e-03      4.32338e+00       1.09684e-01       2.91882e+00
  557  1.11e-03      4.32625e+00       9.03218e-02       2.91427e+00
  558  1.12e-03      4.32577e+00       9.15015e-02       2.91435e+00
  559  1.12e-03      4.33374e+00       9.70895e-02       2.92152e+00
  560  1.12e-03      4.32575e+00       9.01378e-02       2.91388e+00
  561  1.12e-03      4.31758e+00       1.00327e-01       2.91183e+00
  562  1.12e-03      4.32261e+00       7.83892e-02       2.90787e+00
  563  1.13e-03      4.33161e+00       1.00866e-01       2.92136e+00
  564  1.13e-03      4.32709e+00       1.06451e-01       2.92021e+00
  565  1.13e-03      4.31732e+00       1.00126e-01       2.91159e+00
  566  1.13e-03      4.31226e+00       9.81155e-02       2.90754e+00
  567  1.13e-03      4.31341e+00       1.08643e-01       2.91182e+00
  568  1.14e-03      4.30981e+00       8.57703e-02       2.90180e+00
  569  1.14e-03      4.29626e+00       9.12762e-02       2.89460e+00
  570  1.14e-03      4.29225e+00       8.74147e-02       2.89064e+00
  571  1.14e-03      4.28444e+00       9.53684e-02       2.88808e+00
  572  1.14e-03      4.28044e+00       9.44724e-02       2.88512e+00
  573  1.15e-03      4.28658e+00       1.01971e-01       2.89171e+00
  574  1.15e-03      4.29643e+00       8.62695e-02       2.89305e+00
  575  1.15e-03      4.30307e+00       1.03908e-01       2.90335e+00
  576  1.15e-03      4.29913e+00       1.02922e-01       2.90039e+00
  577  1.15e-03      4.31557e+00       9.93222e-02       2.91015e+00
  578  1.16e-03      4.31620e+00       1.03079e-01       2.91183e+00
  579  1.16e-03      4.32672e+00       9.12510e-02       2.91490e+00
  580  1.16e-03      4.32860e+00       1.11667e-01       2.92295e+00
  581  1.16e-03      4.33152e+00       8.37671e-02       2.91560e+00
  582  1.16e-03      4.31068e+00       8.76389e-02       2.90300e+00
  583  1.17e-03      4.32231e+00       1.17137e-01       2.92058e+00
  584  1.17e-03      4.31991e+00       8.90841e-02       2.90963e+00
  585  1.17e-03      4.33030e+00       9.70982e-02       2.91923e+00
  586  1.17e-03      4.33323e+00       1.10949e-01       2.92580e+00
  587  1.17e-03      4.33544e+00       1.11573e-01       2.92748e+00
  588  1.18e-03      4.32740e+00       8.75606e-02       2.91412e+00
  589  1.18e-03      4.32333e+00       1.04053e-01       2.91691e+00
  590  1.18e-03      4.31278e+00       1.14670e-01       2.91341e+00
  591  1.18e-03      4.32471e+00       9.08304e-02       2.91342e+00
  592  1.18e-03      4.32077e+00       1.07490e-01       2.91634e+00
  593  1.19e-03      4.30116e+00       9.98285e-02       2.90072e+00
  594  1.19e-03      4.31625e+00       9.68965e-02       2.90980e+00
  595  1.19e-03      4.33833e+00       1.03725e-01       2.92680e+00
  596  1.19e-03      4.31234e+00       9.57928e-02       2.90682e+00
  597  1.19e-03      4.32162e+00       1.06352e-01       2.91653e+00
  598  1.20e-03      4.32144e+00       1.07313e-01       2.91673e+00
  599  1.20e-03      4.32345e+00       9.75808e-02       2.91483e+00
  600  1.20e-03      4.31532e+00       1.05987e-01       2.91221e+00
  601  1.20e-03      4.31316e+00       8.37667e-02       2.90336e+00
  602  1.20e-03      4.30895e+00       1.06227e-01       2.90804e+00
  603  1.21e-03      4.30486e+00       1.02464e-01       2.90406e+00
  604  1.21e-03      4.29755e+00       8.68613e-02       2.89399e+00
  605  1.21e-03      4.31598e+00       1.10659e-01       2.91421e+00
  606  1.21e-03      4.29348e+00       1.12111e-01       2.89969e+00
  607  1.21e-03      4.29555e+00       1.10231e-01       2.90044e+00
  608  1.22e-03      4.31179e+00       9.71203e-02       2.90690e+00
  609  1.22e-03      4.29791e+00       1.14413e-01       2.90341e+00
  610  1.22e-03      4.29159e+00       9.71333e-02       2.89344e+00
  611  1.22e-03      4.28668e+00       1.00325e-01       2.89123e+00
  612  1.22e-03      4.28254e+00       9.04470e-02       2.88518e+00
  613  1.23e-03      4.28476e+00       9.79560e-02       2.88916e+00
  614  1.23e-03      4.28772e+00       1.05093e-01       2.89351e+00
  615  1.23e-03      4.27980e+00       9.44731e-02       2.88469e+00
  616  1.23e-03      4.27043e+00       1.16469e-01       2.88577e+00
  617  1.23e-03      4.26575e+00       1.15505e-01       2.88233e+00
  618  1.24e-03      4.26573e+00       8.95259e-02       2.87366e+00
  619  1.24e-03      4.25338e+00       1.20257e-01       2.87567e+00
  620  1.24e-03      4.27204e+00       1.23506e-01       2.88920e+00
  621  1.24e-03      4.25915e+00       9.33554e-02       2.87055e+00
  622  1.24e-03      4.25975e+00       1.09523e-01       2.87634e+00
  623  1.25e-03      4.26187e+00       9.63738e-02       2.87337e+00
  624  1.25e-03      4.24291e+00       8.89433e-02       2.85825e+00
  625  1.25e-03      4.24779e+00       1.20531e-01       2.87204e+00
  626  1.25e-03      4.25334e+00       1.14811e-01       2.87383e+00
  627  1.25e-03      4.25564e+00       1.11075e-01       2.87412e+00
  628  1.26e-03      4.25669e+00       1.20444e-01       2.87794e+00
  629  1.26e-03      4.25338e+00       1.04368e-01       2.87037e+00
  630  1.26e-03      4.26137e+00       1.05864e-01       2.87620e+00
  631  1.26e-03      4.26435e+00       1.12715e-01       2.88047e+00
  632  1.26e-03      4.24499e+00       1.09508e-01       2.86649e+00
  633  1.27e-03      4.24786e+00       8.49105e-02       2.86021e+00
  634  1.27e-03      4.26405e+00       1.19110e-01       2.88241e+00
  635  1.27e-03      4.25162e+00       9.85396e-02       2.86726e+00
  636  1.27e-03      4.24791e+00       1.06265e-01       2.86736e+00
  637  1.27e-03      4.25026e+00       1.19324e-01       2.87328e+00
  638  1.28e-03      4.25720e+00       1.10798e-01       2.87507e+00
  639  1.28e-03      4.23852e+00       1.18425e-01       2.86516e+00
  640  1.28e-03      4.26253e+00       1.02250e-01       2.87577e+00
  641  1.28e-03      4.27154e+00       1.06426e-01       2.88317e+00
  642  1.28e-03      4.26013e+00       1.02146e-01       2.87414e+00
  643  1.29e-03      4.25790e+00       1.15519e-01       2.87711e+00
  644  1.29e-03      4.27442e+00       1.23893e-01       2.89091e+00
  645  1.29e-03      4.25716e+00       8.96071e-02       2.86797e+00
  646  1.29e-03      4.26350e+00       1.18462e-01       2.88182e+00
  647  1.29e-03      4.28324e+00       1.09683e-01       2.89205e+00
  648  1.30e-03      4.28665e+00       1.05692e-01       2.89299e+00
  649  1.30e-03      4.27196e+00       1.22869e-01       2.88893e+00
  650  1.30e-03      4.26807e+00       9.48948e-02       2.87701e+00
  651  1.30e-03      4.29665e+00       1.02567e-01       2.89862e+00
  652  1.30e-03      4.31106e+00       1.06474e-01       2.90953e+00
  653  1.31e-03      4.30206e+00       1.15157e-01       2.90642e+00
  654  1.31e-03      4.31725e+00       1.18134e-01       2.91755e+00
  655  1.31e-03      4.30915e+00       1.18640e-01       2.91231e+00
  656  1.31e-03      4.30591e+00       1.00765e-01       2.90420e+00
  657  1.31e-03      4.31745e+00       1.05088e-01       2.91333e+00
  658  1.32e-03      4.30213e+00       1.17347e-01       2.90721e+00
  659  1.32e-03      4.30315e+00       1.10261e-01       2.90552e+00
  660  1.32e-03      4.31056e+00       9.28740e-02       2.90466e+00
  661  1.32e-03      4.30373e+00       1.33131e-01       2.91353e+00
  662  1.32e-03      4.33341e+00       1.02420e-01       2.92308e+00
  663  1.33e-03      4.32252e+00       1.05613e-01       2.91689e+00
  664  1.33e-03      4.32599e+00       1.22964e-01       2.92498e+00
  665  1.33e-03      4.32147e+00       1.07616e-01       2.91685e+00
  666  1.33e-03      4.31797e+00       1.11828e-01       2.91592e+00
  667  1.33e-03      4.33379e+00       9.49406e-02       2.92084e+00
  668  1.34e-03      4.31349e+00       1.19231e-01       2.91540e+00
  669  1.34e-03      4.30764e+00       1.01463e-01       2.90558e+00
  670  1.34e-03      4.32254e+00       1.25428e-01       2.92350e+00
  671  1.34e-03      4.31310e+00       1.27399e-01       2.91787e+00
  672  1.34e-03      4.32182e+00       1.03646e-01       2.91576e+00
  673  1.35e-03      4.30904e+00       1.10220e-01       2.90944e+00
  674  1.35e-03      4.29753e+00       1.31736e-01       2.90893e+00
  675  1.35e-03      4.30197e+00       1.03435e-01       2.90246e+00
  676  1.35e-03      4.31758e+00       1.03095e-01       2.91275e+00
  677  1.35e-03      4.32283e+00       1.10275e-01       2.91865e+00
  678  1.36e-03      4.32162e+00       1.09111e-01       2.91745e+00
  679  1.36e-03      4.32849e+00       1.02444e-01       2.91981e+00
  680  1.36e-03      4.33767e+00       1.36527e-01       2.93729e+00
  681  1.36e-03      4.35074e+00       1.22621e-01       2.94136e+00
  682  1.36e-03      4.35418e+00       1.30607e-01       2.94632e+00
  683  1.37e-03      4.36328e+00       1.39805e-01       2.95545e+00
  684  1.37e-03      4.35631e+00       1.08088e-01       2.94024e+00
  685  1.37e-03      4.34767e+00       1.19450e-01       2.93826e+00
  686  1.37e-03      4.34523e+00       1.23665e-01       2.93804e+00
  687  1.37e-03      4.35511e+00       1.15090e-01       2.94177e+00
  688  1.38e-03      4.35095e+00       1.10692e-01       2.93753e+00
  689  1.38e-03      4.33796e+00       1.14907e-01       2.93028e+00
  690  1.38e-03      4.35483e+00       1.21845e-01       2.94384e+00
  691  1.38e-03      4.33982e+00       1.46769e-01       2.94214e+00
  692  1.38e-03      4.32346e+00       1.13295e-01       2.92007e+00
  693  1.39e-03      4.33992e+00       1.19343e-01       2.93306e+00
  694  1.39e-03      4.35082e+00       1.35847e-01       2.94583e+00
  695  1.39e-03      4.33510e+00       1.23239e-01       2.93115e+00
  696  1.39e-03      4.35071e+00       1.11820e-01       2.93775e+00
  697  1.39e-03      4.33560e+00       1.28580e-01       2.93326e+00
  698  1.40e-03      4.31892e+00       1.10711e-01       2.91618e+00
  699  1.40e-03      4.31623e+00       1.21584e-01       2.91801e+00
  700  1.40e-03      4.30469e+00       1.33670e-01       2.91435e+00
  701  1.40e-03      4.29594e+00       1.25062e-01       2.90564e+00
  702  1.40e-03      4.29897e+00       1.27784e-01       2.90857e+00
  703  1.41e-03      4.29515e+00       1.25848e-01       2.90538e+00
  704  1.41e-03      4.28451e+00       1.20298e-01       2.89644e+00
  705  1.41e-03      4.28400e+00       1.33880e-01       2.90063e+00
  706  1.41e-03      4.28571e+00       1.21748e-01       2.89772e+00
  707  1.41e-03      4.30375e+00       1.44790e-01       2.91743e+00
  708  1.42e-03      4.29310e+00       1.26770e-01       2.90432e+00
  709  1.42e-03      4.28763e+00       1.18823e-01       2.89803e+00
  710  1.42e-03      4.30072e+00       1.41666e-01       2.91437e+00
  711  1.42e-03      4.30642e+00       1.13540e-01       2.90879e+00
  712  1.42e-03      4.30158e+00       1.21174e-01       2.90811e+00
  713  1.43e-03      4.30263e+00       1.38770e-01       2.91468e+00
  714  1.43e-03      4.29655e+00       1.10916e-01       2.90134e+00
  715  1.43e-03      4.27760e+00       1.09695e-01       2.88830e+00
  716  1.43e-03      4.26577e+00       1.39723e-01       2.89042e+00
  717  1.43e-03      4.25267e+00       1.19204e-01       2.87485e+00
  718  1.44e-03      4.26405e+00       1.27648e-01       2.88525e+00
  719  1.44e-03      4.26503e+00       1.42218e-01       2.89076e+00
  720  1.44e-03      4.26780e+00       1.11682e-01       2.88243e+00
  721  1.44e-03      4.26135e+00       1.24391e-01       2.88236e+00
  722  1.44e-03      4.27239e+00       1.22029e-01       2.88894e+00
  723  1.45e-03      4.25108e+00       1.20314e-01       2.87416e+00
  724  1.45e-03      4.26122e+00       1.36547e-01       2.88633e+00
  725  1.45e-03      4.26383e+00       1.28208e-01       2.88529e+00
  726  1.45e-03      4.27082e+00       1.08053e-01       2.88323e+00
  727  1.45e-03      4.25557e+00       1.49623e-01       2.88692e+00
  728  1.46e-03      4.26414e+00       1.23362e-01       2.88388e+00
  729  1.46e-03      4.26280e+00       1.20222e-01       2.88194e+00
  730  1.46e-03      4.26456e+00       1.41120e-01       2.89008e+00
  731  1.46e-03      4.25210e+00       1.25739e-01       2.87664e+00
  732  1.46e-03      4.23609e+00       1.09028e-01       2.86041e+00
  733  1.47e-03      4.23202e+00       1.37818e-01       2.86729e+00
  734  1.47e-03      4.23150e+00       1.37275e-01       2.86676e+00
  735  1.47e-03      4.22491e+00       1.41726e-01       2.86385e+00
  736  1.47e-03      4.22569e+00       1.23595e-01       2.85833e+00
  737  1.47e-03      4.23291e+00       1.34081e-01       2.86663e+00
  738  1.48e-03      4.23524e+00       1.11269e-01       2.86058e+00
  739  1.48e-03      4.24715e+00       1.32837e-01       2.87571e+00
  740  1.48e-03      4.26266e+00       1.23464e-01       2.88293e+00
  741  1.48e-03      4.24568e+00       1.26617e-01       2.87266e+00
  742  1.48e-03      4.23271e+00       1.19286e-01       2.86157e+00
  743  1.49e-03      4.23714e+00       1.51059e-01       2.87511e+00
  744  1.49e-03      4.23537e+00       1.33323e-01       2.86802e+00
  745  1.49e-03      4.23805e+00       1.31195e-01       2.86910e+00
  746  1.49e-03      4.21933e+00       1.46257e-01       2.86164e+00
  747  1.49e-03      4.21408e+00       1.24213e-01       2.85079e+00
  748  1.50e-03      4.21647e+00       1.19858e-01       2.85093e+00
  749  1.50e-03      4.20916e+00       1.25902e-01       2.84808e+00
  750  1.50e-03      4.21245e+00       1.12663e-01       2.84585e+00
  751  1.50e-03      4.22890e+00       1.22256e-01       2.86002e+00
  752  1.50e-03      4.22871e+00       1.52319e-01       2.86991e+00
  753  1.51e-03      4.23234e+00       1.32840e-01       2.86584e+00
  754  1.51e-03      4.24536e+00       1.41693e-01       2.87747e+00
  755  1.51e-03      4.22908e+00       1.34322e-01       2.86416e+00
  756  1.51e-03      4.20914e+00       1.21491e-01       2.84659e+00
  757  1.51e-03      4.22995e+00       1.33863e-01       2.86459e+00
  758  1.52e-03      4.21141e+00       1.36726e-01       2.85318e+00
  759  1.52e-03      4.18992e+00       9.41768e-02       2.82467e+00
  760  1.52e-03      4.19207e+00       1.39166e-01       2.84110e+00
  761  1.52e-03      4.19707e+00       1.47319e-01       2.84715e+00
  762  1.52e-03      4.19171e+00       1.06858e-01       2.83009e+00
  763  1.53e-03      4.19109e+00       1.57193e-01       2.84646e+00
  764  1.53e-03      4.20702e+00       1.45097e-01       2.85304e+00
  765  1.53e-03      4.21044e+00       1.17415e-01       2.84610e+00
  766  1.53e-03      4.21921e+00       1.47584e-01       2.86200e+00
  767  1.53e-03      4.20900e+00       1.20503e-01       2.84617e+00
  768  1.54e-03      4.20873e+00       1.39242e-01       2.85224e+00
  769  1.54e-03      4.20477e+00       1.42032e-01       2.85052e+00
  770  1.54e-03      4.21601e+00       1.38364e-01       2.85679e+00
  771  1.54e-03      4.20905e+00       1.36047e-01       2.85138e+00
  772  1.54e-03      4.18001e+00       1.47007e-01       2.83567e+00
  773  1.55e-03      4.20131e+00       1.49320e-01       2.85065e+00
  774  1.55e-03      4.21594e+00       1.30295e-01       2.85406e+00
  775  1.55e-03      4.20743e+00       1.49838e-01       2.85490e+00
  776  1.55e-03      4.19923e+00       1.03817e-01       2.83409e+00
  777  1.55e-03      4.20872e+00       1.27724e-01       2.84839e+00
  778  1.56e-03      4.20297e+00       1.34597e-01       2.84685e+00
  779  1.56e-03      4.21956e+00       1.16007e-01       2.85171e+00
  780  1.56e-03      4.20397e+00       1.72425e-01       2.86012e+00
  781  1.56e-03      4.21555e+00       1.23379e-01       2.85149e+00
  782  1.56e-03      4.20529e+00       1.53272e-01       2.85462e+00
  783  1.57e-03      4.19291e+00       1.29114e-01       2.83831e+00
  784  1.57e-03      4.22191e+00       1.44905e-01       2.86291e+00
  785  1.57e-03      4.22836e+00       1.38257e-01       2.86499e+00
  786  1.57e-03      4.19858e+00       1.19844e-01       2.83900e+00
  787  1.57e-03      4.19158e+00       1.36053e-01       2.83974e+00
  788  1.58e-03      4.19857e+00       1.37259e-01       2.84480e+00
  789  1.58e-03      4.18402e+00       1.22197e-01       2.83008e+00
  790  1.58e-03      4.18847e+00       1.50571e-01       2.84250e+00
  791  1.58e-03      4.17899e+00       1.44416e-01       2.83413e+00
  792  1.58e-03      4.15793e+00       1.30808e-01       2.81556e+00
  793  1.59e-03      4.17996e+00       1.20279e-01       2.82673e+00
  794  1.59e-03      4.18593e+00       1.60810e-01       2.84422e+00
  795  1.59e-03      4.16821e+00       1.16246e-01       2.81756e+00
  796  1.59e-03      4.16006e+00       1.39256e-01       2.81979e+00
  797  1.59e-03      4.16767e+00       1.47450e-01       2.82759e+00
  798  1.60e-03      4.16153e+00       1.29898e-01       2.81765e+00
  799  1.60e-03      4.15362e+00       1.52033e-01       2.81976e+00
  800  1.60e-03      4.15465e+00       1.60835e-01       2.82338e+00
  801  1.60e-03      4.14294e+00       1.15277e-01       2.80038e+00
  802  1.60e-03      4.14398e+00       1.47159e-01       2.81171e+00
  803  1.61e-03      4.13758e+00       1.26396e-01       2.80052e+00
  804  1.61e-03      4.14350e+00       1.40437e-01       2.80915e+00
  805  1.61e-03      4.16918e+00       1.23590e-01       2.82065e+00
  806  1.61e-03      4.16301e+00       1.34613e-01       2.82021e+00
  807  1.61e-03      4.15123e+00       1.41101e-01       2.81452e+00
  808  1.62e-03      4.16479e+00       1.23395e-01       2.81766e+00
  809  1.62e-03      4.17097e+00       1.60505e-01       2.83415e+00
  810  1.62e-03      4.16783e+00       1.26590e-01       2.82075e+00
  811  1.62e-03      4.14891e+00       1.41822e-01       2.81321e+00
  812  1.62e-03      4.17489e+00       1.43803e-01       2.83119e+00
  813  1.63e-03      4.16533e+00       1.20995e-01       2.81722e+00
  814  1.63e-03      4.15719e+00       1.43577e-01       2.81932e+00
  815  1.63e-03      4.15721e+00       1.36944e-01       2.81712e+00
  816  1.63e-03      4.15530e+00       1.43185e-01       2.81793e+00
  817  1.63e-03      4.15620e+00       1.62668e-01       2.82502e+00
  818  1.64e-03      4.15934e+00       1.21035e-01       2.81324e+00
  819  1.64e-03      4.14768e+00       1.42444e-01       2.81260e+00
  820  1.64e-03      4.15009e+00       1.23650e-01       2.80795e+00
  821  1.64e-03      4.17004e+00       1.68962e-01       2.83635e+00
  822  1.64e-03      4.16044e+00       1.05641e-01       2.80884e+00
  823  1.65e-03      4.14439e+00       1.29509e-01       2.80610e+00
  824  1.65e-03      4.14958e+00       1.44240e-01       2.81446e+00
  825  1.65e-03      4.15833e+00       1.26178e-01       2.81428e+00
  826  1.65e-03      4.16097e+00       1.58289e-01       2.82674e+00
  827  1.65e-03      4.16765e+00       1.54480e-01       2.82993e+00
  828  1.66e-03      4.16872e+00       1.33635e-01       2.82369e+00
  829  1.66e-03      4.16939e+00       1.52362e-01       2.83038e+00
  830  1.66e-03      4.15156e+00       1.27636e-01       2.81025e+00
  831  1.66e-03      4.18574e+00       1.31533e-01       2.83434e+00
  832  1.66e-03      4.19418e+00       1.46108e-01       2.84482e+00
  833  1.67e-03      4.18051e+00       1.35315e-01       2.83211e+00
  834  1.67e-03      4.16857e+00       1.50456e-01       2.82920e+00
  835  1.67e-03      4.17076e+00       1.25175e-01       2.82223e+00
  836  1.67e-03      4.17948e+00       1.68047e-01       2.84234e+00
  837  1.67e-03      4.16250e+00       1.37513e-01       2.82084e+00
  838  1.68e-03      4.15331e+00       1.54699e-01       2.82044e+00
  839  1.68e-03      4.14978e+00       1.34207e-01       2.81125e+00
  840  1.68e-03      4.13812e+00       1.21587e-01       2.79927e+00
  841  1.68e-03      4.14888e+00       1.41421e-01       2.81306e+00
  842  1.68e-03      4.14636e+00       1.19985e-01       2.80423e+00
  843  1.69e-03      4.15265e+00       1.55476e-01       2.82026e+00
  844  1.69e-03      4.16048e+00       1.51534e-01       2.82417e+00
  845  1.69e-03      4.15300e+00       1.50475e-01       2.81882e+00
  846  1.69e-03      4.13005e+00       1.56468e-01       2.80552e+00
  847  1.69e-03      4.13634e+00       1.23716e-01       2.79880e+00
  848  1.70e-03      4.15184e+00       1.46286e-01       2.81665e+00
  849  1.70e-03      4.14396e+00       1.31414e-01       2.80645e+00
  850  1.70e-03      4.12574e+00       1.28985e-01       2.79349e+00
  851  1.70e-03      4.13762e+00       1.52405e-01       2.80922e+00
  852  1.70e-03      4.13926e+00       1.15293e-01       2.79794e+00
  853  1.71e-03      4.13827e+00       1.52294e-01       2.80961e+00
  854  1.71e-03      4.15275e+00       1.34024e-01       2.81317e+00
  855  1.71e-03      4.14818e+00       1.51889e-01       2.81608e+00
  856  1.71e-03      4.16365e+00       1.41478e-01       2.82293e+00
  857  1.71e-03      4.15460e+00       1.41918e-01       2.81704e+00
  858  1.72e-03      4.16309e+00       1.28255e-01       2.81814e+00
  859  1.72e-03      4.17510e+00       1.20123e-01       2.82344e+00
  860  1.72e-03      4.15313e+00       1.64079e-01       2.82344e+00
  861  1.72e-03      4.14585e+00       1.44463e-01       2.81206e+00
  862  1.72e-03      4.16606e+00       1.54820e-01       2.82898e+00
  863  1.73e-03      4.16729e+00       1.85777e-01       2.84012e+00
  864  1.73e-03      4.14169e+00       1.28007e-01       2.80379e+00
  865  1.73e-03      4.15895e+00       1.68526e-01       2.82881e+00
  866  1.73e-03      4.16708e+00       1.34986e-01       2.82305e+00
  867  1.73e-03      4.17124e+00       1.20133e-01       2.82087e+00
  868  1.74e-03      4.14767e+00       1.60903e-01       2.81875e+00
  869  1.74e-03      4.15114e+00       1.23415e-01       2.80856e+00
  870  1.74e-03      4.15425e+00       1.44292e-01       2.81760e+00
  871  1.74e-03      4.14257e+00       1.54283e-01       2.81314e+00
  872  1.74e-03      4.14124e+00       1.57541e-01       2.81334e+00
  873  1.75e-03      4.14947e+00       1.62719e-01       2.82055e+00
  874  1.75e-03      4.14052e+00       1.63105e-01       2.81471e+00
  875  1.75e-03      4.14808e+00       1.50751e-01       2.81564e+00
  876  1.75e-03      4.15731e+00       1.44891e-01       2.81984e+00
  877  1.75e-03      4.14642e+00       1.60184e-01       2.81768e+00
  878  1.76e-03      4.13906e+00       1.63104e-01       2.81374e+00
  879  1.76e-03      4.14476e+00       1.29395e-01       2.80630e+00
  880  1.76e-03      4.15194e+00       1.72748e-01       2.82554e+00
  881  1.76e-03      4.15174e+00       1.34118e-01       2.81253e+00
  882  1.76e-03      4.15940e+00       1.82116e-01       2.83364e+00
  883  1.77e-03      4.14990e+00       1.22493e-01       2.80743e+00
  884  1.77e-03      4.15765e+00       1.52226e-01       2.82251e+00
  885  1.77e-03      4.13773e+00       1.58567e-01       2.81134e+00
  886  1.77e-03      4.16630e+00       1.15830e-01       2.81615e+00
  887  1.77e-03      4.17820e+00       1.79621e-01       2.84534e+00
  888  1.78e-03      4.16184e+00       1.50507e-01       2.82473e+00
  889  1.78e-03      4.16202e+00       1.55793e-01       2.82661e+00
  890  1.78e-03      4.16497e+00       1.90118e-01       2.84002e+00
  891  1.78e-03      4.15515e+00       1.57894e-01       2.82273e+00
  892  1.78e-03      4.16201e+00       1.47547e-01       2.82386e+00
  893  1.79e-03      4.15253e+00       1.60582e-01       2.82188e+00
  894  1.79e-03      4.15510e+00       1.64545e-01       2.82492e+00
  895  1.79e-03      4.16092e+00       1.56584e-01       2.82614e+00
  896  1.79e-03      4.14624e+00       1.45538e-01       2.81267e+00
  897  1.79e-03      4.14526e+00       1.54745e-01       2.81508e+00
  898  1.80e-03      4.14484e+00       1.47218e-01       2.81230e+00
  899  1.80e-03      4.14264e+00       1.79404e-01       2.82156e+00
  900  1.80e-03      4.15050e+00       1.44436e-01       2.81514e+00
  901  1.80e-03      4.15780e+00       1.64978e-01       2.82686e+00
  902  1.80e-03      4.16363e+00       1.64918e-01       2.83072e+00
  903  1.81e-03      4.15431e+00       1.21122e-01       2.80991e+00
  904  1.81e-03      4.16254e+00       1.59923e-01       2.82833e+00
  905  1.81e-03      4.16633e+00       1.53144e-01       2.82860e+00
  906  1.81e-03      4.16894e+00       1.66694e-01       2.83486e+00
  907  1.81e-03      4.14669e+00       1.71924e-01       2.82177e+00
  908  1.82e-03      4.16529e+00       1.53903e-01       2.82816e+00
  909  1.82e-03      4.16361e+00       1.60054e-01       2.82909e+00
  910  1.82e-03      4.16213e+00       1.67400e-01       2.83055e+00
  911  1.82e-03      4.13908e+00       1.67510e-01       2.81522e+00
  912  1.82e-03      4.11264e+00       1.55708e-01       2.79366e+00
  913  1.83e-03      4.12594e+00       1.48122e-01       2.80000e+00
  914  1.83e-03      4.11846e+00       1.65721e-01       2.80088e+00
  915  1.83e-03      4.10716e+00       1.33722e-01       2.78268e+00
  916  1.83e-03      4.10514e+00       1.67737e-01       2.79267e+00
  917  1.83e-03      4.11605e+00       1.46380e-01       2.79283e+00
  918  1.84e-03      4.10325e+00       1.77883e-01       2.79480e+00
  919  1.84e-03      4.11320e+00       1.46303e-01       2.79090e+00
  920  1.84e-03      4.11994e+00       1.55083e-01       2.79832e+00
  921  1.84e-03      4.11293e+00       1.88346e-01       2.80473e+00
  922  1.84e-03      4.09626e+00       1.30047e-01       2.77419e+00
  923  1.85e-03      4.09187e+00       1.60686e-01       2.78148e+00
  924  1.85e-03      4.08292e+00       1.73697e-01       2.77985e+00
  925  1.85e-03      4.08579e+00       1.72665e-01       2.78141e+00
  926  1.85e-03      4.08839e+00       1.69355e-01       2.78205e+00
  927  1.85e-03      4.10725e+00       1.71041e-01       2.79518e+00
  928  1.86e-03      4.09827e+00       1.58484e-01       2.78501e+00
  929  1.86e-03      4.09195e+00       1.72836e-01       2.78558e+00
  930  1.86e-03      4.10812e+00       1.47120e-01       2.78779e+00
  931  1.86e-03      4.09563e+00       1.53094e-01       2.78145e+00
  932  1.86e-03      4.10146e+00       1.64505e-01       2.78914e+00
  933  1.87e-03      4.11264e+00       1.61008e-01       2.79543e+00
  934  1.87e-03      4.10954e+00       1.58792e-01       2.79263e+00
  935  1.87e-03      4.10250e+00       1.91792e-01       2.79893e+00
  936  1.87e-03      4.11677e+00       1.53552e-01       2.79570e+00
  937  1.87e-03      4.10427e+00       1.87360e-01       2.79863e+00
  938  1.88e-03      4.08402e+00       1.90701e-01       2.78625e+00
  939  1.88e-03      4.09643e+00       1.40657e-01       2.77784e+00
  940  1.88e-03      4.09621e+00       1.59986e-01       2.78414e+00
  941  1.88e-03      4.09545e+00       1.90729e-01       2.79388e+00
  942  1.88e-03      4.08347e+00       1.58152e-01       2.77503e+00
  943  1.89e-03      4.10249e+00       1.75225e-01       2.79340e+00
  944  1.89e-03      4.09022e+00       1.58809e-01       2.77975e+00
  945  1.89e-03      4.08028e+00       1.44752e-01       2.76844e+00
  946  1.89e-03      4.08617e+00       1.88722e-01       2.78702e+00
  947  1.89e-03      4.09443e+00       1.61918e-01       2.78359e+00
  948  1.90e-03      4.07825e+00       1.61216e-01       2.77257e+00
  949  1.90e-03      4.08818e+00       1.71098e-01       2.78248e+00
  950  1.90e-03      4.08957e+00       1.64273e-01       2.78113e+00
  951  1.90e-03      4.09435e+00       1.67198e-01       2.78530e+00
  952  1.90e-03      4.08431e+00       1.77356e-01       2.78199e+00
  953  1.91e-03      4.09423e+00       1.93803e-01       2.79409e+00
  954  1.91e-03      4.06769e+00       1.73353e-01       2.76957e+00
  955  1.91e-03      4.06873e+00       1.75499e-01       2.77098e+00
  956  1.91e-03      4.07673e+00       1.62508e-01       2.77199e+00
  957  1.91e-03      4.08341e+00       1.59725e-01       2.77551e+00
  958  1.92e-03      4.07568e+00       1.77124e-01       2.77616e+00
  959  1.92e-03      4.06689e+00       1.46251e-01       2.76001e+00
  960  1.92e-03      4.08057e+00       1.86344e-01       2.78249e+00
  961  1.92e-03      4.06884e+00       1.68944e-01       2.76888e+00
  962  1.92e-03      4.07237e+00       1.81346e-01       2.77536e+00
  963  1.93e-03      4.04676e+00       1.61749e-01       2.75176e+00
  964  1.93e-03      4.03396e+00       1.56429e-01       2.74145e+00
  965  1.93e-03      4.05811e+00       1.84679e-01       2.76696e+00
  966  1.93e-03      4.05109e+00       1.59901e-01       2.75403e+00
  967  1.93e-03      4.03628e+00       1.82630e-01       2.75173e+00
  968  1.94e-03      4.04130e+00       1.69201e-01       2.75060e+00
  969  1.94e-03      4.05230e+00       1.83037e-01       2.76254e+00
  970  1.94e-03      4.02945e+00       1.70030e-01       2.74298e+00
  971  1.94e-03      4.02602e+00       1.88467e-01       2.74684e+00
  972  1.94e-03      4.03386e+00       1.65848e-01       2.74452e+00
  973  1.95e-03      4.02672e+00       1.62730e-01       2.73872e+00
  974  1.95e-03      4.03199e+00       1.80739e-01       2.74824e+00
  975  1.95e-03      4.03208e+00       1.80419e-01       2.74819e+00
  976  1.95e-03      4.02800e+00       1.50094e-01       2.73537e+00
  977  1.95e-03      4.01872e+00       1.86623e-01       2.74135e+00
  978  1.96e-03      4.01027e+00       1.68794e-01       2.72978e+00
  979  1.96e-03      4.01696e+00       1.66401e-01       2.73344e+00
  980  1.96e-03      4.04594e+00       2.00366e-01       2.76408e+00
  981  1.96e-03      4.05105e+00       1.77318e-01       2.75980e+00
  982  1.96e-03      4.02682e+00       1.75362e-01       2.74300e+00
  983  1.97e-03      4.02263e+00       1.73391e-01       2.73955e+00
  984  1.97e-03      4.01878e+00       1.81894e-01       2.73982e+00
  985  1.97e-03      4.03756e+00       1.51116e-01       2.74208e+00
  986  1.97e-03      4.01543e+00       1.55861e-01       2.72890e+00
  987  1.97e-03      4.03608e+00       1.95554e-01       2.75590e+00
  988  1.98e-03      4.01745e+00       1.70917e-01       2.73527e+00
  989  1.98e-03      4.01921e+00       1.93383e-01       2.74393e+00
  990  1.98e-03      4.00529e+00       1.48449e-01       2.71968e+00
  991  1.98e-03      4.00593e+00       1.68558e-01       2.72681e+00
  992  1.98e-03      3.99240e+00       1.83177e-01       2.72266e+00
  993  1.99e-03      3.98920e+00       1.57724e-01       2.71204e+00
  994  1.99e-03      3.98567e+00       1.82507e-01       2.71795e+00
  995  1.99e-03      3.98438e+00       1.51408e-01       2.70672e+00
  996  1.99e-03      3.97251e+00       1.88755e-01       2.71126e+00
  997  1.99e-03      3.99120e+00       1.57451e-01       2.71328e+00
  998  2.00e-03      3.97736e+00       1.93025e-01       2.71591e+00
  999  2.00e-03      3.96677e+00       1.70691e-01       2.70141e+00
