Delta = 4.737e-01 gamma
 step      t        T_in_plane/mK   T_out_of_plane/mK   T_tot/mK
    0  0.00e+00      1.88638e-29       0.00000e+00       1.25759e-29
    1  1.00e-05      2.92030e-02       5.11737e-02       3.65266e-02
    2  2.00e-05      5.94808e-02       8.81406e-02       6.90340e-02
    3  3.00e-05      8.73042e-02       1.09316e-01       9.46415e-02
    4  4.00e-05      1.24211e-01       1.57952e-01       1.35458e-01
    5  5.00e-05      1.67124e-01       1.98274e-01       1.77507e-01
    6  6.00e-05      2.06243e-01       1.79563e-01       1.97350e-01
    7  7.00e-05      2.41525e-01       2.19581e-01       2.34210e-01
    8  8.00e-05      2.80896e-01       2.14588e-01       2.58794e-01
    9  9.00e-05      3.05998e-01       2.30793e-01       2.80930e-01
   10  1.00e-04      3.45903e-01       2.11631e-01       3.01146e-01
   11  1.10e-04      3.66487e-01       2.06011e-01       3.12995e-01
   12  1.20e-04      4.20671e-01       2.71221e-01       3.70855e-01
   13  1.30e-04      4.51733e-01       2.73784e-01       3.92417e-01
   14  1.40e-04      4.89856e-01       2.34227e-01       4.04646e-01
   15  1.50e-04      5.26459e-01       2.90251e-01       4.47723e-01
   16  1.60e-04      5.55876e-01       2.82206e-01       4.64653e-01
   17  1.70e-04      5.54760e-01       2.94819e-01       4.68113e-01
   18  1.80e-04      5.66188e-01       3.11894e-01       4.81423e-01
   19  1.90e-04      6.31246e-01       3.91665e-01       5.51386e-01
   20  2.00e-04      6.54354e-01       3.46610e-01       5.51772e-01
   21  2.10e-04      6.76703e-01       3.32961e-01       5.62122e-01
   22  2.20e-04      7.25090e-01       3.68738e-01       6.06306e-01
   23  2.30e-04      7.45832e-01       3.19814e-01       6.03826e-01
   24  2.40e-04      7.74413e-01       3.35582e-01       6.28136e-01
   25  2.50e-04      8.16885e-01       3.32785e-01       6.55518e-01
   26  2.60e-04      8.45113e-01       2.80965e-01       6.57064e-01
   27  2.70e-04      8.63686e-01       2.59937e-01       6.62436e-01
   28  2.80e-04      9.29963e-01       2.59164e-01       7.06363e-01
   29  2.90e-04      9.96178e-01       3.00391e-01       7.64249e-01
   30  3.00e-04      1.07971e+00       2.64690e-01       8.08037e-01
   31  3.10e-04      1.09512e+00       3.36007e-01       8.42083e-01
   32  3.20e-04      1.10552e+00       2.92996e-01       8.34679e-01
   33  3.30e-04      1.17244e+00       3.55309e-01       9.00065e-01
   34  3.40e-04      1.15639e+00       2.84884e-01       8.65886e-01
   35  3.50e-04      1.17517e+00       3.27710e-01       8.92684e-01
   36  3.60e-04      1.20489e+00       3.32328e-01       9.14036e-01
   37  3.70e-04      1.27377e+00       3.46648e-01       9.64729e-01
   38  3.80e-04      1.36759e+00       3.03584e-01       1.01292e+00
   39  3.90e-04      1.40976e+00       3.10563e-01       1.04336e+00
   40  4.00e-04      1.41954e+00       3.20076e-01       1.05305e+00
   41  4.10e-04      1.49488e+00       3.37667e-01       1.10914e+00
   42  4.20e-04      1.55012e+00       3.43061e-01       1.14777e+00
   43  4.30e-04      1.61933e+00       2.94518e-01       1.17773e+00
   44  4.40e-04      1.65128e+00       2.91247e-01       1.19794e+00
   45  4.50e-04      1.76768e+00       2.64174e-01       1.26651e+00
   46  4.60e-04      1.81264e+00       3.00941e-01       1.30874e+00
   47  4.70e-04      1.81616e+00       3.18087e-01       1.31680e+00
   48  4.80e-04      1.84519e+00       2.92008e-01       1.32746e+00
   49  4.90e-04      1.86088e+00       2.64670e-01       1.32881e+00
   50  5.00e-04      1.85475e+00       2.58981e-01       1.32282e+00
   51  5.10e-04      1.90497e+00       2.94614e-01       1.36818e+00
   52  5.20e-04      1.95827e+00       2.66084e-01       1.39421e+00
   53  5.30e-04      1.95765e+00       2.21494e-01       1.37893e+00
   54  5.40e-04      2.04961e+00       2.57443e-01       1.45222e+00
   55  5.50e-04      2.04504e+00       2.37559e-01       1.44254e+00
   56  5.60e-04      2.09648e+00       2.36752e-01       1.47657e+00
   57  5.70e-04      2.15664e+00       3.08865e-01       1.54071e+00
   58  5.80e-04      2.19133e+00       3.05377e-01       1.56268e+00
   59  5.90e-04      2.16727e+00       3.06256e-01       1.54693e+00
   60  6.00e-04      2.15008e+00       2.91493e-01       1.53055e+00
   61  6.10e-04      2.11207e+00       3.03150e-01       1.50910e+00
   62  6.20e-04      2.12921e+00       3.57494e-01       1.53864e+00
   63  6.30e-04      2.14210e+00       3.27893e-01       1.53737e+00
   64  6.40e-04      2.20635e+00       3.20514e-01       1.57774e+00
   65  6.50e-04      2.24879e+00       3.01102e-01       1.59956e+00
   66  6.60e-04      2.34222e+00       2.72267e-01       1.65224e+00
   67  6.70e-04      2.34577e+00       3.10670e-01       1.66740e+00
   68  6.80e-04      2.44275e+00       3.24476e-01       1.73666e+00
   69  6.90e-04      2.42800e+00       2.84803e-01       1.71360e+00
   70  7.00e-04      2.49235e+00       2.58386e-01       1.74769e+00
   71  7.10e-04      2.52833e+00       2.57346e-01       1.77133e+00
   72  7.20e-04      2.50931e+00       3.13199e-01       1.77727e+00
   73  7.30e-04      2.54452e+00       2.94824e-01       1.79462e+00
   74  7.40e-04      2.56307e+00       3.33632e-01       1.81992e+00
   75  7.50e-04      2.59609e+00       2.98360e-01       1.83018e+00
   76  7.60e-04      2.63808e+00       4.08979e-01       1.89505e+00
   77  7.70e-04      2.75520e+00       3.65177e-01       1.95853e+00
   78  7.80e-04      2.85946e+00       3.30060e-01       2.01633e+00
   79  7.90e-04      2.91973e+00       3.35113e-01       2.05819e+00
   80  8.00e-04      2.88080e+00       2.87622e-01       2.01641e+00
   81  8.10e-04      2.84873e+00       2.95196e-01       1.99755e+00
   82  8.20e-04      2.91692e+00       3.02340e-01       2.04540e+00
   83  8.30e-04      2.90767e+00       3.16708e-01       2.04402e+00
   84  8.40e-04      2.91943e+00       2.75012e-01       2.03795e+00
   85  8.50e-04      2.98688e+00       2.44631e-01       2.07279e+00
   86  8.60e-04      3.13303e+00       3.30593e-01       2.19888e+00
   87  8.70e-04      3.18846e+00       2.62060e-01       2.21300e+00
   88  8.80e-04      3.17631e+00       3.30401e-01       2.22767e+00
   89  8.90e-04      3.19605e+00       3.00759e-01       2.23095e+00
   90  9.00e-04      3.17638e+00       2.91104e-01       2.21462e+00
   91  9.10e-04      3.18274e+00       3.07004e-01       2.22416e+00
   92  9.20e-04      3.13132e+00       2.91508e-01       2.18471e+00
   93  9.30e-04      3.16669e+00       2.76594e-01       2.20332e+00
   94  9.40e-04      3.22922e+00       2.38900e-01       2.23245e+00
   95  9.50e-04      3.26090e+00       2.42225e-01       2.25467e+00
   96  9.60e-04      3.26609e+00       3.03622e-01       2.27860e+00
   97  9.70e-04      3.24300e+00       2.82997e-01       2.25633e+00
   98  9.80e-04      3.25480e+00       2.74896e-01       2.26150e+00
   99  9.90e-04      3.34476e+00       3.39514e-01       2.34301e+00
  100  1.00e-03      3.40318e+00       3.05815e-01       2.37072e+00
  101  1.01e-03      3.47142e+00       3.26335e-01       2.42306e+00
  102  1.02e-03      3.50961e+00       3.04395e-01       2.44121e+00
  103  1.03e-03      3.51195e+00       3.25633e-01       2.44984e+00
  104  1.04e-03      3.59113e+00       3.47938e-01       2.51006e+00
  105  1.05e-03      3.71437e+00       3.53402e-01       2.59405e+00
  106  1.06e-03      3.75487e+00       3.76707e-01       2.62881e+00
  107  1.07e-03      3.80490e+00       3.36978e-01       2.64893e+00
  108  1.08e-03      3.85321e+00       3.30716e-01       2.67904e+00
  109  1.09e-03      3.79687e+00       3.00597e-01       2.63145e+00
  110  1.10e-03      3.86035e+00       2.78920e-01       2.66654e+00
  111  1.11e-03      3.86265e+00       3.32606e-01       2.68597e+00
  112  1.12e-03      3.97115e+00       3.05845e-01       2.74938e+00
  113  1.13e-03      3.96692e+00       2.43060e-01       2.72563e+00
  114  1.14e-03      3.93575e+00       2.71735e-01       2.71441e+00
  115  1.15e-03      3.98603e+00       2.87706e-01       2.75326e+00
  116  1.16e-03      3.91269e+00       3.06060e-01       2.71048e+00
  117  1.17e-03      3.96062e+00       3.17855e-01       2.74637e+00
  118  1.18e-03      4.00093e+00       3.43743e-01       2.78187e+00
  119  1.19e-03      3.95826e+00       3.47582e-01       2.75470e+00
  120  1.20e-03      3.99642e+00       2.74419e-01       2.75576e+00
  121  1.21e-03      4.12384e+00       2.75353e-01       2.84101e+00
  122  1.22e-03      4.27898e+00       2.97163e-01       2.95171e+00
  123  1.23e-03      4.31919e+00       2.51189e-01       2.96319e+00
  124  1.24e-03      4.18440e+00       2.53030e-01       2.87395e+00
  125  1.25e-03      4.31388e+00       3.11920e-01       2.97989e+00
  126  1.26e-03      4.28953e+00       2.95892e-01       2.95832e+00
  127  1.27e-03      4.40066e+00       2.27531e-01       3.00962e+00
  128  1.28e-03      4.48105e+00       3.15980e-01       3.09270e+00
  129  1.29e-03      4.51715e+00       2.88810e-01       3.10771e+00
  130  1.30e-03      4.45441e+00       3.61974e-01       3.09027e+00
  131  1.31e-03      4.52640e+00       2.85181e-01       3.11266e+00
  132  1.32e-03      4.41926e+00       3.37215e-01       3.05858e+00
  133  1.33e-03      4.45521e+00       3.11241e-01       3.07389e+00
  134  1.34e-03      4.58050e+00       3.28605e-01       3.16320e+00
  135  1.35e-03      4.59121e+00       3.23873e-01       3.16876e+00
  136  1.36e-03      4.57294e+00       2.81637e-01       3.14250e+00
  137  1.37e-03      4.54344e+00       3.43992e-01       3.14362e+00
  138  1.38e-03      4.52072e+00       3.74054e-01       3.13850e+00
  139  1.39e-03      4.53395e+00       2.61483e-01       3.10979e+00
  140  1.40e-03      4.57587e+00       3.25742e-01       3.15916e+00
  141  1.41e-03      4.57936e+00       2.92609e-01       3.15044e+00
  142  1.42e-03      4.75547e+00       2.99190e-01       3.27004e+00
  143  1.43e-03      4.86840e+00       3.64597e-01       3.36713e+00
  144  1.44e-03      4.91758e+00       3.40217e-01       3.39180e+00
  145  1.45e-03      5.04017e+00       3.21028e-01       3.46712e+00
  146  1.46e-03      5.11682e+00       3.04718e-01       3.51278e+00
  147  1.47e-03      5.23745e+00       2.90804e-01       3.58857e+00
  148  1.48e-03      5.22957e+00       3.14527e-01       3.59122e+00
  149  1.49e-03      5.30075e+00       3.32119e-01       3.64454e+00
  150  1.50e-03      5.39523e+00       3.04982e-01       3.69848e+00
  151  1.51e-03      5.50827e+00       3.01464e-01       3.77267e+00
  152  1.52e-03      5.52994e+00       2.40293e-01       3.76672e+00
  153  1.53e-03      5.59322e+00       2.58443e-01       3.81496e+00
  154  1.54e-03      5.67562e+00       2.64684e-01       3.87197e+00
  155  1.55e-03      5.81890e+00       2.97620e-01       3.97847e+00
  156  1.56e-03      5.86695e+00       2.67626e-01       4.00051e+00
  157  1.57e-03      5.97336e+00       3.53899e-01       4.10020e+00
  158  1.58e-03      5.99024e+00       3.28136e-01       4.10288e+00
  159  1.59e-03      6.03316e+00       2.72736e-01       4.11302e+00
  160  1.60e-03      6.05744e+00       2.82361e-01       4.13242e+00
  161  1.61e-03      6.11076e+00       2.61880e-01       4.16114e+00
  162  1.62e-03      6.23981e+00       2.89018e-01       4.25621e+00
  163  1.63e-03      6.42485e+00       2.56634e-01       4.36878e+00
  164  1.64e-03      6.42332e+00       2.40704e-01       4.36245e+00
  165  1.65e-03      6.50372e+00       3.05296e-01       4.43758e+00
  166  1.66e-03      6.61315e+00       2.84161e-01       4.50349e+00
  167  1.67e-03      6.72272e+00       3.32476e-01       4.59264e+00
  168  1.68e-03      6.66622e+00       2.92195e-01       4.54154e+00
  169  1.69e-03      6.75357e+00       2.71168e-01       4.59277e+00
  170  1.70e-03      6.65309e+00       3.27967e-01       4.54471e+00
  171  1.71e-03      6.73488e+00       2.60477e-01       4.57674e+00
  172  1.72e-03      6.87167e+00       2.87099e-01       4.67681e+00
  173  1.73e-03      6.93095e+00       3.64903e-01       4.74227e+00
  174  1.74e-03      6.97416e+00       2.62525e-01       4.73695e+00
  175  1.75e-03      7.04862e+00       3.18571e-01       4.80527e+00
  176  1.76e-03      7.11960e+00       2.68184e-01       4.83579e+00
  177  1.77e-03      7.06369e+00       3.05251e-01       4.81088e+00
  178  1.78e-03      7.12343e+00       3.69401e-01       4.87209e+00
  179  1.79e-03      7.15452e+00       3.18387e-01       4.87581e+00
  180  1.80e-03      7.23457e+00       3.26566e-01       4.93190e+00
  181  1.81e-03      7.22636e+00       2.80247e-01       4.91099e+00
  182  1.82e-03      7.21472e+00       2.89429e-01       4.90629e+00
  183  1.83e-03      7.21364e+00       2.57241e-01       4.89484e+00
  184  1.84e-03      7.33604e+00       3.37725e-01       5.00327e+00
  185  1.85e-03      7.39446e+00       3.80960e-01       5.05663e+00
  186  1.86e-03      7.50578e+00       3.35602e-01       5.11572e+00
  187  1.87e-03      7.55817e+00       2.54596e-01       5.12365e+00
  188  1.88e-03      7.64341e+00       3.12006e-01       5.19961e+00
  189  1.89e-03      7.78708e+00       2.95005e-01       5.28972e+00
  190  1.90e-03      7.85175e+00       2.62206e-01       5.32190e+00
  191  1.91e-03      7.86231e+00       2.52168e-01       5.32560e+00
  192  1.92e-03      7.93665e+00       2.35140e-01       5.36948e+00
  193  1.93e-03      8.07737e+00       2.16165e-01       5.45697e+00
  194  1.94e-03      8.08255e+00       2.82082e-01       5.48240e+00
  195  1.95e-03      8.11438e+00       2.53308e-01       5.49402e+00
  196  1.96e-03      8.31605e+00       2.86175e-01       5.63942e+00
  197  1.97e-03      8.38308e+00       2.50025e-01       5.67206e+00
  198  1.98e-03      8.49885e+00       2.75793e-01       5.75783e+00
  199  1.99e-03      8.60980e+00       2.64297e-01       5.82796e+00
  200  2.00e-03      8.71560e+00       2.39924e-01       5.89038e+00
  201  2.01e-03      8.83168e+00       2.80146e-01       5.98117e+00
  202  2.02e-03      8.88529e+00       2.39784e-01       6.00346e+00
  203  2.03e-03      8.83035e+00       2.55638e-01       5.97211e+00
  204  2.04e-03      8.84655e+00       2.58362e-01       5.98382e+00
  205  2.05e-03      8.84957e+00       2.51868e-01       5.98367e+00
  206  2.06e-03      8.74232e+00       2.79710e-01       5.92145e+00
  207  2.07e-03      8.69365e+00       2.02694e-01       5.86333e+00
  208  2.08e-03      8.85639e+00       2.55783e-01       5.98952e+00
  209  2.09e-03      8.78764e+00       2.75631e-01       5.95030e+00
  210  2.10e-03      8.76370e+00       2.73378e-01       5.93359e+00
  211  2.11e-03      8.77093e+00       2.36377e-01       5.92608e+00
  212  2.12e-03      8.83563e+00       2.96274e-01       5.98918e+00
  213  2.13e-03      8.93994e+00       2.55366e-01       6.04508e+00
  214  2.14e-03      8.99703e+00       2.51615e-01       6.08189e+00
  215  2.15e-03      9.11787e+00       2.30856e-01       6.15553e+00
  216  2.16e-03      9.15635e+00       2.35684e-01       6.18280e+00
  217  2.17e-03      9.25994e+00       2.79590e-01       6.26649e+00
  218  2.18e-03      9.26929e+00       3.00412e-01       6.27967e+00
  219  2.19e-03      9.26533e+00       2.72207e-01       6.26762e+00
  220  2.20e-03      9.14790e+00       3.03695e-01       6.19984e+00
  221  2.21e-03      9.21537e+00       3.10977e-01       6.24724e+00
  222  2.22e-03      9.14459e+00       2.53893e-01       6.18103e+00
  223  2.23e-03      9.21675e+00       2.67261e-01       6.23359e+00
  224  2.24e-03      9.30692e+00       3.15678e-01       6.30984e+00
  225  2.25e-03      9.48155e+00       2.95169e-01       6.41942e+00
  226  2.26e-03      9.54000e+00       2.98693e-01       6.45956e+00
  227  2.27e-03      9.46862e+00       3.51117e-01       6.42945e+00
  228  2.28e-03      9.46369e+00       3.22114e-01       6.41650e+00
  229  2.29e-03      9.45350e+00       3.05899e-01       6.40430e+00
  230  2.30e-03      9.47873e+00       3.56388e-01       6.43795e+00
  231  2.31e-03      9.49167e+00       4.10395e-01       6.46458e+00
  232  2.32e-03      9.47954e+00       3.08423e-01       6.42250e+00
  233  2.33e-03      9.54842e+00       3.35206e-01       6.47735e+00
  234  2.34e-03      9.48378e+00       3.67185e-01       6.44492e+00
  235  2.35e-03      9.36957e+00       3.12204e-01       6.35045e+00
  236  2.36e-03      9.49956e+00       2.79124e-01       6.42608e+00
  237  2.37e-03      9.42271e+00       3.52725e-01       6.39938e+00
  238  2.38e-03      9.46328e+00       3.14440e-01       6.41367e+00
  239  2.39e-03      9.52749e+00       3.66290e-01       6.47375e+00
  240  2.40e-03      9.58741e+00       3.58770e-01       6.51120e+00
  241  2.41e-03      9.57795e+00       3.03066e-01       6.48632e+00
  242  2.42e-03      9.50834e+00       3.29040e-01       6.44857e+00
  243  2.43e-03      9.38505e+00       3.29035e-01       6.36638e+00
  244  2.44e-03      9.40539e+00       3.29055e-01       6.37995e+00
  245  2.45e-03      9.29940e+00       3.21577e-01       6.30679e+00
  246  2.46e-03      9.52699e+00       3.27828e-01       6.46060e+00
  247  2.47e-03      9.57759e+00       2.93953e-01       6.48304e+00
  248  2.48e-03      9.73259e+00       2.47962e-01       6.57105e+00
  249  2.49e-03      9.86047e+00       2.47809e-01       6.65625e+00
  250  2.50e-03      9.95490e+00       2.40531e-01       6.71677e+00
  251  2.51e-03      1.00080e+01       2.57392e-01       6.75779e+00
  252  2.52e-03      1.00406e+01       2.95390e-01       6.79217e+00
  253  2.53e-03      1.00145e+01       2.57526e-01       6.76221e+00
  254  2.54e-03      1.01061e+01       2.35191e-01       6.81579e+00
  255  2.55e-03      9.99914e+00       2.17485e-01       6.73859e+00
  256  2.56e-03      9.88243e+00       1.93360e-01       6.65274e+00
  257  2.57e-03      9.99398e+00       2.61603e-01       6.74986e+00
  258  2.58e-03      1.00887e+01       2.78344e-01       6.81858e+00
  259  2.59e-03      1.00688e+01       2.87487e-01       6.80834e+00
  260  2.60e-03      1.00706e+01       2.52429e-01       6.79787e+00
  261  2.61e-03      1.02045e+01       2.41874e-01       6.88360e+00
  262  2.62e-03      1.03573e+01       3.31118e-01       7.01524e+00
  263  2.63e-03      1.03554e+01       3.48305e-01       7.01971e+00
  264  2.64e-03      1.04764e+01       3.25467e-01       7.09279e+00
  265  2.65e-03      1.06575e+01       2.44660e-01       7.18657e+00
  266  2.66e-03      1.08286e+01       2.56823e-01       7.30465e+00
  267  2.67e-03      1.08876e+01       2.81797e-01       7.35231e+00
  268  2.68e-03      1.08779e+01       3.39334e-01       7.36504e+00
  269  2.69e-03      1.09424e+01       2.44402e-01       7.37643e+00
  270  2.70e-03      1.10274e+01       3.03132e-01       7.45262e+00
  271  2.71e-03      1.10063e+01       2.87701e-01       7.43341e+00
  272  2.72e-03      1.11547e+01       2.96210e-01       7.53523e+00
  273  2.73e-03      1.12387e+01       2.87240e-01       7.58824e+00
  274  2.74e-03      1.11083e+01       2.33446e-01       7.48333e+00
  275  2.75e-03      1.12391e+01       2.53692e-01       7.57727e+00
  276  2.76e-03      1.12855e+01       2.54345e-01       7.60847e+00
  277  2.77e-03      1.12606e+01       2.44941e-01       7.58870e+00
  278  2.78e-03      1.13727e+01       2.61418e-01       7.66893e+00
  279  2.79e-03      1.14343e+01       3.18055e-01       7.72888e+00
  280  2.80e-03      1.13958e+01       2.66118e-01       7.68590e+00
  281  2.81e-03      1.14606e+01       2.94712e-01       7.73867e+00
  282  2.82e-03      1.14373e+01       2.42028e-01       7.70554e+00
  283  2.83e-03      1.15101e+01       2.72904e-01       7.76437e+00
  284  2.84e-03      1.14674e+01       2.78221e-01       7.73769e+00
  285  2.85e-03      1.14698e+01       3.16494e-01       7.75200e+00
  286  2.86e-03      1.16021e+01       3.27843e-01       7.84400e+00
  287  2.87e-03      1.16378e+01       2.92825e-01       7.85613e+00
  288  2.88e-03      1.16125e+01       2.70519e-01       7.83183e+00
  289  2.89e-03      1.16440e+01       3.23778e-01       7.87061e+00
  290  2.90e-03      1.17359e+01       3.49853e-01       7.94056e+00
  291  2.91e-03      1.17925e+01       3.35790e-01       7.97358e+00
  292  2.92e-03      1.18546e+01       2.60879e-01       7.99004e+00
  293  2.93e-03      1.18950e+01       2.78452e-01       8.02282e+00
  294  2.94e-03      1.18760e+01       2.95210e-01       8.01572e+00
  295  2.95e-03      1.17484e+01       3.13245e-01       7.93669e+00
  296  2.96e-03      1.16880e+01       3.13569e-01       7.89651e+00
  297  2.97e-03      1.16815e+01       2.82660e-01       7.88188e+00
  298  2.98e-03      1.15758e+01       3.28009e-01       7.82652e+00
  299  2.99e-03      1.16407e+01       2.17841e-01       7.83311e+00
  300  3.00e-03      1.16335e+01       3.16611e-01       7.86119e+00
  301  3.01e-03      1.16399e+01       3.01201e-01       7.86032e+00
  302  3.02e-03      1.17495e+01       3.12005e-01       7.93699e+00
  303  3.03e-03      1.18369e+01       2.25098e-01       7.96632e+00
  304  3.04e-03      1.18686e+01       2.70428e-01       8.00254e+00
  305  3.05e-03      1.20788e+01       3.05176e-01       8.15427e+00
  306  3.06e-03      1.21606e+01       2.92669e-01       8.20464e+00
  307  3.07e-03      1.22354e+01       2.39935e-01       8.23688e+00
  308  3.08e-03      1.23739e+01       3.12734e-01       8.35354e+00
  309  3.09e-03      1.24772e+01       3.39969e-01       8.43147e+00
  310  3.10e-03      1.23036e+01       2.84099e-01       8.29707e+00
  311  3.11e-03      1.24996e+01       3.39801e-01       8.44632e+00
  312  3.12e-03      1.25975e+01       3.07985e-01       8.50097e+00
  313  3.13e-03      1.27481e+01       3.63081e-01       8.61978e+00
  314  3.14e-03      1.28253e+01       3.81297e-01       8.67728e+00
  315  3.15e-03      1.28669e+01       3.43732e-01       8.69251e+00
  316  3.16e-03      1.29955e+01       3.69263e-01       8.78674e+00
  317  3.17e-03      1.30513e+01       3.13957e-01       8.80553e+00
  318  3.18e-03      1.30762e+01       3.31610e-01       8.82799e+00
  319  3.19e-03      1.32295e+01       3.72619e-01       8.94386e+00
  320  3.20e-03      1.33877e+01       3.85619e-01       9.05367e+00
  321  3.21e-03      1.34073e+01       3.31671e-01       9.04877e+00
  322  3.22e-03      1.35660e+01       3.06601e-01       9.14620e+00
  323  3.23e-03      1.38072e+01       2.79484e-01       9.29799e+00
  324  3.24e-03      1.37867e+01       3.54123e-01       9.30915e+00
  325  3.25e-03      1.37962e+01       3.08320e-01       9.30023e+00
  326  3.26e-03      1.37577e+01       3.16227e-01       9.27723e+00
  327  3.27e-03      1.38033e+01       3.08027e-01       9.30490e+00
  328  3.28e-03      1.37380e+01       2.67889e-01       9.24794e+00
  329  3.29e-03      1.38605e+01       3.17766e-01       9.34627e+00
  330  3.30e-03      1.40680e+01       2.31809e-01       9.45593e+00
  331  3.31e-03      1.41804e+01       2.74142e-01       9.54499e+00
  332  3.32e-03      1.41456e+01       2.76156e-01       9.52248e+00
  333  3.33e-03      1.43488e+01       2.38556e-01       9.64536e+00
  334  3.34e-03      1.43334e+01       3.40406e-01       9.66907e+00
  335  3.35e-03      1.42980e+01       2.72526e-01       9.62285e+00
  336  3.36e-03      1.43115e+01       2.85579e-01       9.63620e+00
  337  3.37e-03      1.43915e+01       2.94842e-01       9.69261e+00
  338  3.38e-03      1.44111e+01       2.38838e-01       9.68702e+00
  339  3.39e-03      1.44679e+01       3.33200e-01       9.75633e+00
  340  3.40e-03      1.44595e+01       3.28446e-01       9.74917e+00
  341  3.41e-03      1.45422e+01       3.67116e-01       9.81714e+00
  342  3.42e-03      1.45356e+01       2.99807e-01       9.79033e+00
  343  3.43e-03      1.44248e+01       3.00523e-01       9.71674e+00
  344  3.44e-03      1.45790e+01       3.21630e-01       9.82652e+00
  345  3.45e-03      1.47866e+01       2.87458e-01       9.95357e+00
  346  3.46e-03      1.48969e+01       2.88997e-01       1.00276e+01
  347  3.47e-03      1.47838e+01       3.39162e-01       9.96891e+00
  348  3.48e-03      1.48654e+01       3.18182e-01       1.00163e+01
  349  3.49e-03      1.49217e+01       3.04606e-01       1.00494e+01
  350  3.50e-03      1.48608e+01       3.41731e-01       1.00211e+01
  351  3.51e-03      1.49798e+01       2.90817e-01       1.00835e+01
  352  3.52e-03      1.49302e+01       2.86588e-01       1.00490e+01
  353  3.53e-03      1.49548e+01       2.66706e-01       1.00588e+01
  354  3.54e-03      1.49666e+01       2.53343e-01       1.00622e+01
  355  3.55e-03      1.51001e+01       2.87284e-01       1.01625e+01
  356  3.56e-03      1.52074e+01       3.12676e-01       1.02425e+01
  357  3.57e-03      1.51933e+01       2.40771e-01       1.02091e+01
  358  3.58e-03      1.50511e+01       2.75149e-01       1.01258e+01
  359  3.59e-03      1.50797e+01       2.47582e-01       1.01357e+01
  360  3.60e-03      1.53510e+01       3.30723e-01       1.03442e+01
  361  3.61e-03      1.53628e+01       2.58006e-01       1.03279e+01
  362  3.62e-03      1.53626e+01       2.50143e-01       1.03251e+01
  363  3.63e-03      1.51847e+01       3.23775e-01       1.02311e+01
  364  3.64e-03      1.52260e+01       2.57767e-01       1.02366e+01
  365  3.65e-03      1.53692e+01       2.81623e-01       1.03400e+01
  366  3.66e-03      1.54103e+01       2.59623e-01       1.03601e+01
  367  3.67e-03      1.55358e+01       3.05652e-01       1.04591e+01
  368  3.68e-03      1.54804e+01       3.00389e-01       1.04204e+01
  369  3.69e-03      1.55211e+01       2.74007e-01       1.04387e+01
  370  3.70e-03      1.54738e+01       3.13056e-01       1.04203e+01
  371  3.71e-03      1.54789e+01       2.94187e-01       1.04173e+01
  372  3.72e-03      1.55706e+01       2.62460e-01       1.04679e+01
  373  3.73e-03      1.56014e+01       2.72965e-01       1.04919e+01
  374  3.74e-03      1.55948e+01       2.67216e-01       1.04856e+01
  375  3.75e-03      1.57196e+01       2.54801e-01       1.05647e+01
  376  3.76e-03      1.57312e+01       2.54387e-01       1.05722e+01
  377  3.77e-03      1.59914e+01       3.21312e-01       1.07680e+01
  378  3.78e-03      1.60500e+01       2.70479e-01       1.07902e+01
  379  3.79e-03      1.60273e+01       3.08345e-01       1.07876e+01
  380  3.80e-03      1.60079e+01       3.04697e-01       1.07735e+01
  381  3.81e-03      1.60072e+01       2.86752e-01       1.07671e+01
  382  3.82e-03      1.60325e+01       3.02359e-01       1.07891e+01
  383  3.83e-03      1.60710e+01       3.26455e-01       1.08228e+01
  384  3.84e-03      1.62104e+01       3.06626e-01       1.09092e+01
  385  3.85e-03      1.61157e+01       3.40934e-01       1.08575e+01
  386  3.86e-03      1.60675e+01       2.76431e-01       1.08038e+01
  387  3.87e-03      1.59559e+01       2.71850e-01       1.07279e+01
  388  3.88e-03      1.57923e+01       3.14533e-01       1.06330e+01
  389  3.89e-03      1.58805e+01       3.27638e-01       1.06962e+01
  390  3.90e-03      1.59595e+01       2.97722e-01       1.07389e+01
  391  3.91e-03      1.61035e+01       3.00251e-01       1.08358e+01
  392  3.92e-03      1.62608e+01       3.31933e-01       1.09512e+01
  393  3.93e-03      1.63958e+01       3.55771e-01       1.10491e+01
  394  3.94e-03      1.65626e+01       3.30029e-01       1.11517e+01
  395  3.95e-03      1.66792e+01       4.13943e-01       1.12575e+01
  396  3.96e-03      1.67878e+01       3.03100e-01       1.12929e+01
  397  3.97e-03      1.66463e+01       3.00154e-01       1.11976e+01
  398  3.98e-03      1.66372e+01       3.77798e-01       1.12174e+01
  399  3.99e-03      1.65891e+01       2.91754e-01       1.11567e+01
  400  4.00e-03      1.67060e+01       2.88962e-01       1.12336e+01
  401  4.01e-03      1.69430e+01       3.17886e-01       1.14013e+01
  402  4.02e-03      1.70577e+01       2.36613e-01       1.14507e+01
  403  4.03e-03      1.69738e+01       3.03569e-01       1.14171e+01
  404  4.04e-03      1.69109e+01       3.47601e-01       1.13898e+01
  405  4.05e-03      1.70574e+01       2.87789e-01       1.14676e+01
  406  4.06e-03      1.72897e+01       2.73966e-01       1.16178e+01
  407  4.07e-03      1.76054e+01       3.41133e-01       1.18507e+01
  408  4.08e-03      1.75934e+01       3.16159e-01       1.18343e+01
  409  4.09e-03      1.76417e+01       3.08699e-01       1.18640e+01
  410  4.10e-03      1.77095e+01       3.90131e-01       1.19364e+01
  411  4.11e-03      1.76845e+01       3.03779e-01       1.18909e+01
  412  4.12e-03      1.77769e+01       2.79429e-01       1.19444e+01
  413  4.13e-03      1.78995e+01       3.76201e-01       1.20584e+01
  414  4.14e-03      1.78766e+01       3.32934e-01       1.20287e+01
  415  4.15e-03      1.78057e+01       3.15781e-01       1.19757e+01
  416  4.16e-03      1.78929e+01       2.75578e-01       1.20205e+01
  417  4.17e-03      1.80008e+01       3.02286e-01       1.21013e+01
  418  4.18e-03      1.80934e+01       3.22936e-01       1.21699e+01
  419  4.19e-03      1.80679e+01       2.53337e-01       1.21297e+01
  420  4.20e-03      1.78956e+01       2.63375e-01       1.20182e+01
  421  4.21e-03      1.80351e+01       2.62982e-01       1.21110e+01
  422  4.22e-03      1.81691e+01       2.86214e-01       1.22082e+01
  423  4.23e-03      1.81317e+01       3.15511e-01       1.21930e+01
  424  4.24e-03      1.83263e+01       2.83736e-01       1.23121e+01
  425  4.25e-03      1.82803e+01       2.65695e-01       1.22754e+01
  426  4.26e-03      1.83418e+01       2.94604e-01       1.23260e+01
  427  4.27e-03      1.83968e+01       3.02832e-01       1.23654e+01
  428  4.28e-03      1.84565e+01       2.92734e-01       1.24019e+01
  429  4.29e-03      1.84798e+01       3.04919e-01       1.24215e+01
  430  4.30e-03      1.85036e+01       3.17583e-01       1.24416e+01
  431  4.31e-03      1.86508e+01       2.81146e-01       1.25276e+01
  432  4.32e-03      1.86136e+01       3.62150e-01       1.25298e+01
  433  4.33e-03      1.87918e+01       3.14129e-01       1.26326e+01
  434  4.34e-03      1.86923e+01       2.64263e-01       1.25496e+01
  435  4.35e-03      1.87208e+01       3.82053e-01       1.26079e+01
  436  4.36e-03      1.87079e+01       3.60190e-01       1.25920e+01
  437  4.37e-03      1.87533e+01       3.75722e-01       1.26275e+01
  438  4.38e-03      1.88336e+01       3.42423e-01       1.26699e+01
  439  4.39e-03      1.89715e+01       3.67387e-01       1.27701e+01
  440  4.40e-03      1.91472e+01       3.41427e-01       1.28786e+01
  441  4.41e-03      1.90582e+01       4.23507e-01       1.28466e+01
  442  4.42e-03      1.92719e+01       3.32891e-01       1.29589e+01
  443  4.43e-03      1.94507e+01       3.43893e-01       1.30818e+01
  444  4.44e-03      1.94192e+01       3.14499e-01       1.30510e+01
  445  4.45e-03      1.94734e+01       2.77701e-01       1.30748e+01
  446  4.46e-03      1.95033e+01       2.98193e-01       1.31016e+01
  447  4.47e-03      1.94097e+01       2.83935e-01       1.30345e+01
  448  4.48e-03      1.95181e+01       2.83866e-01       1.31067e+01
  449  4.49e-03      1.94878e+01       3.39885e-01       1.31052e+01
  450  4.50e-03      1.95483e+01       2.65024e-01       1.31206e+01
  451  4.51e-03      1.98596e+01       2.91940e-01       1.33370e+01
  452  4.52e-03      1.98225e+01       2.84295e-01       1.33098e+01
  453  4.53e-03      1.97426e+01       2.57909e-01       1.32477e+01
  454  4.54e-03      1.96865e+01       3.04215e-01       1.32257e+01
  455  4.55e-03      1.97843e+01       3.10076e-01       1.32929e+01
  456  4.56e-03      1.98888e+01       3.15432e-01       1.33644e+01
  457  4.57e-03      1.98126e+01       2.79469e-01       1.33015e+01
  458  4.58e-03      1.99807e+01       2.95570e-01       1.34190e+01
  459  4.59e-03      2.00044e+01       3.05703e-01       1.34382e+01
  460  4.60e-03      2.01208e+01       2.67512e-01       1.35031e+01
  461  4.61e-03      2.01607e+01       2.87280e-01       1.35362e+01
  462  4.62e-03      2.03252e+01       3.09061e-01       1.36531e+01
  463  4.63e-03      2.03751e+01       2.37108e-01       1.36624e+01
  464  4.64e-03      2.03961e+01       2.76310e-01       1.36895e+01
  465  4.65e-03      2.07073e+01       3.26291e-01       1.39136e+01
  466  4.66e-03      2.05825e+01       3.08457e-01       1.38245e+01
  467  4.67e-03      2.03871e+01       2.79607e-01       1.36846e+01
  468  4.68e-03      2.04363e+01       2.36700e-01       1.37031e+01
  469  4.69e-03      2.05376e+01       2.12356e-01       1.37625e+01
  470  4.70e-03      2.03643e+01       2.31394e-01       1.36533e+01
  471  4.71e-03      2.04020e+01       2.97722e-01       1.37006e+01
  472  4.72e-03      2.03248e+01       2.49868e-01       1.36331e+01
  473  4.73e-03      2.05268e+01       2.53736e-01       1.37691e+01
  474  4.74e-03      2.04504e+01       2.93719e-01       1.37315e+01
  475  4.75e-03      2.04219e+01       2.51532e-01       1.36985e+01
  476  4.76e-03      2.03372e+01       2.41740e-01       1.36387e+01
  477  4.77e-03      2.02174e+01       2.34096e-01       1.35563e+01
  478  4.78e-03      2.03879e+01       2.37799e-01       1.36712e+01
  479  4.79e-03      2.04795e+01       2.62874e-01       1.37406e+01
  480  4.80e-03      2.04739e+01       2.59195e-01       1.37356e+01
  481  4.81e-03      2.05210e+01       2.20448e-01       1.37541e+01
  482  4.82e-03      2.05828e+01       2.75601e-01       1.38137e+01
  483  4.83e-03      2.07302e+01       2.95205e-01       1.39185e+01
  484  4.84e-03      2.07686e+01       3.58434e-01       1.39652e+01
  485  4.85e-03      2.07963e+01       3.31137e-01       1.39746e+01
  486  4.86e-03      2.08619e+01       3.71514e-01       1.40318e+01
  487  4.87e-03      2.10696e+01       3.50183e-01       1.41632e+01
  488  4.88e-03      2.09753e+01       3.31521e-01       1.40941e+01
  489  4.89e-03      2.09781e+01       2.71840e-01       1.40760e+01
  490  4.90e-03      2.10580e+01       3.15612e-01       1.41439e+01
  491  4.91e-03      2.11961e+01       3.29526e-01       1.42406e+01
  492  4.92e-03      2.14271e+01       3.38961e-01       1.43977e+01
  493  4.93e-03      2.15083e+01       3.17140e-01       1.44446e+01
  494  4.94e-03      2.15741e+01       2.93133e-01       1.44804e+01
  495  4.95e-03      2.15746e+01       3.72882e-01       1.45073e+01
  496  4.96e-03      2.17106e+01       2.95132e-01       1.45721e+01
  497  4.97e-03      2.16502e+01       2.99418e-01       1.45333e+01
  498  4.98e-03      2.17068e+01       2.95984e-01       1.45699e+01
  499  4.99e-03      2.14319e+01       2.85974e-01       1.43833e+01
  500  5.00e-03      2.14324e+01       2.89227e-01       1.43847e+01
  501  5.01e-03      2.14079e+01       3.22766e-01       1.43795e+01
  502  5.02e-03      2.14545e+01       2.72926e-01       1.43940e+01
  503  5.03e-03      2.14484e+01       2.66658e-01       1.43878e+01
  504  5.04e-03      2.13936e+01       3.12824e-01       1.43667e+01
  505  5.05e-03      2.15438e+01       3.40850e-01       1.44761e+01
  506  5.06e-03      2.15021e+01       3.27235e-01       1.44438e+01
  507  5.07e-03      2.18108e+01       3.50306e-01       1.46573e+01
  508  5.08e-03      2.16967e+01       3.21086e-01       1.45715e+01
  509  5.09e-03      2.14726e+01       3.37285e-01       1.44275e+01
  510  5.10e-03      2.14785e+01       3.29169e-01       1.44287e+01
  511  5.11e-03      2.14018e+01       2.35095e-01       1.43463e+01
  512  5.12e-03      2.14868e+01       2.74839e-01       1.44161e+01
  513  5.13e-03      2.16137e+01       2.45167e-01       1.44908e+01
  514  5.14e-03      2.19062e+01       3.21699e-01       1.47114e+01
  515  5.15e-03      2.17870e+01       2.90008e-01       1.46214e+01
  516  5.16e-03      2.20306e+01       2.71803e-01       1.47776e+01
  517  5.17e-03      2.21036e+01       2.75450e-01       1.48276e+01
  518  5.18e-03      2.20305e+01       3.65399e-01       1.48088e+01
  519  5.19e-03      2.20864e+01       2.84940e-01       1.48193e+01
  520  5.20e-03      2.20941e+01       3.42649e-01       1.48436e+01
  521  5.21e-03      2.18470e+01       3.36087e-01       1.46767e+01
  522  5.22e-03      2.16870e+01       2.89541e-01       1.45545e+01
  523  5.23e-03      2.16198e+01       3.12524e-01       1.45173e+01
  524  5.24e-03      2.16822e+01       2.95531e-01       1.45533e+01
  525  5.25e-03      2.15880e+01       2.57729e-01       1.44779e+01
  526  5.26e-03      2.16189e+01       3.32419e-01       1.45234e+01
  527  5.27e-03      2.19755e+01       2.68929e-01       1.47400e+01
  528  5.28e-03      2.19000e+01       2.49645e-01       1.46832e+01
  529  5.29e-03      2.19351e+01       3.12870e-01       1.47277e+01
  530  5.30e-03      2.20073e+01       3.02026e-01       1.47722e+01
  531  5.31e-03      2.19203e+01       3.03134e-01       1.47146e+01
  532  5.32e-03      2.20892e+01       3.22630e-01       1.48337e+01
  533  5.33e-03      2.20535e+01       2.64867e-01       1.47906e+01
  534  5.34e-03      2.21348e+01       3.38049e-01       1.48692e+01
  535  5.35e-03      2.21455e+01       3.00130e-01       1.48637e+01
  536  5.36e-03      2.23788e+01       3.40908e-01       1.50329e+01
  537  5.37e-03      2.24835e+01       2.85979e-01       1.50843e+01
  538  5.38e-03      2.25565e+01       2.40499e-01       1.51178e+01
  539  5.39e-03      2.26976e+01       2.55799e-01       1.52170e+01
  540  5.40e-03      2.27583e+01       2.73934e-01       1.52635e+01
  541  5.41e-03      2.27485e+01       2.60225e-01       1.52524e+01
  542  5.42e-03      2.27778e+01       2.57049e-01       1.52709e+01
  543  5.43e-03      2.26193e+01       2.70606e-01       1.51697e+01
  544  5.44e-03      2.27148e+01       2.20547e-01       1.52167e+01
  545  5.45e-03      2.27902e+01       2.51824e-01       1.52774e+01
  546  5.46e-03      2.26850e+01       2.96757e-01       1.52223e+01
  547  5.47e-03      2.26400e+01       2.57799e-01       1.51792e+01
  548  5.48e-03      2.30672e+01       2.76757e-01       1.54704e+01
  549  5.49e-03      2.31134e+01       3.01882e-01       1.55096e+01
  550  5.50e-03      2.34412e+01       3.24603e-01       1.57357e+01
  551  5.51e-03      2.33477e+01       2.93430e-01       1.56630e+01
  552  5.52e-03      2.34045e+01       2.54431e-01       1.56878e+01
  553  5.53e-03      2.32283e+01       3.17246e-01       1.55913e+01
  554  5.54e-03      2.34115e+01       2.58794e-01       1.56939e+01
  555  5.55e-03      2.33355e+01       2.73639e-01       1.56482e+01
  556  5.56e-03      2.34822e+01       2.76555e-01       1.57470e+01
  557  5.57e-03      2.36308e+01       3.03379e-01       1.58550e+01
  558  5.58e-03      2.36474e+01       2.40603e-01       1.58451e+01
  559  5.59e-03      2.36331e+01       2.76101e-01       1.58474e+01
  560  5.60e-03      2.36321e+01       2.57618e-01       1.58406e+01
  561  5.61e-03      2.40159e+01       2.78691e-01       1.61035e+01
  562  5.62e-03      2.41148e+01       3.04965e-01       1.61782e+01
  563  5.63e-03      2.42221e+01       2.99160e-01       1.62478e+01
  564  5.64e-03      2.41805e+01       3.15690e-01       1.62256e+01
  565  5.65e-03      2.42878e+01       3.06942e-01       1.62942e+01
  566  5.66e-03      2.43854e+01       2.51745e-01       1.63409e+01
  567  5.67e-03      2.44488e+01       2.47906e-01       1.63818e+01
  568  5.68e-03      2.46336e+01       2.77758e-01       1.65150e+01
  569  5.69e-03      2.48392e+01       2.69211e-01       1.66492e+01
  570  5.70e-03      2.48500e+01       2.81965e-01       1.66607e+01
  571  5.71e-03      2.48023e+01       2.86658e-01       1.66304e+01
  572  5.72e-03      2.49061e+01       2.68082e-01       1.66934e+01
  573  5.73e-03      2.48667e+01       3.49386e-01       1.66943e+01
  574  5.74e-03      2.50796e+01       2.61478e-01       1.68069e+01
  575  5.75e-03      2.48996e+01       2.66766e-01       1.66886e+01
  576  5.76e-03      2.51195e+01       2.53104e-01       1.68307e+01
  577  5.77e-03      2.52660e+01       2.18499e-01       1.69168e+01
  578  5.78e-03      2.51715e+01       2.35713e-01       1.68596e+01
  579  5.79e-03      2.51800e+01       2.78456e-01       1.68795e+01
  580  5.80e-03      2.52337e+01       2.91478e-01       1.69197e+01
  581  5.81e-03      2.54616e+01       2.96239e-01       1.70731e+01
  582  5.82e-03      2.52814e+01       4.11218e-01       1.69914e+01
  583  5.83e-03      2.52758e+01       3.22959e-01       1.69582e+01
  584  5.84e-03      2.54895e+01       3.18388e-01       1.70992e+01
  585  5.85e-03      2.54588e+01       3.10410e-01       1.70760e+01
  586  5.86e-03      2.52849e+01       3.39564e-01       1.69698e+01
  587  5.87e-03      2.53745e+01       3.63762e-01       1.70376e+01
  588  5.88e-03      2.56116e+01       3.17527e-01       1.71802e+01
  589  5.89e-03      2.54740e+01       2.95253e-01       1.70811e+01
  590  5.90e-03      2.56434e+01       3.07165e-01       1.71980e+01
  591  5.91e-03      2.54397e+01       3.16236e-01       1.70652e+01
  592  5.92e-03      2.56563e+01       2.75426e-01       1.71960e+01
  593  5.93e-03      2.58452e+01       3.15425e-01       1.73352e+01
  594  5.94e-03      2.57729e+01       3.03213e-01       1.72830e+01
  595  5.95e-03      2.58082e+01       3.40355e-01       1.73189e+01
  596  5.96e-03      2.58574e+01       2.59376e-01       1.73247e+01
  597  5.97e-03      2.60327e+01       3.12422e-01       1.74592e+01
  598  5.98e-03      2.59439e+01       3.04119e-01       1.73973e+01
  599  5.99e-03      2.59455e+01       2.69465e-01       1.73868e+01
  600  6.00e-03      2.58982e+01       3.14937e-01       1.73704e+01
  601  6.01e-03      2.59830e+01       2.93152e-01       1.74197e+01
  602  6.02e-03      2.58940e+01       3.19598e-01       1.73692e+01
  603  6.03e-03      2.60752e+01       3.42289e-01       1.74976e+01
  604  6.04e-03      2.58866e+01       3.81327e-01       1.73849e+01
  605  6.05e-03      2.58264e+01       2.81630e-01       1.73115e+01
  606  6.06e-03      2.59105e+01       3.40251e-01       1.73871e+01
  607  6.07e-03      2.59525e+01       3.45441e-01       1.74168e+01
  608  6.08e-03      2.59864e+01       2.69796e-01       1.74142e+01
  609  6.09e-03      2.60173e+01       3.00966e-01       1.74452e+01
  610  6.10e-03      2.63537e+01       2.94544e-01       1.76673e+01
  611  6.11e-03      2.64127e+01       2.48999e-01       1.76915e+01
  612  6.12e-03      2.64265e+01       2.74078e-01       1.77090e+01
  613  6.13e-03      2.64752e+01       3.01393e-01       1.77506e+01
  614  6.14e-03      2.68116e+01       3.02228e-01       1.79751e+01
  615  6.15e-03      2.68524e+01       2.51677e-01       1.79855e+01
  616  6.16e-03      2.70513e+01       3.12219e-01       1.81383e+01
  617  6.17e-03      2.69751e+01       3.04141e-01       1.80848e+01
  618  6.18e-03      2.70693e+01       2.41953e-01       1.81268e+01
  619  6.19e-03      2.72269e+01       3.19525e-01       1.82578e+01
  620  6.20e-03      2.72060e+01       3.12911e-01       1.82416e+01
  621  6.21e-03      2.74039e+01       2.66921e-01       1.83583e+01
  622  6.22e-03      2.74563e+01       2.57404e-01       1.83900e+01
  623  6.23e-03      2.75043e+01       2.98127e-01       1.84355e+01
  624  6.24e-03      2.77657e+01       2.86639e-01       1.86060e+01
  625  6.25e-03      2.77090e+01       2.44805e-01       1.85543e+01
  626  6.26e-03      2.78251e+01       2.27963e-01       1.86260e+01
  627  6.27e-03      2.75143e+01       1.90135e-01       1.84063e+01
  628  6.28e-03      2.77748e+01       2.54659e-01       1.86015e+01
  629  6.29e-03      2.75986e+01       2.71125e-01       1.84894e+01
  630  6.30e-03      2.79093e+01       2.64200e-01       1.86942e+01
  631  6.31e-03      2.76988e+01       2.09072e-01       1.85356e+01
  632  6.32e-03      2.76415e+01       2.51011e-01       1.85113e+01
  633  6.33e-03      2.76425e+01       2.63442e-01       1.85162e+01
  634  6.34e-03      2.74162e+01       2.54026e-01       1.83621e+01
  635  6.35e-03      2.76600e+01       2.69375e-01       1.85298e+01
  636  6.36e-03      2.77220e+01       2.80258e-01       1.85748e+01
  637  6.37e-03      2.78436e+01       2.94566e-01       1.86606e+01
  638  6.38e-03      2.78042e+01       3.34414e-01       1.86476e+01
  639  6.39e-03      2.79295e+01       2.76803e-01       1.87119e+01
  640  6.40e-03      2.76936e+01       2.99439e-01       1.85622e+01
  641  6.41e-03      2.78134e+01       2.93710e-01       1.86402e+01
  642  6.42e-03      2.77628e+01       2.86124e-01       1.86039e+01
  643  6.43e-03      2.80954e+01       3.79879e-01       1.88569e+01
  644  6.44e-03      2.82159e+01       3.43998e-01       1.89252e+01
  645  6.45e-03      2.81913e+01       3.31096e-01       1.89046e+01
  646  6.46e-03      2.83086e+01       3.34124e-01       1.89838e+01
  647  6.47e-03      2.82932e+01       3.83962e-01       1.89901e+01
  648  6.48e-03      2.84866e+01       3.21073e-01       1.90981e+01
  649  6.49e-03      2.84016e+01       3.15555e-01       1.90396e+01
  650  6.50e-03      2.84013e+01       3.16134e-01       1.90396e+01
  651  6.51e-03      2.85897e+01       3.72275e-01       1.91839e+01
  652  6.52e-03      2.85523e+01       3.17178e-01       1.91406e+01
  653  6.53e-03      2.87064e+01       2.45710e-01       1.92195e+01
  654  6.54e-03      2.87205e+01       3.97510e-01       1.92795e+01
  655  6.55e-03      2.88165e+01       3.34670e-01       1.93226e+01
  656  6.56e-03      2.88433e+01       2.95746e-01       1.93275e+01
  657  6.57e-03      2.90571e+01       4.05222e-01       1.95065e+01
  658  6.58e-03      2.92648e+01       3.51185e-01       1.96269e+01
  659  6.59e-03      2.93643e+01       2.95137e-01       1.96746e+01
  660  6.60e-03      2.93992e+01       3.48649e-01       1.97157e+01
  661  6.61e-03      2.95860e+01       3.69526e-01       1.98472e+01
  662  6.62e-03      2.98508e+01       2.99232e-01       2.00002e+01
  663  6.63e-03      2.97378e+01       2.96057e-01       1.99239e+01
  664  6.64e-03      2.99059e+01       2.94891e-01       2.00356e+01
  665  6.65e-03      2.99872e+01       3.43992e-01       2.01062e+01
  666  6.66e-03      3.02071e+01       3.16726e-01       2.02437e+01
  667  6.67e-03      3.02901e+01       3.28597e-01       2.03030e+01
  668  6.68e-03      3.04540e+01       3.98910e-01       2.04356e+01
  669  6.69e-03      3.05951e+01       3.43532e-01       2.05113e+01
  670  6.70e-03      3.06234e+01       3.45079e-01       2.05306e+01
  671  6.71e-03      3.08193e+01       3.56760e-01       2.06651e+01
  672  6.72e-03      3.08733e+01       3.53516e-01       2.07000e+01
  673  6.73e-03      3.06547e+01       2.79047e-01       2.05295e+01
  674  6.74e-03      3.08716e+01       2.30144e-01       2.06578e+01
  675  6.75e-03      3.09127e+01       2.97462e-01       2.07076e+01
  676  6.76e-03      3.08487e+01       2.54652e-01       2.06507e+01
  677  6.77e-03      3.12685e+01       2.57780e-01       2.09316e+01
  678  6.78e-03      3.10495e+01       2.53205e-01       2.07841e+01
  679  6.79e-03      3.11714e+01       2.67540e-01       2.08701e+01
  680  6.80e-03      3.15869e+01       3.13215e-01       2.11623e+01
  681  6.81e-03      3.16769e+01       2.77245e-01       2.12104e+01
  682  6.82e-03      3.17386e+01       2.74169e-01       2.12505e+01
  683  6.83e-03      3.18596e+01       3.09331e-01       2.13428e+01
  684  6.84e-03      3.18907e+01       2.53592e-01       2.13450e+01
  685  6.85e-03      3.17718e+01       2.20017e-01       2.12545e+01
  686  6.86e-03      3.20254e+01       2.79231e-01       2.14434e+01
  687  6.87e-03      3.16913e+01       3.35113e-01       2.12392e+01
  688  6.88e-03      3.17126e+01       3.37403e-01       2.12542e+01
  689  6.89e-03      3.15863e+01       2.81341e-01       2.11513e+01
  690  6.90e-03      3.14625e+01       2.86563e-01       2.10705e+01
  691  6.91e-03      3.15937e+01       3.61679e-01       2.11830e+01
  692  6.92e-03      3.14616e+01       3.19442e-01       2.10809e+01
  693  6.93e-03      3.13885e+01       2.52760e-01       2.10099e+01
  694  6.94e-03      3.13412e+01       2.79246e-01       2.09872e+01
  695  6.95e-03      3.14199e+01       2.72537e-01       2.10375e+01
  696  6.96e-03      3.11506e+01       3.43359e-01       2.08815e+01
  697  6.97e-03      3.12879e+01       2.95814e-01       2.09572e+01
  698  6.98e-03      3.13041e+01       2.97654e-01       2.09686e+01
  699  6.99e-03      3.15232e+01       3.53181e-01       2.11332e+01
  700  7.00e-03      3.16730e+01       2.55051e-01       2.12003e+01
  701  7.01e-03      3.17668e+01       2.71505e-01       2.12684e+01
  702  7.02e-03      3.20028e+01       2.72953e-01       2.14262e+01
  703  7.03e-03      3.19507e+01       2.96879e-01       2.13994e+01
  704  7.04e-03      3.21495e+01       2.62190e-01       2.15204e+01
  705  7.05e-03      3.22691e+01       2.23462e-01       2.15872e+01
  706  7.06e-03      3.21942e+01       2.83985e-01       2.15575e+01
  707  7.07e-03      3.23290e+01       2.95418e-01       2.16511e+01
  708  7.08e-03      3.20900e+01       2.94847e-01       2.14916e+01
  709  7.09e-03      3.25033e+01       2.54792e-01       2.17538e+01
  710  7.10e-03      3.25277e+01       2.89001e-01       2.17815e+01
  711  7.11e-03      3.27277e+01       3.01994e-01       2.19192e+01
  712  7.12e-03      3.28232e+01       2.78324e-01       2.19749e+01
  713  7.13e-03      3.28778e+01       3.24957e-01       2.20268e+01
  714  7.14e-03      3.28059e+01       2.94576e-01       2.19688e+01
  715  7.15e-03      3.28536e+01       2.66107e-01       2.19911e+01
  716  7.16e-03      3.31043e+01       3.35908e-01       2.21815e+01
  717  7.17e-03      3.29775e+01       3.16473e-01       2.20905e+01
  718  7.18e-03      3.32495e+01       3.20121e-01       2.22730e+01
  719  7.19e-03      3.30417e+01       3.04509e-01       2.21293e+01
  720  7.20e-03      3.33662e+01       2.93464e-01       2.23420e+01
  721  7.21e-03      3.32674e+01       2.59622e-01       2.22648e+01
  722  7.22e-03      3.34945e+01       2.69611e-01       2.24196e+01
  723  7.23e-03      3.32616e+01       2.71810e-01       2.22650e+01
  724  7.24e-03      3.32603e+01       2.79036e-01       2.22666e+01
  725  7.25e-03      3.32231e+01       2.65697e-01       2.22373e+01
  726  7.26e-03      3.34253e+01       2.62450e-01       2.23710e+01
  727  7.27e-03      3.35704e+01       2.03361e-01       2.24481e+01
  728  7.28e-03      3.34643e+01       2.96637e-01       2.24084e+01
  729  7.29e-03      3.36679e+01       2.29347e-01       2.25217e+01
  730  7.30e-03      3.34188e+01       2.80932e-01       2.23728e+01
  731  7.31e-03      3.35251e+01       2.85269e-01       2.24452e+01
  732  7.32e-03      3.32319e+01       2.71605e-01       2.22452e+01
  733  7.33e-03      3.33567e+01       2.44703e-01       2.23194e+01
  734  7.34e-03      3.31991e+01       2.67322e-01       2.22218e+01
  735  7.35e-03      3.33314e+01       2.51926e-01       2.23049e+01
  736  7.36e-03      3.33711e+01       2.86866e-01       2.23430e+01
  737  7.37e-03      3.32282e+01       3.19369e-01       2.22586e+01
  738  7.38e-03      3.35113e+01       2.32313e-01       2.24183e+01
  739  7.39e-03      3.37133e+01       2.17908e-01       2.25482e+01
  740  7.40e-03      3.36087e+01       2.72759e-01       2.24967e+01
  741  7.41e-03      3.36700e+01       2.44143e-01       2.25280e+01
  742  7.42e-03      3.39583e+01       2.70602e-01       2.27291e+01
  743  7.43e-03      3.44738e+01       2.89838e-01       2.30791e+01
  744  7.44e-03      3.46988e+01       2.24187e-01       2.32073e+01
  745  7.45e-03      3.46635e+01       2.40642e-01       2.31892e+01
  746  7.46e-03      3.47633e+01       2.41752e-01       2.32561e+01
  747  7.47e-03      3.50647e+01       2.45987e-01       2.34585e+01
  748  7.48e-03      3.49197e+01       2.72163e-01       2.33705e+01
  749  7.49e-03      3.49899e+01       2.83448e-01       2.34211e+01
  750  7.50e-03      3.48135e+01       2.75423e-01       2.33008e+01
  751  7.51e-03      3.47662e+01       2.46693e-01       2.32597e+01
  752  7.52e-03      3.48885e+01       2.95660e-01       2.33576e+01
  753  7.53e-03      3.51208e+01       2.83562e-01       2.35084e+01
  754  7.54e-03      3.48706e+01       3.11102e-01       2.33508e+01
  755  7.55e-03      3.49440e+01       2.98681e-01       2.33955e+01
  756  7.56e-03      3.51775e+01       3.51779e-01       2.35690e+01
  757  7.57e-03      3.53775e+01       3.33186e-01       2.36960e+01
  758  7.58e-03      3.54484e+01       3.00338e-01       2.37324e+01
  759  7.59e-03      3.54066e+01       2.80679e-01       2.36979e+01
  760  7.60e-03      3.56933e+01       2.61243e-01       2.38826e+01
  761  7.61e-03      3.57339e+01       2.90481e-01       2.39194e+01
  762  7.62e-03      3.59377e+01       2.92098e-01       2.40558e+01
  763  7.63e-03      3.60834e+01       2.65719e-01       2.41442e+01
  764  7.64e-03      3.60763e+01       2.84438e-01       2.41457e+01
  765  7.65e-03      3.62660e+01       2.87445e-01       2.42731e+01
  766  7.66e-03      3.62589e+01       2.84435e-01       2.42674e+01
  767  7.67e-03      3.64247e+01       2.88325e-01       2.43793e+01
  768  7.68e-03      3.62719e+01       2.87127e-01       2.42769e+01
  769  7.69e-03      3.63660e+01       2.22322e-01       2.43181e+01
  770  7.70e-03      3.65661e+01       3.12166e-01       2.44815e+01
  771  7.71e-03      3.64053e+01       2.64785e-01       2.43585e+01
  772  7.72e-03      3.66357e+01       3.14207e-01       2.45285e+01
  773  7.73e-03      3.67611e+01       2.94494e-01       2.46056e+01
  774  7.74e-03      3.67566e+01       2.87022e-01       2.46000e+01
  775  7.75e-03      3.64897e+01       2.39409e-01       2.44062e+01
  776  7.76e-03      3.67154e+01       2.80680e-01       2.45705e+01
  777  7.77e-03      3.68767e+01       3.06385e-01       2.46866e+01
  778  7.78e-03      3.71493e+01       3.15016e-01       2.48712e+01
  779  7.79e-03      3.73076e+01       2.60575e-01       2.49586e+01
  780  7.80e-03      3.75811e+01       2.62395e-01       2.51416e+01
  781  7.81e-03      3.74692e+01       2.58355e-01       2.50656e+01
  782  7.82e-03      3.73053e+01       2.80366e-01       2.49636e+01
  783  7.83e-03      3.75734e+01       3.21958e-01       2.51562e+01
  784  7.84e-03      3.75793e+01       2.90433e-01       2.51497e+01
  785  7.85e-03      3.76383e+01       3.08336e-01       2.51950e+01
  786  7.86e-03      3.76713e+01       3.70719e-01       2.52378e+01
  787  7.87e-03      3.77826e+01       3.04149e-01       2.52898e+01
  788  7.88e-03      3.77199e+01       3.28378e-01       2.52561e+01
  789  7.89e-03      3.77371e+01       2.81592e-01       2.52520e+01
  790  7.90e-03      3.78467e+01       3.31712e-01       2.53417e+01
  791  7.91e-03      3.79850e+01       3.13360e-01       2.54278e+01
  792  7.92e-03      3.78722e+01       2.85524e-01       2.53433e+01
  793  7.93e-03      3.79257e+01       3.28828e-01       2.53934e+01
  794  7.94e-03      3.79686e+01       2.98565e-01       2.54119e+01
  795  7.95e-03      3.81128e+01       3.44242e-01       2.55233e+01
  796  7.96e-03      3.81130e+01       2.71521e-01       2.54992e+01
  797  7.97e-03      3.80800e+01       4.08855e-01       2.55230e+01
  798  7.98e-03      3.83571e+01       3.22327e-01       2.56788e+01
  799  7.99e-03      3.84257e+01       3.76184e-01       2.57425e+01
  800  8.00e-03      3.86054e+01       2.70256e-01       2.58270e+01
  801  8.01e-03      3.86460e+01       4.05716e-01       2.58992e+01
  802  8.02e-03      3.88597e+01       3.42981e-01       2.60208e+01
  803  8.03e-03      3.91552e+01       3.02532e-01       2.62043e+01
  804  8.04e-03      3.89241e+01       2.97946e-01       2.60487e+01
  805  8.05e-03      3.90056e+01       2.74064e-01       2.60951e+01
  806  8.06e-03      3.88204e+01       3.04061e-01       2.59816e+01
  807  8.07e-03      3.87684e+01       2.55907e-01       2.59309e+01
  808  8.08e-03      3.87194e+01       2.95153e-01       2.59113e+01
  809  8.09e-03      3.85045e+01       3.26727e-01       2.57786e+01
  810  8.10e-03      3.84902e+01       2.74862e-01       2.57517e+01
  811  8.11e-03      3.83910e+01       3.43840e-01       2.57086e+01
  812  8.12e-03      3.83887e+01       3.03923e-01       2.56938e+01
  813  8.13e-03      3.82544e+01       2.81489e-01       2.55968e+01
  814  8.14e-03      3.81798e+01       2.84890e-01       2.55482e+01
  815  8.15e-03      3.79496e+01       3.44338e-01       2.54145e+01
  816  8.16e-03      3.81061e+01       2.83411e-01       2.54986e+01
  817  8.17e-03      3.79284e+01       3.52740e-01       2.54032e+01
  818  8.18e-03      3.79934e+01       3.47967e-01       2.54449e+01
  819  8.19e-03      3.79592e+01       2.88420e-01       2.54023e+01
  820  8.20e-03      3.83500e+01       3.05223e-01       2.56684e+01
  821  8.21e-03      3.86045e+01       3.15270e-01       2.58414e+01
  822  8.22e-03      3.87836e+01       2.99819e-01       2.59557e+01
  823  8.23e-03      3.89808e+01       2.93638e-01       2.60851e+01
  824  8.24e-03      3.92832e+01       3.43278e-01       2.63032e+01
  825  8.25e-03      3.93327e+01       3.55810e-01       2.63404e+01
  826  8.26e-03      3.93715e+01       4.20106e-01       2.63877e+01
  827  8.27e-03      3.95648e+01       3.84825e-01       2.65048e+01
  828  8.28e-03      3.95284e+01       3.21400e-01       2.64594e+01
  829  8.29e-03      3.95673e+01       3.91782e-01       2.65088e+01
  830  8.30e-03      3.94851e+01       3.36721e-01       2.64357e+01
  831  8.31e-03      3.95473e+01       3.87300e-01       2.64939e+01
  832  8.32e-03      3.94869e+01       3.08193e-01       2.64273e+01
  833  8.33e-03      3.93175e+01       2.99759e-01       2.63116e+01
  834  8.34e-03      3.91836e+01       3.54116e-01       2.62405e+01
  835  8.35e-03      3.96304e+01       3.32748e-01       2.65312e+01
  836  8.36e-03      3.96770e+01       3.28554e-01       2.65608e+01
  837  8.37e-03      3.99205e+01       3.49515e-01       2.67302e+01
  838  8.38e-03      3.99973e+01       3.53881e-01       2.67828e+01
  839  8.39e-03      4.00591e+01       3.09512e-01       2.68092e+01
  840  8.40e-03      4.01844e+01       3.32301e-01       2.69004e+01
  841  8.41e-03      4.03855e+01       3.51768e-01       2.70409e+01
  842  8.42e-03      4.05163e+01       3.27354e-01       2.71200e+01
  843  8.43e-03      4.06638e+01       3.25321e-01       2.72177e+01
  844  8.44e-03      4.07174e+01       2.73638e-01       2.72362e+01
  845  8.45e-03      4.07038e+01       3.08426e-01       2.72387e+01
  846  8.46e-03      4.10207e+01       3.17610e-01       2.74530e+01
  847  8.47e-03      4.09510e+01       2.63209e-01       2.73884e+01
  848  8.48e-03      4.13176e+01       2.75326e-01       2.76368e+01
  849  8.49e-03      4.11133e+01       2.90960e-01       2.75059e+01
  850  8.50e-03      4.13253e+01       2.90520e-01       2.76470e+01
  851  8.51e-03      4.13308e+01       3.41114e-01       2.76676e+01
  852  8.52e-03      4.14120e+01       2.79810e-01       2.77013e+01
  853  8.53e-03      4.18694e+01       2.60516e-01       2.79998e+01
  854  8.54e-03      4.18652e+01       2.62157e-01       2.79975e+01
  855  8.55e-03      4.21593e+01       3.04978e-01       2.82078e+01
  856  8.56e-03      4.17947e+01       3.01180e-01       2.79635e+01
  857  8.57e-03      4.18150e+01       2.90382e-01       2.79735e+01
  858  8.58e-03      4.19050e+01       3.34150e-01       2.80481e+01
  859  8.59e-03      4.21937e+01       3.31002e-01       2.82395e+01
  860  8.60e-03      4.18721e+01       2.82359e-01       2.80088e+01
  861  8.61e-03      4.23070e+01       3.63940e-01       2.83260e+01
  862  8.62e-03      4.23676e+01       3.13516e-01       2.83495e+01
  863  8.63e-03      4.22868e+01       3.76523e-01       2.83167e+01
  864  8.64e-03      4.25199e+01       2.68573e-01       2.84361e+01
  865  8.65e-03      4.27260e+01       3.27630e-01       2.85932e+01
  866  8.66e-03      4.27954e+01       2.70456e-01       2.86204e+01
  867  8.67e-03      4.28802e+01       3.59234e-01       2.87066e+01
  868  8.68e-03      4.29026e+01       4.00186e-01       2.87351e+01
  869  8.69e-03      4.29251e+01       3.54488e-01       2.87349e+01
  870  8.70e-03      4.32044e+01       3.11846e-01       2.89069e+01
  871  8.71e-03      4.29051e+01       2.78873e-01       2.86963e+01
  872  8.72e-03      4.28432e+01       2.96575e-01       2.86610e+01
  873  8.73e-03      4.29313e+01       3.50088e-01       2.87376e+01
  874  8.74e-03      4.30086e+01       3.08495e-01       2.87752e+01
  875  8.75e-03      4.31202e+01       2.95581e-01       2.88453e+01
  876  8.76e-03      4.32403e+01       2.96287e-01       2.89256e+01
  877  8.77e-03      4.33336e+01       2.82141e-01       2.89831e+01
  878  8.78e-03      4.35123e+01       2.70335e-01       2.90983e+01
  879  8.79e-03      4.36780e+01       2.87424e-01       2.92145e+01
  880  8.80e-03      4.35185e+01       3.00575e-01       2.91125e+01
  881  8.81e-03      4.35059e+01       2.85082e-01       2.90990e+01
  882  8.82e-03      4.35921e+01       2.57180e-01       2.91471e+01
  883  8.83e-03      4.37047e+01       2.30368e-01       2.92132e+01
  884  8.84e-03      4.36157e+01       2.44950e-01       2.91588e+01
  885  8.85e-03      4.36189e+01       2.40812e-01       2.91595e+01
  886  8.86e-03      4.37523e+01       2.94822e-01       2.92665e+01
  887  8.87e-03      4.39809e+01       2.84664e-01       2.94155e+01
  888  8.88e-03      4.40882e+01       2.43690e-01       2.94734e+01
  889  8.89e-03      4.39722e+01       2.65628e-01       2.94033e+01
  890  8.90e-03      4.39620e+01       2.73203e-01       2.93991e+01
  891  8.91e-03      4.37931e+01       3.35556e-01       2.93073e+01
  892  8.92e-03      4.35362e+01       2.57652e-01       2.91100e+01
  893  8.93e-03      4.36434e+01       2.78366e-01       2.91884e+01
  894  8.94e-03      4.36698e+01       3.24246e-01       2.92213e+01
  895  8.95e-03      4.39389e+01       3.17929e-01       2.93986e+01
  896  8.96e-03      4.37573e+01       3.01667e-01       2.92721e+01
  897  8.97e-03      4.39098e+01       2.59137e-01       2.93596e+01
  898  8.98e-03      4.38598e+01       2.71223e-01       2.93303e+01
  899  8.99e-03      4.41051e+01       2.96256e-01       2.95022e+01
  900  9.00e-03      4.40459e+01       3.08102e-01       2.94666e+01
  901  9.01e-03      4.42033e+01       3.00981e-01       2.95692e+01
  902  9.02e-03      4.42297e+01       2.79029e-01       2.95795e+01
  903  9.03e-03      4.44570e+01       2.70952e-01       2.97283e+01
  904  9.04e-03      4.45445e+01       2.85569e-01       2.97915e+01
  905  9.05e-03      4.46516e+01       2.79182e-01       2.98608e+01
  906  9.06e-03      4.48627e+01       2.89424e-01       3.00050e+01
  907  9.07e-03      4.51538e+01       2.76089e-01       3.01946e+01
  908  9.08e-03      4.53254e+01       2.67362e-01       3.03061e+01
  909  9.09e-03      4.55264e+01       2.52537e-01       3.04351e+01
  910  9.10e-03      4.54595e+01       2.69494e-01       3.03961e+01
  911  9.11e-03      4.55470e+01       2.70068e-01       3.04547e+01
  912  9.12e-03      4.54268e+01       2.50696e-01       3.03681e+01
  913  9.13e-03      4.55535e+01       2.66357e-01       3.04578e+01
  914  9.14e-03      4.56452e+01       2.52757e-01       3.05144e+01
  915  9.15e-03      4.56873e+01       3.66275e-01       3.05803e+01
  916  9.16e-03      4.57512e+01       3.12653e-01       3.06050e+01
  917  9.17e-03      4.58010e+01       3.83312e-01       3.06618e+01
  918  9.18e-03      4.59000e+01       3.29566e-01       3.07098e+01
  919  9.19e-03      4.62378e+01       3.44576e-01       3.09401e+01
  920  9.20e-03      4.62540e+01       3.74281e-01       3.09608e+01
  921  9.21e-03      4.63293e+01       3.42188e-01       3.10002e+01
  922  9.22e-03      4.64329e+01       3.02816e-01       3.10562e+01
  923  9.23e-03      4.63497e+01       3.78822e-01       3.10260e+01
  924  9.24e-03      4.65793e+01       3.41206e-01       3.11666e+01
  925  9.25e-03      4.68560e+01       3.26154e-01       3.13460e+01
  926  9.26e-03      4.67682e+01       3.42114e-01       3.12928e+01
  927  9.27e-03      4.66509e+01       3.04402e-01       3.12021e+01
  928  9.28e-03      4.68328e+01       2.95133e-01       3.13202e+01
  929  9.29e-03      4.67095e+01       3.02714e-01       3.12406e+01
  930  9.30e-03      4.68922e+01       3.13956e-01       3.13661e+01
  931  9.31e-03      4.68341e+01       3.53123e-01       3.13405e+01
  932  9.32e-03      4.64799e+01       3.88198e-01       3.11160e+01
  933  9.33e-03      4.63106e+01       3.18835e-01       3.09800e+01
  934  9.34e-03      4.62818e+01       3.35215e-01       3.09663e+01
  935  9.35e-03      4.64119e+01       3.05852e-01       3.10432e+01
  936  9.36e-03      4.65936e+01       2.62920e-01       3.11501e+01
  937  9.37e-03      4.67180e+01       3.08617e-01       3.12482e+01
  938  9.38e-03      4.68733e+01       2.72149e-01       3.13396e+01
  939  9.39e-03      4.70899e+01       2.67700e-01       3.14825e+01
  940  9.40e-03      4.71133e+01       3.43349e-01       3.15233e+01
  941  9.41e-03      4.71677e+01       3.10087e-01       3.15485e+01
  942  9.42e-03      4.73655e+01       2.98265e-01       3.16764e+01
  943  9.43e-03      4.70533e+01       2.63828e-01       3.14568e+01
  944  9.44e-03      4.72571e+01       3.01539e-01       3.16053e+01
  945  9.45e-03      4.75034e+01       2.49818e-01       3.17522e+01
  946  9.46e-03      4.76041e+01       3.35361e-01       3.18479e+01
  947  9.47e-03      4.77219e+01       3.64955e-01       3.19362e+01
  948  9.48e-03      4.79776e+01       2.58833e-01       3.20713e+01
  949  9.49e-03      4.77914e+01       3.05438e-01       3.19627e+01
  950  9.50e-03      4.77787e+01       2.89564e-01       3.19490e+01
  951  9.51e-03      4.77885e+01       3.03458e-01       3.19602e+01
  952  9.52e-03      4.77693e+01       3.28021e-01       3.19556e+01
  953  9.53e-03      4.78691e+01       2.83885e-01       3.20074e+01
  954  9.54e-03      4.74930e+01       2.99731e-01       3.17619e+01
  955  9.55e-03      4.76026e+01       2.90101e-01       3.18318e+01
  956  9.56e-03      4.73935e+01       2.77990e-01       3.16884e+01
  957  9.57e-03      4.74342e+01       2.33729e-01       3.17007e+01
  958  9.58e-03      4.76098e+01       2.90041e-01       3.18366e+01
  959  9.59e-03      4.74415e+01       2.76604e-01       3.17199e+01
  960  9.60e-03      4.75042e+01       2.66016e-01       3.17581e+01
  961  9.61e-03      4.76085e+01       2.74677e-01       3.18305e+01
  962  9.62e-03      4.75871e+01       2.50121e-01       3.18081e+01
  963  9.63e-03      4.76198e+01       2.68169e-01       3.18360e+01
  964  9.64e-03      4.80498e+01       2.13741e-01       3.21045e+01
  965  9.65e-03      4.78862e+01       2.49353e-01       3.20073e+01
  966  9.66e-03      4.80740e+01       2.62104e-01       3.21367e+01
  967  9.67e-03      4.78505e+01       2.65647e-01       3.19889e+01
  968  9.68e-03      4.79481e+01       2.57473e-01       3.20513e+01
  969  9.69e-03      4.79822e+01       2.66008e-01       3.20768e+01
  970  9.70e-03      4.81724e+01       2.63960e-01       3.22029e+01
  971  9.71e-03      4.83309e+01       2.77340e-01       3.23131e+01
  972  9.72e-03      4.82636e+01       3.03789e-01       3.22770e+01
  973  9.73e-03      4.84021e+01       2.46448e-01       3.23502e+01
  974  9.74e-03      4.82826e+01       3.07258e-01       3.22909e+01
  975  9.75e-03      4.85569e+01       3.08451e-01       3.24741e+01
  976  9.76e-03      4.85761e+01       2.78108e-01       3.24768e+01
  977  9.77e-03      4.87900e+01       3.06915e-01       3.26290e+01
  978  9.78e-03      4.91847e+01       3.18095e-01       3.28958e+01
  979  9.79e-03      4.94571e+01       3.46308e-01       3.30868e+01
  980  9.80e-03      4.95219e+01       2.77364e-01       3.31071e+01
  981  9.81e-03      4.99395e+01       2.80521e-01       3.33865e+01
  982  9.82e-03      4.99358e+01       2.39307e-01       3.33703e+01
  983  9.83e-03      4.99570e+01       3.10167e-01       3.34081e+01
  984  9.84e-03      5.01779e+01       3.15755e-01       3.35572e+01
  985  9.85e-03      5.00472e+01       3.16087e-01       3.34701e+01
  986  9.86e-03      4.99882e+01       2.87159e-01       3.34212e+01
  987  9.87e-03      4.99181e+01       3.41997e-01       3.33927e+01
  988  9.88e-03      5.01809e+01       3.17128e-01       3.35597e+01
  989  9.89e-03      5.05136e+01       2.91421e-01       3.37729e+01
  990  9.90e-03      5.05808e+01       3.09262e-01       3.38236e+01
  991  9.91e-03      5.04092e+01       3.12541e-01       3.37103e+01
  992  9.92e-03      5.03873e+01       2.90694e-01       3.36885e+01
  993  9.93e-03      5.05611e+01       2.87604e-01       3.38033e+01
  994  9.94e-03      5.04657e+01       3.21571e-01       3.37510e+01
  995  9.95e-03      5.07687e+01       2.69809e-01       3.39358e+01
  996  9.96e-03      5.07626e+01       2.24506e-01       3.39166e+01
  997  9.97e-03      5.11038e+01       2.84678e-01       3.41641e+01
  998  9.98e-03      5.10663e+01       2.26242e-01       3.41196e+01
  999  9.99e-03      5.13541e+01       2.61043e-01       3.43231e+01
