Delta = -6.316e+00 gamma
 step      t        T_in_plane/mK   T_out_of_plane/mK   T_tot/mK
    0  0.00e+00      4.67733e+00       0.00000e+00       3.11822e+00
    1  2.00e-06      4.59871e+00       1.53414e-03       3.06632e+00
    2  4.00e-06      4.58557e+00       2.64128e-03       3.05793e+00
    3  6.00e-06      4.63551e+00       2.73861e-03       3.09125e+00
    4  8.00e-06      4.62893e+00       4.31157e-03       3.08739e+00
    5  1.00e-05      4.58938e+00       4.33959e-03       3.06103e+00
    6  1.20e-05      4.60663e+00       5.60927e-03       3.07296e+00
    7  1.40e-05      4.58095e+00       6.62644e-03       3.05618e+00
    8  1.60e-05      4.57075e+00       8.85703e-03       3.05012e+00
    9  1.80e-05      4.53936e+00       9.17528e-03       3.02930e+00
   10  2.00e-05      4.53927e+00       1.05197e-02       3.02968e+00
   11  2.20e-05      4.53369e+00       9.28790e-03       3.02556e+00
   12  2.40e-05      4.49324e+00       1.03096e-02       2.99893e+00
   13  2.60e-05      4.48414e+00       9.76440e-03       2.99268e+00
   14  2.80e-05      4.50286e+00       1.17200e-02       3.00581e+00
   15  3.00e-05      4.51223e+00       1.22989e-02       3.01226e+00
   16  3.20e-05      4.50019e+00       1.14016e-02       3.00392e+00
   17  3.40e-05      4.49520e+00       1.33056e-02       3.00123e+00
   18  3.60e-05      4.45668e+00       1.66730e-02       2.97668e+00
   19  3.80e-05      4.43704e+00       1.78915e-02       2.96399e+00
   20  4.00e-05      4.41456e+00       1.37766e-02       2.94763e+00
   21  4.20e-05      4.41093e+00       1.67075e-02       2.94619e+00
   22  4.40e-05      4.43765e+00       1.84648e-02       2.96459e+00
   23  4.60e-05      4.38758e+00       1.56527e-02       2.93027e+00
   24  4.80e-05      4.40747e+00       1.79997e-02       2.94431e+00
   25  5.00e-05      4.39852e+00       1.54668e-02       2.93750e+00
   26  5.20e-05      4.38914e+00       1.80113e-02       2.93210e+00
   27  5.40e-05      4.40190e+00       2.39773e-02       2.94259e+00
   28  5.60e-05      4.40792e+00       2.16793e-02       2.94584e+00
   29  5.80e-05      4.37951e+00       1.85488e-02       2.92586e+00
   30  6.00e-05      4.39658e+00       2.21552e-02       2.93844e+00
   31  6.20e-05      4.40543e+00       1.92015e-02       2.94335e+00
   32  6.40e-05      4.41099e+00       2.29230e-02       2.94830e+00
   33  6.60e-05      4.41455e+00       2.13320e-02       2.95014e+00
   34  6.80e-05      4.41686e+00       2.55306e-02       2.95308e+00
   35  7.00e-05      4.42467e+00       2.45297e-02       2.95796e+00
   36  7.20e-05      4.41654e+00       2.53534e-02       2.95281e+00
   37  7.40e-05      4.40299e+00       2.83922e-02       2.94479e+00
   38  7.60e-05      4.39454e+00       2.90348e-02       2.93937e+00
   39  7.80e-05      4.38936e+00       3.07069e-02       2.93647e+00
   40  8.00e-05      4.38806e+00       2.87042e-02       2.93494e+00
   41  8.20e-05      4.36742e+00       3.36146e-02       2.92282e+00
   42  8.40e-05      4.37822e+00       3.20946e-02       2.92951e+00
   43  8.60e-05      4.35375e+00       3.47054e-02       2.91407e+00
   44  8.80e-05      4.38947e+00       2.93817e-02       2.93611e+00
   45  9.00e-05      4.40016e+00       3.98679e-02       2.94673e+00
   46  9.20e-05      4.42860e+00       3.59801e-02       2.96439e+00
   47  9.40e-05      4.41447e+00       3.87767e-02       2.95590e+00
   48  9.60e-05      4.41157e+00       4.00499e-02       2.95440e+00
   49  9.80e-05      4.42117e+00       3.86863e-02       2.96034e+00
   50  1.00e-04      4.40600e+00       4.37393e-02       2.95191e+00
   51  1.02e-04      4.41527e+00       4.48909e-02       2.95848e+00
   52  1.04e-04      4.41175e+00       3.89197e-02       2.95414e+00
   53  1.06e-04      4.43433e+00       4.74218e-02       2.97203e+00
   54  1.08e-04      4.44574e+00       5.26887e-02       2.98139e+00
   55  1.10e-04      4.44302e+00       4.56675e-02       2.97723e+00
   56  1.12e-04      4.40931e+00       5.02853e-02       2.95630e+00
   57  1.14e-04      4.40377e+00       4.56154e-02       2.95105e+00
   58  1.16e-04      4.39898e+00       5.18513e-02       2.94994e+00
   59  1.18e-04      4.39923e+00       5.37727e-02       2.95074e+00
   60  1.20e-04      4.36587e+00       4.17942e-02       2.92451e+00
   61  1.22e-04      4.37954e+00       5.18211e-02       2.93696e+00
   62  1.24e-04      4.35581e+00       4.63132e-02       2.91931e+00
   63  1.26e-04      4.35518e+00       6.21194e-02       2.92416e+00
   64  1.28e-04      4.34080e+00       4.48862e-02       2.90883e+00
   65  1.30e-04      4.33637e+00       4.69944e-02       2.90658e+00
   66  1.32e-04      4.33794e+00       5.78629e-02       2.91124e+00
   67  1.34e-04      4.31413e+00       5.89133e-02       2.89572e+00
   68  1.36e-04      4.35099e+00       5.49293e-02       2.91897e+00
   69  1.38e-04      4.35073e+00       5.53529e-02       2.91894e+00
   70  1.40e-04      4.36146e+00       7.37895e-02       2.93224e+00
   71  1.42e-04      4.34095e+00       6.34312e-02       2.91511e+00
   72  1.44e-04      4.32809e+00       6.43961e-02       2.90686e+00
   73  1.46e-04      4.30474e+00       5.67884e-02       2.88876e+00
   74  1.48e-04      4.30556e+00       6.05431e-02       2.89056e+00
   75  1.50e-04      4.32040e+00       6.74228e-02       2.90274e+00
   76  1.52e-04      4.31443e+00       5.82694e-02       2.89571e+00
   77  1.54e-04      4.31835e+00       5.88795e-02       2.89853e+00
   78  1.56e-04      4.31201e+00       6.51216e-02       2.89638e+00
   79  1.58e-04      4.30046e+00       7.57673e-02       2.89223e+00
   80  1.60e-04      4.27338e+00       7.19224e-02       2.87290e+00
   81  1.62e-04      4.28574e+00       6.36278e-02       2.87837e+00
   82  1.64e-04      4.29022e+00       5.60058e-02       2.87882e+00
   83  1.66e-04      4.29292e+00       6.50068e-02       2.88361e+00
   84  1.68e-04      4.31008e+00       5.56658e-02       2.89194e+00
   85  1.70e-04      4.31558e+00       6.58672e-02       2.89901e+00
   86  1.72e-04      4.31709e+00       5.37025e-02       2.89596e+00
   87  1.74e-04      4.30898e+00       7.19341e-02       2.89663e+00
   88  1.76e-04      4.29547e+00       8.75707e-02       2.89284e+00
   89  1.78e-04      4.29562e+00       8.17015e-02       2.89098e+00
   90  1.80e-04      4.28451e+00       7.55546e-02       2.88152e+00
   91  1.82e-04      4.28117e+00       8.09718e-02       2.88110e+00
   92  1.84e-04      4.28054e+00       7.76139e-02       2.87956e+00
   93  1.86e-04      4.31333e+00       7.15438e-02       2.89940e+00
   94  1.88e-04      4.31703e+00       7.58262e-02       2.90329e+00
   95  1.90e-04      4.33624e+00       7.83006e-02       2.91693e+00
   96  1.92e-04      4.32312e+00       9.28630e-02       2.91303e+00
   97  1.94e-04      4.35680e+00       8.56449e-02       2.93308e+00
   98  1.96e-04      4.34749e+00       7.58933e-02       2.92363e+00
   99  1.98e-04      4.30357e+00       9.27921e-02       2.89998e+00
  100  2.00e-04      4.31451e+00       7.68440e-02       2.90196e+00
  101  2.02e-04      4.32384e+00       8.68277e-02       2.91150e+00
  102  2.04e-04      4.29941e+00       7.87598e-02       2.89253e+00
  103  2.06e-04      4.28553e+00       8.61446e-02       2.88574e+00
  104  2.08e-04      4.26268e+00       8.18625e-02       2.86908e+00
  105  2.10e-04      4.25160e+00       8.34806e-02       2.86223e+00
  106  2.12e-04      4.28812e+00       7.48161e-02       2.88369e+00
  107  2.14e-04      4.27012e+00       1.01050e-01       2.88043e+00
  108  2.16e-04      4.26684e+00       8.74620e-02       2.87371e+00
  109  2.18e-04      4.26248e+00       9.38642e-02       2.87294e+00
  110  2.20e-04      4.23592e+00       8.81550e-02       2.85333e+00
  111  2.22e-04      4.23972e+00       9.83809e-02       2.85927e+00
  112  2.24e-04      4.24060e+00       9.42877e-02       2.85849e+00
  113  2.26e-04      4.21702e+00       9.69962e-02       2.84368e+00
  114  2.28e-04      4.19178e+00       9.07324e-02       2.82477e+00
  115  2.30e-04      4.19016e+00       1.02755e-01       2.82769e+00
  116  2.32e-04      4.21106e+00       1.05690e-01       2.84260e+00
  117  2.34e-04      4.21796e+00       1.10769e-01       2.84890e+00
  118  2.36e-04      4.20226e+00       1.17606e-01       2.84071e+00
  119  2.38e-04      4.19660e+00       1.05439e-01       2.83288e+00
  120  2.40e-04      4.19709e+00       1.07171e-01       2.83378e+00
  121  2.42e-04      4.20237e+00       8.90759e-02       2.83127e+00
  122  2.44e-04      4.19990e+00       8.78109e-02       2.82921e+00
  123  2.46e-04      4.20027e+00       1.24740e-01       2.84176e+00
  124  2.48e-04      4.20518e+00       1.02788e-01       2.83772e+00
  125  2.50e-04      4.19944e+00       1.30593e-01       2.84315e+00
  126  2.52e-04      4.18912e+00       1.29453e-01       2.83590e+00
  127  2.54e-04      4.19258e+00       1.25624e-01       2.83693e+00
  128  2.56e-04      4.19004e+00       1.31377e-01       2.83715e+00
  129  2.58e-04      4.16627e+00       1.03840e-01       2.81212e+00
  130  2.60e-04      4.20738e+00       1.12053e-01       2.84227e+00
  131  2.62e-04      4.22224e+00       1.16164e-01       2.85355e+00
  132  2.64e-04      4.22591e+00       1.35913e-01       2.86257e+00
  133  2.66e-04      4.19822e+00       1.17134e-01       2.83786e+00
  134  2.68e-04      4.20194e+00       1.28277e-01       2.84406e+00
  135  2.70e-04      4.18918e+00       1.32087e-01       2.83682e+00
  136  2.72e-04      4.20842e+00       1.41142e-01       2.85266e+00
  137  2.74e-04      4.18518e+00       1.30939e-01       2.83377e+00
  138  2.76e-04      4.18574e+00       1.03021e-01       2.82484e+00
  139  2.78e-04      4.19354e+00       1.10952e-01       2.83268e+00
  140  2.80e-04      4.16201e+00       1.25544e-01       2.81652e+00
  141  2.82e-04      4.13705e+00       1.20367e-01       2.79816e+00
  142  2.84e-04      4.11043e+00       1.22432e-01       2.78110e+00
  143  2.86e-04      4.10775e+00       1.39602e-01       2.78503e+00
  144  2.88e-04      4.10770e+00       1.46374e-01       2.78726e+00
  145  2.90e-04      4.11124e+00       1.46962e-01       2.78982e+00
  146  2.92e-04      4.07741e+00       1.49137e-01       2.76799e+00
  147  2.94e-04      4.09058e+00       1.38343e-01       2.77317e+00
  148  2.96e-04      4.10437e+00       1.37728e-01       2.78216e+00
  149  2.98e-04      4.10879e+00       1.40447e-01       2.78601e+00
  150  3.00e-04      4.10925e+00       1.47891e-01       2.78880e+00
  151  3.02e-04      4.09517e+00       1.24373e-01       2.77157e+00
  152  3.04e-04      4.11994e+00       1.54041e-01       2.79797e+00
  153  3.06e-04      4.08983e+00       1.34457e-01       2.77137e+00
  154  3.08e-04      4.10001e+00       1.71947e-01       2.79066e+00
  155  3.10e-04      4.10768e+00       1.35857e-01       2.78374e+00
  156  3.12e-04      4.11785e+00       1.39410e-01       2.79170e+00
  157  3.14e-04      4.10691e+00       1.53832e-01       2.78922e+00
  158  3.16e-04      4.08478e+00       1.29285e-01       2.76628e+00
  159  3.18e-04      4.08683e+00       1.32631e-01       2.76876e+00
  160  3.20e-04      4.09236e+00       1.22181e-01       2.76897e+00
  161  3.22e-04      4.07310e+00       1.31356e-01       2.75918e+00
  162  3.24e-04      4.09309e+00       1.24905e-01       2.77036e+00
  163  3.26e-04      4.11201e+00       1.57594e-01       2.79387e+00
  164  3.28e-04      4.10663e+00       1.44201e-01       2.78582e+00
  165  3.30e-04      4.10140e+00       1.49215e-01       2.78400e+00
  166  3.32e-04      4.14818e+00       1.50073e-01       2.81548e+00
  167  3.34e-04      4.12769e+00       1.55577e-01       2.80365e+00
  168  3.36e-04      4.08927e+00       1.71385e-01       2.78331e+00
  169  3.38e-04      4.06131e+00       1.32820e-01       2.75182e+00
  170  3.40e-04      4.04537e+00       1.96008e-01       2.76225e+00
  171  3.42e-04      4.02685e+00       1.53411e-01       2.73570e+00
  172  3.44e-04      4.05966e+00       1.81358e-01       2.76690e+00
  173  3.46e-04      4.03856e+00       1.75882e-01       2.75100e+00
  174  3.48e-04      4.03126e+00       1.56536e-01       2.73968e+00
  175  3.50e-04      4.03950e+00       1.57300e-01       2.74543e+00
  176  3.52e-04      4.03945e+00       1.33625e-01       2.73751e+00
  177  3.54e-04      4.06073e+00       1.60607e-01       2.76069e+00
  178  3.56e-04      4.08513e+00       1.41207e-01       2.77049e+00
  179  3.58e-04      4.08067e+00       1.78666e-01       2.78000e+00
  180  3.60e-04      4.06331e+00       1.66176e-01       2.76426e+00
  181  3.62e-04      4.05274e+00       2.06634e-01       2.77070e+00
  182  3.64e-04      4.04255e+00       1.79260e-01       2.75479e+00
  183  3.66e-04      4.04829e+00       1.79161e-01       2.75858e+00
  184  3.68e-04      4.03313e+00       1.99918e-01       2.75540e+00
  185  3.70e-04      4.02183e+00       1.61729e-01       2.73513e+00
  186  3.72e-04      4.02167e+00       1.83652e-01       2.74233e+00
  187  3.74e-04      4.02477e+00       1.74121e-01       2.74122e+00
  188  3.76e-04      4.04362e+00       1.76155e-01       2.75446e+00
  189  3.78e-04      4.02183e+00       1.58064e-01       2.73391e+00
  190  3.80e-04      4.01521e+00       2.00845e-01       2.74376e+00
  191  3.82e-04      4.00121e+00       1.93358e-01       2.73193e+00
  192  3.84e-04      4.01868e+00       1.90000e-01       2.74246e+00
  193  3.86e-04      4.04073e+00       1.93819e-01       2.75842e+00
  194  3.88e-04      4.03823e+00       1.84240e-01       2.75357e+00
  195  3.90e-04      4.03557e+00       1.90642e-01       2.75393e+00
  196  3.92e-04      4.03453e+00       1.63787e-01       2.74428e+00
  197  3.94e-04      4.03574e+00       1.85086e-01       2.75219e+00
  198  3.96e-04      4.05343e+00       1.59644e-01       2.75550e+00
  199  3.98e-04      4.03601e+00       1.69154e-01       2.74706e+00
  200  4.00e-04      4.00875e+00       1.96579e-01       2.73802e+00
  201  4.02e-04      3.99042e+00       1.95773e-01       2.72554e+00
  202  4.04e-04      3.96777e+00       2.07603e-01       2.71438e+00
  203  4.06e-04      3.97484e+00       2.06531e-01       2.71873e+00
  204  4.08e-04      3.96563e+00       2.05108e-01       2.71212e+00
  205  4.10e-04      3.97340e+00       1.79394e-01       2.70873e+00
  206  4.12e-04      3.99684e+00       1.93964e-01       2.72922e+00
  207  4.14e-04      4.01860e+00       1.61641e-01       2.73295e+00
  208  4.16e-04      4.03344e+00       2.06772e-01       2.75789e+00
  209  4.18e-04      4.01502e+00       1.99818e-01       2.74329e+00
  210  4.20e-04      3.99496e+00       1.95214e-01       2.72838e+00
  211  4.22e-04      4.03686e+00       2.45036e-01       2.77292e+00
  212  4.24e-04      4.03426e+00       2.07066e-01       2.75853e+00
  213  4.26e-04      4.04218e+00       2.18256e-01       2.76754e+00
  214  4.28e-04      4.02972e+00       1.96938e-01       2.75213e+00
  215  4.30e-04      4.05831e+00       1.86817e-01       2.76781e+00
  216  4.32e-04      4.05794e+00       1.66587e-01       2.76083e+00
  217  4.34e-04      4.04884e+00       1.81608e-01       2.75976e+00
  218  4.36e-04      4.02385e+00       1.63066e-01       2.73692e+00
  219  4.38e-04      4.01584e+00       1.92015e-01       2.74123e+00
  220  4.40e-04      4.00053e+00       2.23206e-01       2.74142e+00
  221  4.42e-04      4.02378e+00       2.64422e-01       2.77066e+00
  222  4.44e-04      4.03801e+00       2.32058e-01       2.76936e+00
  223  4.46e-04      4.03593e+00       2.31343e-01       2.76774e+00
  224  4.48e-04      4.08937e+00       2.29052e-01       2.80260e+00
  225  4.50e-04      4.10507e+00       1.94318e-01       2.80149e+00
  226  4.52e-04      4.09371e+00       1.76750e-01       2.78806e+00
  227  4.54e-04      4.09446e+00       1.52807e-01       2.78058e+00
  228  4.56e-04      4.10778e+00       1.79794e-01       2.79845e+00
  229  4.58e-04      4.14483e+00       2.04060e-01       2.83124e+00
  230  4.60e-04      4.13630e+00       2.10891e-01       2.82783e+00
  231  4.62e-04      4.15505e+00       2.36158e-01       2.84875e+00
  232  4.64e-04      4.11965e+00       2.54000e-01       2.83110e+00
  233  4.66e-04      4.11412e+00       2.56672e-01       2.82830e+00
  234  4.68e-04      4.10442e+00       2.19198e-01       2.80934e+00
  235  4.70e-04      4.09932e+00       1.91575e-01       2.79674e+00
  236  4.72e-04      4.07704e+00       1.78182e-01       2.77742e+00
  237  4.74e-04      4.06689e+00       1.86477e-01       2.77342e+00
  238  4.76e-04      4.06726e+00       1.88551e-01       2.77436e+00
  239  4.78e-04      4.10165e+00       1.94313e-01       2.79921e+00
  240  4.80e-04      4.06964e+00       2.15327e-01       2.78487e+00
  241  4.82e-04      4.03700e+00       2.43370e-01       2.77246e+00
  242  4.84e-04      4.03858e+00       2.57564e-01       2.77824e+00
  243  4.86e-04      4.02812e+00       2.37110e-01       2.76445e+00
  244  4.88e-04      4.04827e+00       2.63614e-01       2.78672e+00
  245  4.90e-04      4.01885e+00       2.20729e-01       2.75281e+00
  246  4.92e-04      4.04595e+00       1.95806e-01       2.76257e+00
  247  4.94e-04      4.02512e+00       1.99233e-01       2.74983e+00
  248  4.96e-04      4.00177e+00       2.13879e-01       2.73914e+00
  249  4.98e-04      4.00747e+00       2.42748e-01       2.75256e+00
  250  5.00e-04      3.95410e+00       2.26917e-01       2.71170e+00
  251  5.02e-04      3.98210e+00       2.39032e-01       2.73441e+00
  252  5.04e-04      3.98251e+00       2.38815e-01       2.73461e+00
  253  5.06e-04      3.99162e+00       2.24419e-01       2.73589e+00
  254  5.08e-04      3.98346e+00       2.30517e-01       2.73248e+00
  255  5.10e-04      3.94170e+00       2.18894e-01       2.70077e+00
  256  5.12e-04      3.93247e+00       1.74325e-01       2.67976e+00
  257  5.14e-04      3.92933e+00       2.11452e-01       2.69003e+00
  258  5.16e-04      3.93118e+00       2.01287e-01       2.68788e+00
  259  5.18e-04      3.93608e+00       2.20708e-01       2.69762e+00
  260  5.20e-04      3.94628e+00       2.38242e-01       2.71027e+00
  261  5.22e-04      3.94647e+00       2.24495e-01       2.70581e+00
  262  5.24e-04      3.96009e+00       2.68296e-01       2.72949e+00
  263  5.26e-04      3.94524e+00       2.38697e-01       2.70973e+00
  264  5.28e-04      3.95278e+00       1.79004e-01       2.69486e+00
  265  5.30e-04      3.94599e+00       2.25206e-01       2.70573e+00
  266  5.32e-04      3.94137e+00       2.30961e-01       2.70457e+00
  267  5.34e-04      3.92233e+00       2.17693e-01       2.68745e+00
  268  5.36e-04      3.87669e+00       2.28576e-01       2.66065e+00
  269  5.38e-04      3.86352e+00       2.41739e-01       2.65626e+00
  270  5.40e-04      3.87741e+00       2.37144e-01       2.66399e+00
  271  5.42e-04      3.87135e+00       2.60897e-01       2.66787e+00
  272  5.44e-04      3.87576e+00       2.38418e-01       2.66331e+00
  273  5.46e-04      3.86370e+00       2.37060e-01       2.65482e+00
  274  5.48e-04      3.84638e+00       2.15429e-01       2.63606e+00
  275  5.50e-04      3.82351e+00       2.50695e-01       2.63257e+00
  276  5.52e-04      3.83139e+00       2.19039e-01       2.62728e+00
  277  5.54e-04      3.79727e+00       2.41671e-01       2.61207e+00
  278  5.56e-04      3.81438e+00       2.67314e-01       2.63203e+00
  279  5.58e-04      3.80727e+00       2.67964e-01       2.62750e+00
  280  5.60e-04      3.78357e+00       2.48321e-01       2.60515e+00
  281  5.62e-04      3.77876e+00       2.46000e-01       2.60117e+00
  282  5.64e-04      3.76662e+00       2.24116e-01       2.58578e+00
  283  5.66e-04      3.76174e+00       2.57479e-01       2.59365e+00
  284  5.68e-04      3.76126e+00       2.67074e-01       2.59653e+00
  285  5.70e-04      3.74677e+00       2.73663e-01       2.58907e+00
  286  5.72e-04      3.74041e+00       2.48870e-01       2.57656e+00
  287  5.74e-04      3.71914e+00       2.87635e-01       2.57531e+00
  288  5.76e-04      3.71319e+00       2.82959e-01       2.56978e+00
  289  5.78e-04      3.70801e+00       2.82428e-01       2.56615e+00
  290  5.80e-04      3.72341e+00       2.53233e-01       2.56668e+00
  291  5.82e-04      3.71069e+00       2.21957e-01       2.54778e+00
  292  5.84e-04      3.72019e+00       2.21518e-01       2.55397e+00
  293  5.86e-04      3.73694e+00       2.67417e-01       2.58043e+00
  294  5.88e-04      3.72597e+00       2.10946e-01       2.55429e+00
  295  5.90e-04      3.73653e+00       2.36960e-01       2.57001e+00
  296  5.92e-04      3.70248e+00       2.78060e-01       2.56101e+00
  297  5.94e-04      3.71648e+00       2.70141e-01       2.56770e+00
  298  5.96e-04      3.71815e+00       2.73120e-01       2.56981e+00
  299  5.98e-04      3.67159e+00       2.37373e-01       2.52685e+00
  300  6.00e-04      3.66939e+00       2.96885e-01       2.54522e+00
  301  6.02e-04      3.67467e+00       2.82835e-01       2.54406e+00
  302  6.04e-04      3.65333e+00       2.70393e-01       2.52569e+00
  303  6.06e-04      3.66557e+00       2.40874e-01       2.52400e+00
  304  6.08e-04      3.66089e+00       2.60301e-01       2.52736e+00
  305  6.10e-04      3.66339e+00       2.80335e-01       2.53570e+00
  306  6.12e-04      3.69249e+00       3.12996e-01       2.56599e+00
  307  6.14e-04      3.68822e+00       2.55188e-01       2.54388e+00
  308  6.16e-04      3.67198e+00       2.67002e-01       2.53699e+00
  309  6.18e-04      3.69039e+00       2.74944e-01       2.55191e+00
  310  6.20e-04      3.68694e+00       3.19547e-01       2.56448e+00
  311  6.22e-04      3.71639e+00       2.74800e-01       2.56919e+00
  312  6.24e-04      3.70020e+00       2.79887e-01       2.56010e+00
  313  6.26e-04      3.69507e+00       2.66699e-01       2.55228e+00
  314  6.28e-04      3.69428e+00       3.22614e-01       2.57039e+00
  315  6.30e-04      3.70350e+00       2.54207e-01       2.55373e+00
  316  6.32e-04      3.71517e+00       2.98742e-01       2.57636e+00
  317  6.34e-04      3.72988e+00       2.74559e-01       2.57810e+00
  318  6.36e-04      3.71891e+00       2.77428e-01       2.57175e+00
  319  6.38e-04      3.70115e+00       3.20265e-01       2.57419e+00
  320  6.40e-04      3.71885e+00       3.36138e-01       2.59128e+00
  321  6.42e-04      3.72642e+00       2.91802e-01       2.58154e+00
  322  6.44e-04      3.71200e+00       3.59964e-01       2.59466e+00
  323  6.46e-04      3.72033e+00       3.14524e-01       2.58506e+00
  324  6.48e-04      3.71685e+00       2.72781e-01       2.56883e+00
  325  6.50e-04      3.70755e+00       2.81109e-01       2.56540e+00
  326  6.52e-04      3.72105e+00       2.72946e-01       2.57168e+00
  327  6.54e-04      3.70279e+00       2.94500e-01       2.56669e+00
  328  6.56e-04      3.66778e+00       2.96808e-01       2.54412e+00
  329  6.58e-04      3.66455e+00       2.87112e-01       2.53874e+00
  330  6.60e-04      3.69946e+00       2.78094e-01       2.55900e+00
  331  6.62e-04      3.69167e+00       3.52564e-01       2.57863e+00
  332  6.64e-04      3.64742e+00       2.93564e-01       2.52947e+00
  333  6.66e-04      3.65598e+00       3.60162e-01       2.55737e+00
  334  6.68e-04      3.64263e+00       2.64684e-01       2.51665e+00
  335  6.70e-04      3.64542e+00       2.64795e-01       2.51855e+00
  336  6.72e-04      3.63931e+00       2.88411e-01       2.52234e+00
  337  6.74e-04      3.61818e+00       3.10045e-01       2.51547e+00
  338  6.76e-04      3.61389e+00       3.15136e-01       2.51430e+00
  339  6.78e-04      3.62926e+00       3.30284e-01       2.52960e+00
  340  6.80e-04      3.61881e+00       3.41269e-01       2.52629e+00
  341  6.82e-04      3.60727e+00       3.60786e-01       2.52511e+00
  342  6.84e-04      3.62675e+00       3.35479e-01       2.52966e+00
  343  6.86e-04      3.60628e+00       3.53445e-01       2.52200e+00
  344  6.88e-04      3.62094e+00       3.22985e-01       2.52162e+00
  345  6.90e-04      3.60498e+00       3.42332e-01       2.51743e+00
  346  6.92e-04      3.61450e+00       2.69685e-01       2.49956e+00
  347  6.94e-04      3.60127e+00       2.99551e-01       2.50070e+00
  348  6.96e-04      3.58946e+00       2.55712e-01       2.47821e+00
  349  6.98e-04      3.58179e+00       3.22965e-01       2.49552e+00
  350  7.00e-04      3.59067e+00       3.81370e-01       2.52090e+00
  351  7.02e-04      3.57604e+00       2.77015e-01       2.47637e+00
  352  7.04e-04      3.58758e+00       3.24024e-01       2.49973e+00
  353  7.06e-04      3.59949e+00       3.00450e-01       2.49981e+00
  354  7.08e-04      3.62070e+00       3.27173e-01       2.52286e+00
  355  7.10e-04      3.59512e+00       3.69255e-01       2.51983e+00
  356  7.12e-04      3.59191e+00       3.44488e-01       2.50944e+00
  357  7.14e-04      3.57220e+00       3.20582e-01       2.48833e+00
  358  7.16e-04      3.55370e+00       3.45854e-01       2.48442e+00
  359  7.18e-04      3.56593e+00       3.25032e-01       2.48563e+00
  360  7.20e-04      3.59045e+00       3.58656e-01       2.51318e+00
  361  7.22e-04      3.56500e+00       3.83744e-01       2.50458e+00
  362  7.24e-04      3.58409e+00       3.43939e-01       2.50404e+00
  363  7.26e-04      3.59559e+00       3.09741e-01       2.50031e+00
  364  7.28e-04      3.58508e+00       3.58845e-01       2.50967e+00
  365  7.30e-04      3.57929e+00       2.82903e-01       2.48049e+00
  366  7.32e-04      3.57086e+00       3.57034e-01       2.49959e+00
  367  7.34e-04      3.58624e+00       2.86889e-01       2.48646e+00
  368  7.36e-04      3.58266e+00       3.27412e-01       2.49758e+00
  369  7.38e-04      3.58895e+00       2.80289e-01       2.48606e+00
  370  7.40e-04      3.60732e+00       2.84710e-01       2.49978e+00
  371  7.42e-04      3.59336e+00       3.27774e-01       2.50483e+00
  372  7.44e-04      3.59300e+00       3.34928e-01       2.50698e+00
  373  7.46e-04      3.60728e+00       3.51657e-01       2.52207e+00
  374  7.48e-04      3.64179e+00       3.13320e-01       2.53230e+00
  375  7.50e-04      3.63786e+00       3.13005e-01       2.52958e+00
  376  7.52e-04      3.65820e+00       3.54212e-01       2.55687e+00
  377  7.54e-04      3.64756e+00       4.06573e-01       2.56723e+00
  378  7.56e-04      3.67128e+00       3.87441e-01       2.57666e+00
  379  7.58e-04      3.64058e+00       3.57831e-01       2.54633e+00
  380  7.60e-04      3.65324e+00       3.58598e-01       2.55503e+00
  381  7.62e-04      3.62704e+00       2.97594e-01       2.51723e+00
  382  7.64e-04      3.62798e+00       2.96007e-01       2.51732e+00
  383  7.66e-04      3.61762e+00       3.10359e-01       2.51520e+00
  384  7.68e-04      3.64286e+00       3.28066e-01       2.53793e+00
  385  7.70e-04      3.62073e+00       3.80232e-01       2.54056e+00
  386  7.72e-04      3.62679e+00       3.09441e-01       2.52101e+00
  387  7.74e-04      3.57529e+00       3.93565e-01       2.51471e+00
  388  7.76e-04      3.57363e+00       3.95991e-01       2.51441e+00
  389  7.78e-04      3.57096e+00       4.15545e-01       2.51915e+00
  390  7.80e-04      3.57506e+00       3.76634e-01       2.50892e+00
  391  7.82e-04      3.56900e+00       3.80120e-01       2.50604e+00
  392  7.84e-04      3.56500e+00       3.20285e-01       2.48343e+00
  393  7.86e-04      3.55348e+00       3.52841e-01       2.48660e+00
  394  7.88e-04      3.56467e+00       3.45946e-01       2.49176e+00
  395  7.90e-04      3.56942e+00       3.78482e-01       2.50577e+00
  396  7.92e-04      3.56370e+00       3.93266e-01       2.50689e+00
  397  7.94e-04      3.56157e+00       4.00087e-01       2.50774e+00
  398  7.96e-04      3.53318e+00       3.59582e-01       2.47531e+00
  399  7.98e-04      3.54152e+00       4.77740e-01       2.52026e+00
  400  8.00e-04      3.52679e+00       3.55131e-01       2.46957e+00
  401  8.02e-04      3.54390e+00       3.42831e-01       2.47688e+00
  402  8.04e-04      3.56158e+00       3.42834e-01       2.48867e+00
  403  8.06e-04      3.55012e+00       3.20999e-01       2.47375e+00
  404  8.08e-04      3.56107e+00       3.56014e-01       2.49272e+00
  405  8.10e-04      3.56110e+00       4.09574e-01       2.51059e+00
  406  8.12e-04      3.58082e+00       3.62510e-01       2.50805e+00
  407  8.14e-04      3.59240e+00       4.01600e-01       2.52880e+00
  408  8.16e-04      3.58341e+00       4.22199e-01       2.52967e+00
  409  8.18e-04      3.62407e+00       3.58301e-01       2.53548e+00
  410  8.20e-04      3.57530e+00       4.38779e-01       2.52979e+00
  411  8.22e-04      3.57262e+00       3.73487e-01       2.50624e+00
  412  8.24e-04      3.59887e+00       3.00554e-01       2.49943e+00
  413  8.26e-04      3.59591e+00       3.51371e-01       2.51440e+00
  414  8.28e-04      3.62263e+00       4.20183e-01       2.55515e+00
  415  8.30e-04      3.65632e+00       3.95740e-01       2.56946e+00
  416  8.32e-04      3.64263e+00       4.56516e-01       2.58059e+00
  417  8.34e-04      3.65834e+00       4.07763e-01       2.57481e+00
  418  8.36e-04      3.65817e+00       4.14931e-01       2.57709e+00
  419  8.38e-04      3.67311e+00       3.42267e-01       2.56283e+00
  420  8.40e-04      3.67521e+00       3.82384e-01       2.57760e+00
  421  8.42e-04      3.66401e+00       3.43978e-01       2.55733e+00
  422  8.44e-04      3.70413e+00       3.96324e-01       2.60153e+00
  423  8.46e-04      3.75178e+00       3.87382e-01       2.63031e+00
  424  8.48e-04      3.72908e+00       4.16873e-01       2.62501e+00
  425  8.50e-04      3.70116e+00       4.18312e-01       2.60688e+00
  426  8.52e-04      3.68098e+00       4.37165e-01       2.59971e+00
  427  8.54e-04      3.71350e+00       4.34967e-01       2.62066e+00
  428  8.56e-04      3.71421e+00       3.97244e-01       2.60856e+00
  429  8.58e-04      3.71867e+00       4.17720e-01       2.61835e+00
  430  8.60e-04      3.70109e+00       3.46119e-01       2.58277e+00
  431  8.62e-04      3.70555e+00       4.05615e-01       2.60557e+00
  432  8.64e-04      3.68746e+00       4.06362e-01       2.59376e+00
  433  8.66e-04      3.71691e+00       4.09551e-01       2.61445e+00
  434  8.68e-04      3.67344e+00       3.93156e-01       2.58001e+00
  435  8.70e-04      3.67675e+00       4.58335e-01       2.60395e+00
  436  8.72e-04      3.73113e+00       3.59514e-01       2.60726e+00
  437  8.74e-04      3.71894e+00       4.35994e-01       2.62462e+00
  438  8.76e-04      3.71713e+00       3.82441e-01       2.60557e+00
  439  8.78e-04      3.71884e+00       3.92872e-01       2.61019e+00
  440  8.80e-04      3.72107e+00       3.69275e-01       2.60381e+00
  441  8.82e-04      3.71818e+00       4.30461e-01       2.62227e+00
  442  8.84e-04      3.71216e+00       3.57185e-01       2.59384e+00
  443  8.86e-04      3.70953e+00       4.70194e-01       2.62975e+00
  444  8.88e-04      3.73703e+00       4.69854e-01       2.64797e+00
  445  8.90e-04      3.74714e+00       4.61582e-01       2.65195e+00
  446  8.92e-04      3.74137e+00       4.24509e-01       2.63575e+00
  447  8.94e-04      3.77028e+00       4.21541e-01       2.65403e+00
  448  8.96e-04      3.73776e+00       3.86597e-01       2.62070e+00
  449  8.98e-04      3.71289e+00       5.00016e-01       2.64193e+00
  450  9.00e-04      3.74583e+00       4.20426e-01       2.63736e+00
  451  9.02e-04      3.72334e+00       4.13936e-01       2.62020e+00
  452  9.04e-04      3.70517e+00       3.79485e-01       2.59661e+00
  453  9.06e-04      3.72867e+00       4.21939e-01       2.62642e+00
  454  9.08e-04      3.71353e+00       4.33578e-01       2.62021e+00
  455  9.10e-04      3.72419e+00       4.93458e-01       2.64728e+00
  456  9.12e-04      3.72829e+00       4.47172e-01       2.63458e+00
  457  9.14e-04      3.71672e+00       4.05047e-01       2.61283e+00
  458  9.16e-04      3.71517e+00       4.65397e-01       2.63192e+00
  459  9.18e-04      3.70186e+00       4.61371e-01       2.62170e+00
  460  9.20e-04      3.71707e+00       4.33050e-01       2.62240e+00
  461  9.22e-04      3.72958e+00       4.21377e-01       2.62685e+00
  462  9.24e-04      3.74438e+00       4.61169e-01       2.64998e+00
  463  9.26e-04      3.74640e+00       4.09080e-01       2.63396e+00
  464  9.28e-04      3.74340e+00       4.16300e-01       2.63437e+00
  465  9.30e-04      3.73454e+00       4.29935e-01       2.63300e+00
  466  9.32e-04      3.76959e+00       4.92998e-01       2.67739e+00
  467  9.34e-04      3.79898e+00       5.31367e-01       2.70978e+00
  468  9.36e-04      3.79708e+00       5.46786e-01       2.71365e+00
  469  9.38e-04      3.78823e+00       3.82269e-01       2.65291e+00
  470  9.40e-04      3.79407e+00       4.56225e-01       2.68145e+00
  471  9.42e-04      3.77533e+00       4.29120e-01       2.65992e+00
  472  9.44e-04      3.80860e+00       4.76517e-01       2.69790e+00
  473  9.46e-04      3.81584e+00       4.73749e-01       2.70181e+00
  474  9.48e-04      3.79977e+00       4.54782e-01       2.68477e+00
  475  9.50e-04      3.76012e+00       4.40073e-01       2.65344e+00
  476  9.52e-04      3.76880e+00       4.73089e-01       2.67023e+00
  477  9.54e-04      3.72338e+00       5.33793e-01       2.66019e+00
  478  9.56e-04      3.73320e+00       5.14402e-01       2.66026e+00
  479  9.58e-04      3.72998e+00       5.29595e-01       2.66318e+00
  480  9.60e-04      3.72128e+00       4.02644e-01       2.61506e+00
  481  9.62e-04      3.71698e+00       4.55719e-01       2.62989e+00
  482  9.64e-04      3.71371e+00       4.81284e-01       2.63624e+00
  483  9.66e-04      3.72315e+00       4.82304e-01       2.64287e+00
  484  9.68e-04      3.72630e+00       4.27502e-01       2.62670e+00
  485  9.70e-04      3.73050e+00       4.96857e-01       2.65262e+00
  486  9.72e-04      3.74158e+00       4.61439e-01       2.64820e+00
  487  9.74e-04      3.74016e+00       5.69599e-01       2.68331e+00
  488  9.76e-04      3.74764e+00       4.75161e-01       2.65682e+00
  489  9.78e-04      3.76170e+00       5.46148e-01       2.68985e+00
  490  9.80e-04      3.75520e+00       4.05591e-01       2.63866e+00
  491  9.82e-04      3.75662e+00       4.65091e-01       2.65944e+00
  492  9.84e-04      3.76886e+00       4.58996e-01       2.66557e+00
  493  9.86e-04      3.78260e+00       4.70359e-01       2.67852e+00
  494  9.88e-04      3.77066e+00       4.66016e-01       2.66911e+00
  495  9.90e-04      3.77785e+00       5.31927e-01       2.69587e+00
  496  9.92e-04      3.78940e+00       4.96365e-01       2.69172e+00
  497  9.94e-04      3.76908e+00       4.75936e-01       2.67137e+00
  498  9.96e-04      3.78752e+00       5.52987e-01       2.70934e+00
  499  9.98e-04      3.78224e+00       5.50941e-01       2.70514e+00
  500  1.00e-03      3.79686e+00       5.79468e-01       2.72439e+00
  501  1.00e-03      3.79603e+00       4.96491e-01       2.69619e+00
  502  1.00e-03      3.76807e+00       4.02400e-01       2.64618e+00
  503  1.01e-03      3.77487e+00       4.53191e-01       2.66765e+00
  504  1.01e-03      3.75899e+00       4.40207e-01       2.65273e+00
  505  1.01e-03      3.75525e+00       5.02127e-01       2.67087e+00
  506  1.01e-03      3.73174e+00       4.36347e-01       2.63327e+00
  507  1.01e-03      3.74269e+00       4.84871e-01       2.65675e+00
  508  1.02e-03      3.71703e+00       5.28378e-01       2.65414e+00
  509  1.02e-03      3.71821e+00       5.11927e-01       2.64945e+00
  510  1.02e-03      3.75048e+00       5.42971e-01       2.68131e+00
  511  1.02e-03      3.74682e+00       4.49432e-01       2.64769e+00
  512  1.02e-03      3.75479e+00       5.12209e-01       2.67393e+00
  513  1.03e-03      3.75365e+00       4.38820e-01       2.64871e+00
  514  1.03e-03      3.75310e+00       5.26728e-01       2.67765e+00
  515  1.03e-03      3.77740e+00       5.01019e-01       2.68527e+00
  516  1.03e-03      3.76242e+00       5.20587e-01       2.68181e+00
  517  1.03e-03      3.77519e+00       5.08102e-01       2.68616e+00
  518  1.04e-03      3.72905e+00       4.64098e-01       2.64073e+00
  519  1.04e-03      3.72293e+00       5.15299e-01       2.65372e+00
  520  1.04e-03      3.72507e+00       5.31235e-01       2.66046e+00
  521  1.04e-03      3.73744e+00       4.48926e-01       2.64127e+00
  522  1.04e-03      3.73314e+00       5.17916e-01       2.66140e+00
  523  1.05e-03      3.75330e+00       4.92869e-01       2.66649e+00
  524  1.05e-03      3.73268e+00       4.42292e-01       2.63588e+00
  525  1.05e-03      3.75208e+00       4.94040e-01       2.66606e+00
  526  1.05e-03      3.76900e+00       5.38590e-01       2.69220e+00
  527  1.05e-03      3.76284e+00       4.58578e-01       2.66142e+00
  528  1.06e-03      3.75814e+00       4.72314e-01       2.66287e+00
  529  1.06e-03      3.77627e+00       4.30520e-01       2.66102e+00
  530  1.06e-03      3.72971e+00       4.92412e-01       2.65061e+00
  531  1.06e-03      3.75528e+00       6.29081e-01       2.71322e+00
  532  1.06e-03      3.76619e+00       5.34567e-01       2.68898e+00
  533  1.07e-03      3.76432e+00       5.33727e-01       2.68745e+00
  534  1.07e-03      3.76966e+00       4.45096e-01       2.66147e+00
  535  1.07e-03      3.77954e+00       4.71491e-01       2.67686e+00
  536  1.07e-03      3.73272e+00       4.90543e-01       2.65199e+00
  537  1.07e-03      3.74419e+00       5.43355e-01       2.67725e+00
  538  1.08e-03      3.76929e+00       5.56447e-01       2.69834e+00
  539  1.08e-03      3.77051e+00       5.12794e-01       2.68461e+00
  540  1.08e-03      3.78032e+00       5.03969e-01       2.68821e+00
  541  1.08e-03      3.77548e+00       5.10594e-01       2.68718e+00
  542  1.08e-03      3.79102e+00       5.16416e-01       2.69949e+00
  543  1.09e-03      3.76815e+00       5.07909e-01       2.68140e+00
  544  1.09e-03      3.72501e+00       4.05287e-01       2.61843e+00
  545  1.09e-03      3.71848e+00       4.28454e-01       2.62180e+00
  546  1.09e-03      3.72147e+00       5.10973e-01       2.65131e+00
  547  1.09e-03      3.72053e+00       4.67941e-01       2.63633e+00
  548  1.10e-03      3.74650e+00       5.35497e-01       2.67616e+00
  549  1.10e-03      3.73756e+00       5.05107e-01       2.66008e+00
  550  1.10e-03      3.77414e+00       5.84399e-01       2.71089e+00
  551  1.10e-03      3.75151e+00       5.38139e-01       2.68038e+00
  552  1.10e-03      3.77421e+00       5.95763e-01       2.71473e+00
  553  1.11e-03      3.76327e+00       5.07308e-01       2.67795e+00
  554  1.11e-03      3.77478e+00       5.36296e-01       2.69529e+00
  555  1.11e-03      3.76377e+00       4.39253e-01       2.65560e+00
  556  1.11e-03      3.77676e+00       4.73480e-01       2.67567e+00
  557  1.11e-03      3.76165e+00       4.21329e-01       2.64821e+00
  558  1.12e-03      3.76593e+00       5.58344e-01       2.69674e+00
  559  1.12e-03      3.76989e+00       6.11892e-01       2.71722e+00
  560  1.12e-03      3.77892e+00       4.91742e-01       2.68319e+00
  561  1.12e-03      3.78253e+00       4.82930e-01       2.68266e+00
  562  1.12e-03      3.78021e+00       5.36513e-01       2.69898e+00
  563  1.13e-03      3.80527e+00       5.15311e-01       2.70862e+00
  564  1.13e-03      3.83096e+00       5.57938e-01       2.73995e+00
  565  1.13e-03      3.79532e+00       4.24034e-01       2.67156e+00
  566  1.13e-03      3.78504e+00       4.65945e-01       2.67868e+00
  567  1.13e-03      3.76477e+00       4.74400e-01       2.66798e+00
  568  1.14e-03      3.79524e+00       5.12385e-01       2.70095e+00
  569  1.14e-03      3.78783e+00       5.77584e-01       2.71775e+00
  570  1.14e-03      3.81398e+00       5.44824e-01       2.72426e+00
  571  1.14e-03      3.79403e+00       5.59398e-01       2.71582e+00
  572  1.14e-03      3.78822e+00       4.75963e-01       2.68413e+00
  573  1.15e-03      3.79362e+00       5.59883e-01       2.71571e+00
  574  1.15e-03      3.81590e+00       5.31282e-01       2.72103e+00
  575  1.15e-03      3.78224e+00       5.30224e-01       2.69823e+00
  576  1.15e-03      3.79282e+00       5.56606e-01       2.71408e+00
  577  1.15e-03      3.80544e+00       5.02548e-01       2.70448e+00
  578  1.16e-03      3.81982e+00       4.65403e-01       2.70168e+00
  579  1.16e-03      3.82108e+00       5.85429e-01       2.74253e+00
  580  1.16e-03      3.81682e+00       5.28715e-01       2.72079e+00
  581  1.16e-03      3.82346e+00       5.25600e-01       2.72417e+00
  582  1.16e-03      3.82130e+00       5.30055e-01       2.72422e+00
  583  1.17e-03      3.78766e+00       5.92913e-01       2.72275e+00
  584  1.17e-03      3.80900e+00       5.99614e-01       2.73920e+00
  585  1.17e-03      3.82878e+00       4.80001e-01       2.71252e+00
  586  1.17e-03      3.82384e+00       5.24201e-01       2.72396e+00
  587  1.17e-03      3.80577e+00       5.62259e-01       2.72460e+00
  588  1.18e-03      3.78683e+00       5.26873e-01       2.70018e+00
  589  1.18e-03      3.80303e+00       5.20215e-01       2.70876e+00
  590  1.18e-03      3.78970e+00       6.20197e-01       2.73320e+00
  591  1.18e-03      3.79946e+00       6.02801e-01       2.73391e+00
  592  1.18e-03      3.82784e+00       6.41919e-01       2.76587e+00
  593  1.19e-03      3.83686e+00       4.32348e-01       2.70203e+00
  594  1.19e-03      3.83051e+00       5.70388e-01       2.74380e+00
  595  1.19e-03      3.80688e+00       5.56425e-01       2.72340e+00
  596  1.19e-03      3.79179e+00       5.99140e-01       2.72757e+00
  597  1.19e-03      3.79037e+00       5.58449e-01       2.71306e+00
  598  1.20e-03      3.77365e+00       6.01460e-01       2.71625e+00
  599  1.20e-03      3.79086e+00       4.46112e-01       2.67595e+00
  600  1.20e-03      3.78499e+00       5.63174e-01       2.71105e+00
  601  1.20e-03      3.78940e+00       5.76665e-01       2.71849e+00
  602  1.20e-03      3.79783e+00       6.00129e-01       2.73193e+00
  603  1.21e-03      3.79280e+00       5.36266e-01       2.70729e+00
  604  1.21e-03      3.75820e+00       4.57672e-01       2.65803e+00
  605  1.21e-03      3.76958e+00       6.89942e-01       2.74303e+00
  606  1.21e-03      3.77083e+00       5.61171e-01       2.70095e+00
  607  1.21e-03      3.76547e+00       5.95224e-01       2.70872e+00
  608  1.22e-03      3.77541e+00       5.03060e-01       2.68462e+00
  609  1.22e-03      3.81301e+00       5.63171e-01       2.72973e+00
  610  1.22e-03      3.82004e+00       5.10957e-01       2.71702e+00
  611  1.22e-03      3.80926e+00       4.56454e-01       2.69166e+00
  612  1.22e-03      3.78568e+00       5.73066e-01       2.71481e+00
  613  1.23e-03      3.81235e+00       6.31883e-01       2.75219e+00
  614  1.23e-03      3.78839e+00       5.79462e-01       2.71875e+00
  615  1.23e-03      3.78350e+00       5.63234e-01       2.71008e+00
  616  1.23e-03      3.78459e+00       5.31711e-01       2.70030e+00
  617  1.23e-03      3.79438e+00       6.53672e-01       2.74748e+00
  618  1.24e-03      3.80185e+00       5.13905e-01       2.70587e+00
  619  1.24e-03      3.81706e+00       5.19915e-01       2.71801e+00
  620  1.24e-03      3.81151e+00       6.12491e-01       2.74517e+00
  621  1.24e-03      3.84083e+00       5.97266e-01       2.75964e+00
  622  1.24e-03      3.81834e+00       6.20283e-01       2.75232e+00
  623  1.25e-03      3.80981e+00       5.92011e-01       2.73721e+00
  624  1.25e-03      3.81087e+00       5.38256e-01       2.72000e+00
  625  1.25e-03      3.81306e+00       5.76600e-01       2.73424e+00
  626  1.25e-03      3.81623e+00       6.35639e-01       2.75603e+00
  627  1.25e-03      3.85959e+00       4.47281e-01       2.72215e+00
  628  1.26e-03      3.86324e+00       6.45346e-01       2.79061e+00
  629  1.26e-03      3.85267e+00       6.31494e-01       2.77894e+00
  630  1.26e-03      3.83899e+00       6.35903e-01       2.77129e+00
  631  1.26e-03      3.84227e+00       5.83722e-01       2.75609e+00
  632  1.26e-03      3.83241e+00       4.95367e-01       2.72006e+00
  633  1.27e-03      3.83034e+00       6.04986e-01       2.75522e+00
  634  1.27e-03      3.84960e+00       7.00890e-01       2.80003e+00
  635  1.27e-03      3.82517e+00       5.56736e-01       2.73569e+00
  636  1.27e-03      3.79053e+00       5.63802e-01       2.71496e+00
  637  1.27e-03      3.81213e+00       5.23823e-01       2.71603e+00
  638  1.28e-03      3.83215e+00       6.64038e-01       2.77611e+00
  639  1.28e-03      3.82762e+00       6.64436e-01       2.77322e+00
  640  1.28e-03      3.84444e+00       5.85875e-01       2.75825e+00
  641  1.28e-03      3.81628e+00       5.93538e-01       2.74203e+00
  642  1.28e-03      3.81823e+00       5.65166e-01       2.73388e+00
  643  1.29e-03      3.81149e+00       6.82460e-01       2.76848e+00
  644  1.29e-03      3.82263e+00       6.34472e-01       2.75991e+00
  645  1.29e-03      3.81343e+00       5.77873e-01       2.73491e+00
  646  1.29e-03      3.81345e+00       6.38553e-01       2.75515e+00
  647  1.29e-03      3.81065e+00       6.15630e-01       2.74565e+00
  648  1.30e-03      3.81864e+00       5.89803e-01       2.74236e+00
  649  1.30e-03      3.80651e+00       5.66658e-01       2.72656e+00
  650  1.30e-03      3.80063e+00       5.67847e-01       2.72304e+00
  651  1.30e-03      3.79469e+00       7.03671e-01       2.76435e+00
  652  1.30e-03      3.81468e+00       5.66048e-01       2.73180e+00
  653  1.31e-03      3.82666e+00       5.52634e-01       2.73532e+00
  654  1.31e-03      3.82050e+00       5.72688e-01       2.73790e+00
  655  1.31e-03      3.81083e+00       6.39819e-01       2.75383e+00
  656  1.31e-03      3.84480e+00       6.26995e-01       2.77220e+00
  657  1.31e-03      3.81540e+00       5.93031e-01       2.74128e+00
  658  1.32e-03      3.82563e+00       5.81743e-01       2.74433e+00
  659  1.32e-03      3.81514e+00       6.62696e-01       2.76433e+00
  660  1.32e-03      3.82148e+00       5.14605e-01       2.71919e+00
  661  1.32e-03      3.81493e+00       5.95435e-01       2.74177e+00
  662  1.32e-03      3.85205e+00       6.35478e-01       2.77986e+00
  663  1.33e-03      3.84712e+00       6.02224e-01       2.76549e+00
  664  1.33e-03      3.86359e+00       6.28786e-01       2.78532e+00
  665  1.33e-03      3.84340e+00       5.86924e-01       2.75791e+00
  666  1.33e-03      3.83250e+00       6.51102e-01       2.77204e+00
  667  1.33e-03      3.82663e+00       7.43584e-01       2.79895e+00
  668  1.34e-03      3.82704e+00       5.76486e-01       2.74352e+00
  669  1.34e-03      3.81730e+00       5.33668e-01       2.72275e+00
  670  1.34e-03      3.85757e+00       5.40784e-01       2.75198e+00
  671  1.34e-03      3.84072e+00       5.83306e-01       2.75492e+00
  672  1.34e-03      3.87904e+00       7.03323e-01       2.82047e+00
  673  1.35e-03      3.86727e+00       5.75972e-01       2.77017e+00
  674  1.35e-03      3.89063e+00       6.37913e-01       2.80639e+00
  675  1.35e-03      3.89129e+00       5.69225e-01       2.78394e+00
  676  1.35e-03      3.87910e+00       6.77634e-01       2.81194e+00
  677  1.35e-03      3.85861e+00       6.73438e-01       2.79689e+00
  678  1.36e-03      3.87589e+00       5.33433e-01       2.76174e+00
  679  1.36e-03      3.89069e+00       5.99534e-01       2.79364e+00
  680  1.36e-03      3.89947e+00       6.13904e-01       2.80428e+00
  681  1.36e-03      3.90518e+00       7.05384e-01       2.83858e+00
  682  1.36e-03      3.91387e+00       5.90741e-01       2.80616e+00
  683  1.37e-03      3.89863e+00       6.28682e-01       2.80865e+00
  684  1.37e-03      3.90912e+00       6.77216e-01       2.83182e+00
  685  1.37e-03      3.88983e+00       6.19877e-01       2.79985e+00
  686  1.37e-03      3.86947e+00       6.45378e-01       2.79477e+00
  687  1.37e-03      3.86997e+00       6.74703e-01       2.80488e+00
  688  1.38e-03      3.85370e+00       6.48424e-01       2.78528e+00
  689  1.38e-03      3.90552e+00       6.33201e-01       2.81475e+00
  690  1.38e-03      3.89924e+00       6.79842e-01       2.82611e+00
  691  1.38e-03      3.92022e+00       5.71604e-01       2.80402e+00
  692  1.38e-03      3.93348e+00       6.75159e-01       2.84737e+00
  693  1.39e-03      3.96592e+00       6.67485e-01       2.86644e+00
  694  1.39e-03      3.93115e+00       6.16817e-01       2.82637e+00
  695  1.39e-03      3.96671e+00       7.35815e-01       2.88975e+00
  696  1.39e-03      3.94220e+00       5.60844e-01       2.81508e+00
  697  1.39e-03      3.93349e+00       6.07126e-01       2.82470e+00
  698  1.40e-03      3.94386e+00       7.66707e-01       2.88481e+00
  699  1.40e-03      3.95479e+00       6.61009e-01       2.85686e+00
  700  1.40e-03      3.98347e+00       6.49830e-01       2.87226e+00
  701  1.40e-03      3.99805e+00       7.07841e-01       2.90131e+00
  702  1.40e-03      3.99752e+00       6.48365e-01       2.88113e+00
  703  1.41e-03      4.00314e+00       6.32834e-01       2.87971e+00
  704  1.41e-03      3.98749e+00       6.37203e-01       2.87073e+00
  705  1.41e-03      4.03224e+00       7.16436e-01       2.92697e+00
  706  1.41e-03      4.03183e+00       6.40555e-01       2.90140e+00
  707  1.41e-03      4.03166e+00       5.54334e-01       2.87255e+00
  708  1.42e-03      4.03421e+00       5.64884e-01       2.87777e+00
  709  1.42e-03      4.10657e+00       6.97313e-01       2.97015e+00
  710  1.42e-03      4.10361e+00       7.34024e-01       2.98042e+00
  711  1.42e-03      4.07775e+00       6.63137e-01       2.93954e+00
  712  1.42e-03      4.07607e+00       5.78087e-01       2.91008e+00
  713  1.43e-03      4.06853e+00       6.64525e-01       2.93386e+00
  714  1.43e-03      4.05306e+00       7.38552e-01       2.94822e+00
  715  1.43e-03      4.03871e+00       5.40067e-01       2.87249e+00
  716  1.43e-03      4.07355e+00       5.94578e-01       2.91389e+00
  717  1.43e-03      4.07640e+00       5.73617e-01       2.90880e+00
  718  1.44e-03      4.04148e+00       7.48353e-01       2.94377e+00
  719  1.44e-03      4.01889e+00       6.55743e-01       2.89784e+00
  720  1.44e-03      4.01054e+00       7.08694e-01       2.90992e+00
  721  1.44e-03      4.02464e+00       6.05196e-01       2.88482e+00
  722  1.44e-03      4.02755e+00       5.97589e-01       2.88423e+00
  723  1.45e-03      4.00663e+00       6.66833e-01       2.89337e+00
  724  1.45e-03      3.99362e+00       6.17816e-01       2.86835e+00
  725  1.45e-03      3.98763e+00       6.42377e-01       2.87254e+00
  726  1.45e-03      4.00787e+00       8.09627e-01       2.94179e+00
  727  1.45e-03      4.01161e+00       7.07874e-01       2.91036e+00
  728  1.46e-03      4.02260e+00       6.53908e-01       2.89970e+00
  729  1.46e-03      4.03449e+00       6.47556e-01       2.90551e+00
  730  1.46e-03      4.03908e+00       6.29656e-01       2.90261e+00
  731  1.46e-03      4.04265e+00       7.30009e-01       2.93844e+00
  732  1.46e-03      4.01621e+00       5.56980e-01       2.86313e+00
  733  1.47e-03      4.01430e+00       5.45022e-01       2.85787e+00
  734  1.47e-03      4.02761e+00       7.52901e-01       2.93604e+00
  735  1.47e-03      4.02438e+00       5.60716e-01       2.86983e+00
  736  1.47e-03      4.02518e+00       6.81159e-01       2.91050e+00
  737  1.47e-03      4.02232e+00       6.99062e-01       2.91456e+00
  738  1.48e-03      4.01222e+00       7.46960e-01       2.92380e+00
  739  1.48e-03      4.01504e+00       6.89025e-01       2.90637e+00
  740  1.48e-03      4.01948e+00       5.22489e-01       2.85382e+00
  741  1.48e-03      4.02703e+00       7.10430e-01       2.92150e+00
  742  1.48e-03      4.02728e+00       7.77827e-01       2.94413e+00
  743  1.49e-03      4.03121e+00       6.78197e-01       2.91354e+00
  744  1.49e-03      4.01823e+00       5.80231e-01       2.87223e+00
  745  1.49e-03      4.01896e+00       6.56594e-01       2.89817e+00
  746  1.49e-03      4.04712e+00       6.54710e-01       2.91632e+00
  747  1.49e-03      4.02845e+00       6.81957e-01       2.91295e+00
  748  1.50e-03      4.01063e+00       6.35669e-01       2.88564e+00
  749  1.50e-03      4.00144e+00       6.62199e-01       2.88836e+00
  750  1.50e-03      4.01155e+00       6.44345e-01       2.88915e+00
  751  1.50e-03      4.02073e+00       6.53348e-01       2.89827e+00
  752  1.50e-03      4.02299e+00       7.22991e-01       2.92299e+00
  753  1.51e-03      3.99671e+00       7.19219e-01       2.90421e+00
  754  1.51e-03      3.99614e+00       6.73101e-01       2.88846e+00
  755  1.51e-03      3.99814e+00       6.33172e-01       2.87648e+00
  756  1.51e-03      4.00939e+00       6.88699e-01       2.90249e+00
  757  1.51e-03      3.99441e+00       7.87313e-01       2.92538e+00
  758  1.52e-03      3.96891e+00       5.96577e-01       2.84480e+00
  759  1.52e-03      3.94705e+00       5.71863e-01       2.82198e+00
  760  1.52e-03      3.97989e+00       7.13513e-01       2.89110e+00
  761  1.52e-03      3.95578e+00       6.14776e-01       2.84211e+00
  762  1.52e-03      3.99222e+00       7.86345e-01       2.92360e+00
  763  1.53e-03      3.93420e+00       7.61783e-01       2.87673e+00
  764  1.53e-03      3.95073e+00       7.14834e-01       2.87210e+00
  765  1.53e-03      3.93730e+00       8.33682e-01       2.90276e+00
  766  1.53e-03      3.95032e+00       5.83483e-01       2.82804e+00
  767  1.53e-03      3.93175e+00       7.09763e-01       2.85775e+00
  768  1.54e-03      3.94376e+00       6.57864e-01       2.84846e+00
  769  1.54e-03      3.94902e+00       7.53882e-01       2.88398e+00
  770  1.54e-03      3.98205e+00       7.36569e-01       2.90022e+00
  771  1.54e-03      3.98558e+00       6.45696e-01       2.87228e+00
  772  1.54e-03      3.99035e+00       6.82854e-01       2.88785e+00
  773  1.55e-03      3.98682e+00       8.17217e-01       2.93029e+00
  774  1.55e-03      3.98773e+00       6.45128e-01       2.87353e+00
  775  1.55e-03      3.98768e+00       7.13711e-01       2.89636e+00
  776  1.55e-03      3.99100e+00       6.42868e-01       2.87495e+00
  777  1.55e-03      3.98839e+00       6.84940e-01       2.88724e+00
  778  1.56e-03      3.97166e+00       6.74179e-01       2.87250e+00
  779  1.56e-03      3.96239e+00       7.02388e-01       2.87572e+00
  780  1.56e-03      3.94555e+00       7.46910e-01       2.87934e+00
  781  1.56e-03      3.96374e+00       7.53603e-01       2.89369e+00
  782  1.56e-03      3.97216e+00       6.77821e-01       2.87405e+00
  783  1.57e-03      3.96685e+00       6.25275e-01       2.85299e+00
  784  1.57e-03      3.97158e+00       6.83010e-01       2.87539e+00
  785  1.57e-03      3.96488e+00       7.52238e-01       2.89400e+00
  786  1.57e-03      3.92872e+00       7.73734e-01       2.87706e+00
  787  1.57e-03      3.97453e+00       6.74172e-01       2.87441e+00
  788  1.58e-03      3.96258e+00       7.35880e-01       2.88701e+00
  789  1.58e-03      3.98173e+00       8.63322e-01       2.94226e+00
  790  1.58e-03      3.94399e+00       7.04653e-01       2.86421e+00
  791  1.58e-03      3.94639e+00       6.98031e-01       2.86360e+00
  792  1.58e-03      3.94064e+00       6.69182e-01       2.85015e+00
  793  1.59e-03      3.93890e+00       7.59037e-01       2.87894e+00
  794  1.59e-03      3.95211e+00       7.83256e-01       2.89583e+00
  795  1.59e-03      3.98589e+00       7.52472e-01       2.90808e+00
  796  1.59e-03      3.95803e+00       7.73922e-01       2.89666e+00
  797  1.59e-03      3.96811e+00       8.01885e-01       2.91270e+00
  798  1.60e-03      3.95682e+00       7.55598e-01       2.88974e+00
  799  1.60e-03      3.97362e+00       6.84647e-01       2.87730e+00
  800  1.60e-03      3.94632e+00       7.35485e-01       2.87604e+00
  801  1.60e-03      3.94248e+00       7.54068e-01       2.87968e+00
  802  1.60e-03      3.93515e+00       7.45921e-01       2.87207e+00
  803  1.61e-03      3.93369e+00       6.92944e-01       2.85344e+00
  804  1.61e-03      3.92071e+00       7.74845e-01       2.87209e+00
  805  1.61e-03      3.95892e+00       7.14108e-01       2.87732e+00
  806  1.61e-03      3.93561e+00       8.02459e-01       2.89123e+00
  807  1.61e-03      3.94770e+00       6.80538e-01       2.85865e+00
  808  1.62e-03      3.93900e+00       7.52869e-01       2.87696e+00
  809  1.62e-03      3.95411e+00       9.03713e-01       2.93731e+00
  810  1.62e-03      3.94559e+00       6.92538e-01       2.86124e+00
  811  1.62e-03      3.94415e+00       7.17482e-01       2.86859e+00
  812  1.62e-03      3.93741e+00       7.00521e-01       2.85844e+00
  813  1.63e-03      3.95518e+00       8.49520e-01       2.91996e+00
  814  1.63e-03      3.95595e+00       6.53911e-01       2.85527e+00
  815  1.63e-03      3.97031e+00       7.00404e-01       2.88034e+00
  816  1.63e-03      3.96531e+00       8.00995e-01       2.91054e+00
  817  1.63e-03      3.94003e+00       7.73370e-01       2.88447e+00
  818  1.64e-03      3.92830e+00       7.76796e-01       2.87780e+00
  819  1.64e-03      3.91945e+00       6.63570e-01       2.83416e+00
  820  1.64e-03      3.92108e+00       8.30781e-01       2.89098e+00
  821  1.64e-03      3.91545e+00       7.10699e-01       2.84720e+00
  822  1.64e-03      3.92387e+00       8.36847e-01       2.89486e+00
  823  1.65e-03      3.90210e+00       7.05574e-01       2.83659e+00
  824  1.65e-03      3.91277e+00       7.53249e-01       2.85960e+00
  825  1.65e-03      3.89934e+00       7.94074e-01       2.86425e+00
  826  1.65e-03      3.87562e+00       6.97637e-01       2.81629e+00
  827  1.65e-03      3.86219e+00       7.28055e-01       2.81748e+00
  828  1.66e-03      3.85641e+00       6.71864e-01       2.79489e+00
  829  1.66e-03      3.86941e+00       7.47486e-01       2.82877e+00
  830  1.66e-03      3.88819e+00       8.60269e-01       2.87888e+00
  831  1.66e-03      3.87723e+00       7.90147e-01       2.84820e+00
  832  1.66e-03      3.90994e+00       8.05965e-01       2.87528e+00
  833  1.67e-03      3.89301e+00       7.60115e-01       2.84871e+00
  834  1.67e-03      3.91369e+00       8.05122e-01       2.87750e+00
  835  1.67e-03      3.90262e+00       8.40110e-01       2.88178e+00
  836  1.67e-03      3.91371e+00       6.59306e-01       2.82891e+00
  837  1.67e-03      3.86766e+00       7.26936e-01       2.82075e+00
  838  1.68e-03      3.87564e+00       7.23215e-01       2.82483e+00
  839  1.68e-03      3.87323e+00       7.25515e-01       2.82399e+00
  840  1.68e-03      3.89134e+00       7.58417e-01       2.84703e+00
  841  1.68e-03      3.89402e+00       7.68065e-01       2.85204e+00
  842  1.68e-03      3.89233e+00       9.74408e-01       2.91969e+00
  843  1.69e-03      3.87894e+00       6.92171e-01       2.81668e+00
  844  1.69e-03      3.89370e+00       7.71564e-01       2.85299e+00
  845  1.69e-03      3.91163e+00       7.22356e-01       2.84854e+00
  846  1.69e-03      3.92023e+00       7.06589e-01       2.84902e+00
  847  1.69e-03      3.87919e+00       9.51984e-01       2.90345e+00
  848  1.70e-03      3.88340e+00       8.45241e-01       2.87068e+00
  849  1.70e-03      3.90942e+00       8.44269e-01       2.88770e+00
  850  1.70e-03      3.91692e+00       6.86433e-01       2.84009e+00
  851  1.70e-03      3.86573e+00       8.75876e-01       2.86911e+00
  852  1.70e-03      3.88257e+00       8.06197e-01       2.85711e+00
  853  1.71e-03      3.82936e+00       7.27453e-01       2.79539e+00
  854  1.71e-03      3.85047e+00       6.83576e-01       2.79484e+00
  855  1.71e-03      3.83031e+00       7.48850e-01       2.80316e+00
  856  1.71e-03      3.84027e+00       9.37354e-01       2.87263e+00
  857  1.71e-03      3.86129e+00       7.30581e-01       2.81772e+00
  858  1.72e-03      3.86774e+00       7.91834e-01       2.84243e+00
  859  1.72e-03      3.87031e+00       9.15969e-01       2.88553e+00
  860  1.72e-03      3.88344e+00       7.53554e-01       2.84015e+00
  861  1.72e-03      3.87316e+00       8.01228e-01       2.84918e+00
  862  1.72e-03      3.86538e+00       7.23936e-01       2.81823e+00
  863  1.73e-03      3.85444e+00       7.64872e-01       2.82458e+00
  864  1.73e-03      3.88065e+00       8.53849e-01       2.87172e+00
  865  1.73e-03      3.86085e+00       7.04499e-01       2.80873e+00
  866  1.73e-03      3.87396e+00       6.93934e-01       2.81395e+00
  867  1.73e-03      3.83535e+00       8.19418e-01       2.83004e+00
  868  1.74e-03      3.85511e+00       8.37209e-01       2.84914e+00
  869  1.74e-03      3.85293e+00       8.59571e-01       2.85514e+00
  870  1.74e-03      3.86414e+00       6.10097e-01       2.77946e+00
  871  1.74e-03      3.83065e+00       7.00595e-01       2.78730e+00
  872  1.74e-03      3.85023e+00       8.76526e-01       2.85899e+00
  873  1.75e-03      3.86773e+00       8.07089e-01       2.84752e+00
  874  1.75e-03      3.86869e+00       8.38925e-01       2.85877e+00
  875  1.75e-03      3.80805e+00       6.97764e-01       2.77129e+00
  876  1.75e-03      3.81254e+00       8.57583e-01       2.82755e+00
  877  1.75e-03      3.79938e+00       7.49125e-01       2.78263e+00
  878  1.76e-03      3.80156e+00       8.64738e-01       2.82262e+00
  879  1.76e-03      3.83111e+00       6.39451e-01       2.76722e+00
  880  1.76e-03      3.78763e+00       8.56398e-01       2.81055e+00
  881  1.76e-03      3.77353e+00       7.91065e-01       2.77937e+00
  882  1.76e-03      3.77740e+00       6.74581e-01       2.74313e+00
  883  1.77e-03      3.81511e+00       7.72523e-01       2.80091e+00
  884  1.77e-03      3.78279e+00       7.10988e-01       2.75885e+00
  885  1.77e-03      3.77884e+00       9.41233e-01       2.83297e+00
  886  1.77e-03      3.73687e+00       6.51467e-01       2.70840e+00
  887  1.77e-03      3.75927e+00       7.33412e-01       2.75065e+00
  888  1.78e-03      3.74823e+00       7.33428e-01       2.74329e+00
  889  1.78e-03      3.79494e+00       8.66109e-01       2.81867e+00
  890  1.78e-03      3.79805e+00       8.12790e-01       2.80296e+00
  891  1.78e-03      3.81109e+00       7.27145e-01       2.78311e+00
  892  1.78e-03      3.78287e+00       7.53448e-01       2.77306e+00
  893  1.79e-03      3.78931e+00       8.14794e-01       2.79780e+00
  894  1.79e-03      3.75124e+00       8.64111e-01       2.78887e+00
  895  1.79e-03      3.78546e+00       8.06038e-01       2.79232e+00
  896  1.79e-03      3.74474e+00       6.84975e-01       2.72481e+00
  897  1.79e-03      3.72223e+00       7.56536e-01       2.73367e+00
  898  1.80e-03      3.72732e+00       7.60194e-01       2.73828e+00
  899  1.80e-03      3.73353e+00       8.42065e-01       2.76971e+00
  900  1.80e-03      3.68530e+00       8.25313e-01       2.73197e+00
  901  1.80e-03      3.71630e+00       7.60470e-01       2.73102e+00
  902  1.80e-03      3.71712e+00       9.23752e-01       2.78599e+00
  903  1.81e-03      3.72580e+00       8.11865e-01       2.75449e+00
  904  1.81e-03      3.73455e+00       7.96614e-01       2.75524e+00
  905  1.81e-03      3.73578e+00       7.54123e-01       2.74189e+00
  906  1.81e-03      3.72653e+00       7.90134e-01       2.74773e+00
  907  1.81e-03      3.74353e+00       7.95373e-01       2.76081e+00
  908  1.82e-03      3.73795e+00       8.14112e-01       2.76333e+00
  909  1.82e-03      3.75091e+00       7.64507e-01       2.75545e+00
  910  1.82e-03      3.71376e+00       7.68112e-01       2.73188e+00
  911  1.82e-03      3.72408e+00       8.66559e-01       2.77157e+00
  912  1.82e-03      3.71140e+00       8.02684e-01       2.74183e+00
  913  1.83e-03      3.74259e+00       7.20786e-01       2.73532e+00
  914  1.83e-03      3.71926e+00       9.71574e-01       2.80337e+00
  915  1.83e-03      3.73165e+00       8.67228e-01       2.77684e+00
  916  1.83e-03      3.77408e+00       8.71186e-01       2.80645e+00
  917  1.83e-03      3.77774e+00       7.69825e-01       2.77510e+00
  918  1.84e-03      3.76024e+00       7.62359e-01       2.76095e+00
  919  1.84e-03      3.76785e+00       9.46066e-01       2.82726e+00
  920  1.84e-03      3.77715e+00       7.87248e-01       2.78052e+00
  921  1.84e-03      3.76480e+00       8.09488e-01       2.77970e+00
  922  1.84e-03      3.76607e+00       7.11601e-01       2.74792e+00
  923  1.85e-03      3.77869e+00       7.27978e-01       2.76178e+00
  924  1.85e-03      3.79744e+00       8.55909e-01       2.81693e+00
  925  1.85e-03      3.81617e+00       9.21844e-01       2.85139e+00
  926  1.85e-03      3.84160e+00       7.64944e-01       2.81605e+00
  927  1.85e-03      3.81680e+00       9.23537e-01       2.85238e+00
  928  1.86e-03      3.85208e+00       7.67694e-01       2.82395e+00
  929  1.86e-03      3.81788e+00       8.20443e-01       2.81873e+00
  930  1.86e-03      3.81201e+00       8.08251e-01       2.81076e+00
  931  1.86e-03      3.80997e+00       8.53245e-01       2.82439e+00
  932  1.86e-03      3.81426e+00       7.16375e-01       2.78163e+00
  933  1.87e-03      3.79288e+00       7.54103e-01       2.77995e+00
  934  1.87e-03      3.82494e+00       8.85613e-01       2.84517e+00
  935  1.87e-03      3.79455e+00       8.03061e-01       2.79739e+00
  936  1.87e-03      3.80175e+00       7.88234e-01       2.79725e+00
  937  1.87e-03      3.81592e+00       8.21603e-01       2.81781e+00
  938  1.88e-03      3.81655e+00       9.46904e-01       2.86000e+00
  939  1.88e-03      3.80484e+00       7.46149e-01       2.78527e+00
  940  1.88e-03      3.82553e+00       7.94888e-01       2.81531e+00
  941  1.88e-03      3.80518e+00       1.00721e+00       2.87252e+00
  942  1.88e-03      3.79401e+00       7.99126e-01       2.79571e+00
  943  1.89e-03      3.74505e+00       8.35188e-01       2.77509e+00
  944  1.89e-03      3.75406e+00       9.17001e-01       2.80837e+00
  945  1.89e-03      3.75901e+00       7.58368e-01       2.75879e+00
  946  1.89e-03      3.74944e+00       8.66463e-01       2.78845e+00
  947  1.89e-03      3.75536e+00       8.11606e-01       2.77411e+00
  948  1.90e-03      3.78950e+00       6.80015e-01       2.75300e+00
  949  1.90e-03      3.82538e+00       6.14931e-01       2.75523e+00
  950  1.90e-03      3.84093e+00       8.34046e-01       2.83864e+00
  951  1.90e-03      3.84781e+00       8.56684e-01       2.85077e+00
  952  1.90e-03      3.84906e+00       9.73219e-01       2.89044e+00
  953  1.91e-03      3.83915e+00       7.68460e-01       2.81559e+00
  954  1.91e-03      3.82310e+00       8.94869e-01       2.84702e+00
  955  1.91e-03      3.83099e+00       9.70145e-01       2.87738e+00
  956  1.91e-03      3.85082e+00       8.35504e-01       2.84571e+00
  957  1.91e-03      3.85742e+00       7.75181e-01       2.83001e+00
  958  1.92e-03      3.86081e+00       7.72962e-01       2.83153e+00
  959  1.92e-03      3.84108e+00       9.17401e-01       2.86652e+00
  960  1.92e-03      3.80839e+00       8.13507e-01       2.81010e+00
  961  1.92e-03      3.81292e+00       8.12655e-01       2.81283e+00
  962  1.92e-03      3.80220e+00       8.55132e-01       2.81985e+00
  963  1.93e-03      3.81675e+00       9.06605e-01       2.84670e+00
  964  1.93e-03      3.82987e+00       8.23191e-01       2.82765e+00
  965  1.93e-03      3.82877e+00       8.93287e-01       2.85027e+00
  966  1.93e-03      3.86844e+00       8.47188e-01       2.86135e+00
  967  1.93e-03      3.88782e+00       8.97826e-01       2.89116e+00
  968  1.94e-03      3.90149e+00       1.05672e+00       2.95323e+00
  969  1.94e-03      3.90682e+00       8.83664e-01       2.89910e+00
  970  1.94e-03      3.87852e+00       8.59389e-01       2.87214e+00
  971  1.94e-03      3.88602e+00       8.54797e-01       2.87561e+00
  972  1.94e-03      3.89557e+00       9.41127e-01       2.91076e+00
  973  1.95e-03      3.91643e+00       8.16995e-01       2.88329e+00
  974  1.95e-03      3.88891e+00       8.61532e-01       2.87979e+00
  975  1.95e-03      3.88694e+00       7.12482e-01       2.82879e+00
  976  1.95e-03      3.87391e+00       8.62051e-01       2.86995e+00
  977  1.95e-03      3.87950e+00       9.01657e-01       2.88688e+00
  978  1.96e-03      3.84686e+00       8.73436e-01       2.85572e+00
  979  1.96e-03      3.84952e+00       8.85088e-01       2.86138e+00
  980  1.96e-03      3.83570e+00       9.13722e-01       2.86171e+00
  981  1.96e-03      3.86428e+00       1.05399e+00       2.92752e+00
  982  1.96e-03      3.83542e+00       8.62671e-01       2.84451e+00
  983  1.97e-03      3.85558e+00       7.21099e-01       2.81076e+00
  984  1.97e-03      3.81472e+00       9.75898e-01       2.86845e+00
  985  1.97e-03      3.84399e+00       1.06750e+00       2.91849e+00
  986  1.97e-03      3.85076e+00       7.93174e-01       2.83156e+00
  987  1.97e-03      3.84716e+00       8.86995e-01       2.86044e+00
  988  1.98e-03      3.84371e+00       8.76652e-01       2.85469e+00
  989  1.98e-03      3.86284e+00       9.44223e-01       2.88997e+00
  990  1.98e-03      3.86121e+00       8.77569e-01       2.86666e+00
  991  1.98e-03      3.88106e+00       9.37017e-01       2.89971e+00
  992  1.98e-03      3.86487e+00       9.69465e-01       2.89974e+00
  993  1.99e-03      3.87919e+00       9.90342e-01       2.91624e+00
  994  1.99e-03      3.89337e+00       1.01893e+00       2.93522e+00
  995  1.99e-03      3.89001e+00       7.97331e-01       2.85912e+00
  996  1.99e-03      3.87030e+00       9.24938e-01       2.88851e+00
  997  1.99e-03      3.89118e+00       9.91866e-01       2.92474e+00
  998  2.00e-03      3.88614e+00       1.03012e+00       2.93414e+00
  999  2.00e-03      3.87387e+00       8.99903e-01       2.88254e+00
