Delta = -6.842e+00 gamma
 step      t        T_in_plane/mK   T_out_of_plane/mK   T_tot/mK
    0  0.00e+00      5.34598e+00       0.00000e+00       3.56398e+00
    1  2.00e-06      5.20769e+00       8.05793e-04       3.47206e+00
    2  4.00e-06      5.21619e+00       1.22913e-03       3.47787e+00
    3  6.00e-06      5.24433e+00       2.41260e-03       3.49703e+00
    4  8.00e-06      5.23403e+00       3.31244e-03       3.49046e+00
    5  1.00e-05      5.23804e+00       3.63249e-03       3.49324e+00
    6  1.20e-05      5.24053e+00       3.75413e-03       3.49494e+00
    7  1.40e-05      5.24913e+00       5.10036e-03       3.50112e+00
    8  1.60e-05      5.25546e+00       4.71085e-03       3.50521e+00
    9  1.80e-05      5.24810e+00       5.94727e-03       3.50071e+00
   10  2.00e-05      5.23402e+00       6.16144e-03       3.49140e+00
   11  2.20e-05      5.21413e+00       7.71193e-03       3.47866e+00
   12  2.40e-05      5.22517e+00       7.36029e-03       3.48590e+00
   13  2.60e-05      5.25920e+00       7.67780e-03       3.50870e+00
   14  2.80e-05      5.26370e+00       7.88861e-03       3.51176e+00
   15  3.00e-05      5.25570e+00       9.60386e-03       3.50700e+00
   16  3.20e-05      5.25502e+00       1.03852e-02       3.50681e+00
   17  3.40e-05      5.26706e+00       9.25823e-03       3.51446e+00
   18  3.60e-05      5.21976e+00       1.07300e-02       3.48342e+00
   19  3.80e-05      5.20670e+00       1.41180e-02       3.47584e+00
   20  4.00e-05      5.18513e+00       1.34668e-02       3.46124e+00
   21  4.20e-05      5.18707e+00       1.20129e-02       3.46205e+00
   22  4.40e-05      5.20857e+00       1.32245e-02       3.47679e+00
   23  4.60e-05      5.21485e+00       1.43631e-02       3.48135e+00
   24  4.80e-05      5.21951e+00       1.27835e-02       3.48393e+00
   25  5.00e-05      5.19689e+00       1.55934e-02       3.46979e+00
   26  5.20e-05      5.19630e+00       1.59681e-02       3.46952e+00
   27  5.40e-05      5.19322e+00       2.12019e-02       3.46921e+00
   28  5.60e-05      5.19637e+00       1.98102e-02       3.47085e+00
   29  5.80e-05      5.19655e+00       1.84617e-02       3.47052e+00
   30  6.00e-05      5.21317e+00       2.23428e-02       3.48289e+00
   31  6.20e-05      5.20486e+00       2.03406e-02       3.47669e+00
   32  6.40e-05      5.21958e+00       2.48219e-02       3.48799e+00
   33  6.60e-05      5.19160e+00       2.22312e-02       3.46848e+00
   34  6.80e-05      5.17620e+00       2.16264e-02       3.45801e+00
   35  7.00e-05      5.14195e+00       2.04220e-02       3.43477e+00
   36  7.20e-05      5.14031e+00       2.37697e-02       3.43480e+00
   37  7.40e-05      5.13554e+00       2.31672e-02       3.43142e+00
   38  7.60e-05      5.12460e+00       2.28206e-02       3.42401e+00
   39  7.80e-05      5.13085e+00       2.60230e-02       3.42924e+00
   40  8.00e-05      5.13008e+00       2.87777e-02       3.42964e+00
   41  8.20e-05      5.13105e+00       2.48324e-02       3.42898e+00
   42  8.40e-05      5.13234e+00       2.92822e-02       3.43132e+00
   43  8.60e-05      5.09178e+00       3.23089e-02       3.40529e+00
   44  8.80e-05      5.11118e+00       3.38421e-02       3.41873e+00
   45  9.00e-05      5.11370e+00       3.24345e-02       3.41995e+00
   46  9.20e-05      5.10476e+00       3.14522e-02       3.41366e+00
   47  9.40e-05      5.08463e+00       3.97673e-02       3.40301e+00
   48  9.60e-05      5.06044e+00       3.37630e-02       3.38488e+00
   49  9.80e-05      5.05448e+00       3.76047e-02       3.38219e+00
   50  1.00e-04      5.04662e+00       3.23316e-02       3.37519e+00
   51  1.02e-04      5.04578e+00       3.98363e-02       3.37713e+00
   52  1.04e-04      5.03979e+00       4.14973e-02       3.37370e+00
   53  1.06e-04      5.05553e+00       3.57671e-02       3.38227e+00
   54  1.08e-04      5.07282e+00       3.42986e-02       3.39332e+00
   55  1.10e-04      5.09645e+00       4.17441e-02       3.41155e+00
   56  1.12e-04      5.10215e+00       4.14123e-02       3.41524e+00
   57  1.14e-04      5.09678e+00       4.42958e-02       3.41262e+00
   58  1.16e-04      5.10113e+00       3.54980e-02       3.41258e+00
   59  1.18e-04      5.06096e+00       4.26670e-02       3.38819e+00
   60  1.20e-04      5.04662e+00       4.24636e-02       3.37857e+00
   61  1.22e-04      5.08069e+00       4.50226e-02       3.40213e+00
   62  1.24e-04      5.08992e+00       4.29374e-02       3.40759e+00
   63  1.26e-04      5.08563e+00       4.47995e-02       3.40536e+00
   64  1.28e-04      5.08395e+00       4.64641e-02       3.40479e+00
   65  1.30e-04      5.07885e+00       4.52457e-02       3.40098e+00
   66  1.32e-04      5.03601e+00       4.31628e-02       3.37173e+00
   67  1.34e-04      5.02373e+00       4.68807e-02       3.36478e+00
   68  1.36e-04      5.02201e+00       5.42162e-02       3.36608e+00
   69  1.38e-04      5.02717e+00       5.44238e-02       3.36959e+00
   70  1.40e-04      5.02827e+00       4.91665e-02       3.36857e+00
   71  1.42e-04      5.05081e+00       4.63314e-02       3.38265e+00
   72  1.44e-04      5.05601e+00       5.42257e-02       3.38875e+00
   73  1.46e-04      5.04184e+00       5.03885e-02       3.37803e+00
   74  1.48e-04      5.01747e+00       4.38483e-02       3.35960e+00
   75  1.50e-04      5.03068e+00       5.63912e-02       3.37258e+00
   76  1.52e-04      5.03974e+00       4.38613e-02       3.37445e+00
   77  1.54e-04      5.01866e+00       6.27172e-02       3.36668e+00
   78  1.56e-04      5.01938e+00       5.06118e-02       3.36313e+00
   79  1.58e-04      5.01460e+00       5.01959e-02       3.35980e+00
   80  1.60e-04      5.00736e+00       4.98764e-02       3.35487e+00
   81  1.62e-04      5.03230e+00       5.70627e-02       3.37388e+00
   82  1.64e-04      5.01757e+00       5.89816e-02       3.36471e+00
   83  1.66e-04      5.03549e+00       5.87891e-02       3.37659e+00
   84  1.68e-04      5.04741e+00       5.60866e-02       3.38363e+00
   85  1.70e-04      5.01813e+00       6.08716e-02       3.36571e+00
   86  1.72e-04      5.00619e+00       6.69252e-02       3.35977e+00
   87  1.74e-04      5.00870e+00       5.63997e-02       3.35793e+00
   88  1.76e-04      5.00828e+00       5.44874e-02       3.35701e+00
   89  1.78e-04      4.97620e+00       5.81332e-02       3.33685e+00
   90  1.80e-04      4.96871e+00       5.13701e-02       3.32960e+00
   91  1.82e-04      4.95942e+00       4.78051e-02       3.32222e+00
   92  1.84e-04      4.91432e+00       5.72731e-02       3.29530e+00
   93  1.86e-04      4.90172e+00       6.09013e-02       3.28811e+00
   94  1.88e-04      4.89943e+00       6.62006e-02       3.28836e+00
   95  1.90e-04      4.90351e+00       7.03099e-02       3.29244e+00
   96  1.92e-04      4.89424e+00       6.27812e-02       3.28376e+00
   97  1.94e-04      4.88480e+00       5.58954e-02       3.27516e+00
   98  1.96e-04      4.87179e+00       6.00589e-02       3.26788e+00
   99  1.98e-04      4.86378e+00       6.45070e-02       3.26402e+00
  100  2.00e-04      4.86566e+00       6.44320e-02       3.26525e+00
  101  2.02e-04      4.88835e+00       7.02806e-02       3.28232e+00
  102  2.04e-04      4.88781e+00       6.46211e-02       3.28008e+00
  103  2.06e-04      4.91383e+00       7.94325e-02       3.30236e+00
  104  2.08e-04      4.88442e+00       7.47678e-02       3.28120e+00
  105  2.10e-04      4.84979e+00       6.30671e-02       3.25421e+00
  106  2.12e-04      4.81536e+00       7.96554e-02       3.23679e+00
  107  2.14e-04      4.81036e+00       6.21249e-02       3.22762e+00
  108  2.16e-04      4.82332e+00       6.57671e-02       3.23747e+00
  109  2.18e-04      4.81502e+00       7.49815e-02       3.23501e+00
  110  2.20e-04      4.82829e+00       6.40049e-02       3.24020e+00
  111  2.22e-04      4.81008e+00       7.89164e-02       3.23302e+00
  112  2.24e-04      4.77605e+00       6.92226e-02       3.20711e+00
  113  2.26e-04      4.74802e+00       7.82201e-02       3.19142e+00
  114  2.28e-04      4.75119e+00       7.69678e-02       3.19312e+00
  115  2.30e-04      4.77534e+00       7.13493e-02       3.20734e+00
  116  2.32e-04      4.77097e+00       7.14929e-02       3.20448e+00
  117  2.34e-04      4.74164e+00       6.10968e-02       3.18146e+00
  118  2.36e-04      4.72955e+00       7.68347e-02       3.17864e+00
  119  2.38e-04      4.74487e+00       7.90153e-02       3.18959e+00
  120  2.40e-04      4.74356e+00       8.01637e-02       3.18910e+00
  121  2.42e-04      4.73881e+00       8.40448e-02       3.18722e+00
  122  2.44e-04      4.71416e+00       7.77257e-02       3.16868e+00
  123  2.46e-04      4.68624e+00       9.11224e-02       3.15453e+00
  124  2.48e-04      4.68200e+00       7.94260e-02       3.14781e+00
  125  2.50e-04      4.71686e+00       8.67597e-02       3.17349e+00
  126  2.52e-04      4.70892e+00       9.09152e-02       3.16959e+00
  127  2.54e-04      4.70785e+00       9.03570e-02       3.16869e+00
  128  2.56e-04      4.70894e+00       8.49492e-02       3.16761e+00
  129  2.58e-04      4.69696e+00       8.41054e-02       3.15934e+00
  130  2.60e-04      4.70831e+00       1.04347e-01       3.17366e+00
  131  2.62e-04      4.67310e+00       9.59190e-02       3.14737e+00
  132  2.64e-04      4.69853e+00       8.92168e-02       3.16209e+00
  133  2.66e-04      4.67771e+00       8.09816e-02       3.14547e+00
  134  2.68e-04      4.70267e+00       8.60508e-02       3.16380e+00
  135  2.70e-04      4.68354e+00       7.56923e-02       3.14759e+00
  136  2.72e-04      4.67201e+00       9.36462e-02       3.14589e+00
  137  2.74e-04      4.66067e+00       9.90340e-02       3.14013e+00
  138  2.76e-04      4.66896e+00       9.50200e-02       3.14431e+00
  139  2.78e-04      4.66832e+00       9.73113e-02       3.14465e+00
  140  2.80e-04      4.65558e+00       9.36935e-02       3.13495e+00
  141  2.82e-04      4.63720e+00       7.12910e-02       3.11523e+00
  142  2.84e-04      4.62161e+00       9.28031e-02       3.11201e+00
  143  2.86e-04      4.64790e+00       9.72860e-02       3.13103e+00
  144  2.88e-04      4.58764e+00       1.01283e-01       3.09219e+00
  145  2.90e-04      4.57396e+00       7.46553e-02       3.07419e+00
  146  2.92e-04      4.54076e+00       9.31017e-02       3.05821e+00
  147  2.94e-04      4.53799e+00       1.10815e-01       3.06226e+00
  148  2.96e-04      4.52969e+00       9.93035e-02       3.05289e+00
  149  2.98e-04      4.51023e+00       1.01767e-01       3.04074e+00
  150  3.00e-04      4.53335e+00       9.29567e-02       3.05322e+00
  151  3.02e-04      4.54721e+00       8.79555e-02       3.06079e+00
  152  3.04e-04      4.52332e+00       9.85241e-02       3.04839e+00
  153  3.06e-04      4.48671e+00       9.66266e-02       3.02335e+00
  154  3.08e-04      4.47216e+00       1.00834e-01       3.01505e+00
  155  3.10e-04      4.47062e+00       9.62177e-02       3.01248e+00
  156  3.12e-04      4.48681e+00       1.14199e-01       3.02928e+00
  157  3.14e-04      4.47012e+00       9.82158e-02       3.01282e+00
  158  3.16e-04      4.46256e+00       9.09333e-02       3.00535e+00
  159  3.18e-04      4.46631e+00       8.04748e-02       3.00436e+00
  160  3.20e-04      4.45460e+00       1.08057e-01       3.00575e+00
  161  3.22e-04      4.45002e+00       1.15081e-01       3.00504e+00
  162  3.24e-04      4.44893e+00       9.61045e-02       2.99799e+00
  163  3.26e-04      4.40777e+00       9.63293e-02       2.97062e+00
  164  3.28e-04      4.40043e+00       1.08443e-01       2.96977e+00
  165  3.30e-04      4.38847e+00       1.12814e-01       2.96325e+00
  166  3.32e-04      4.37801e+00       1.22242e-01       2.95942e+00
  167  3.34e-04      4.41197e+00       1.09368e-01       2.97777e+00
  168  3.36e-04      4.43121e+00       1.17521e-01       2.99332e+00
  169  3.38e-04      4.41024e+00       1.11794e-01       2.97743e+00
  170  3.40e-04      4.42152e+00       1.26683e-01       2.98991e+00
  171  3.42e-04      4.41288e+00       1.00961e-01       2.97558e+00
  172  3.44e-04      4.40176e+00       1.18855e-01       2.97413e+00
  173  3.46e-04      4.42278e+00       1.30598e-01       2.99205e+00
  174  3.48e-04      4.43381e+00       1.30812e-01       2.99948e+00
  175  3.50e-04      4.43712e+00       1.33260e-01       3.00250e+00
  176  3.52e-04      4.46335e+00       1.19690e-01       3.01546e+00
  177  3.54e-04      4.49057e+00       1.21896e-01       3.03435e+00
  178  3.56e-04      4.50651e+00       1.16132e-01       3.04305e+00
  179  3.58e-04      4.50373e+00       1.30651e-01       3.04603e+00
  180  3.60e-04      4.56697e+00       1.34435e-01       3.08946e+00
  181  3.62e-04      4.59190e+00       1.12828e-01       3.09887e+00
  182  3.64e-04      4.58591e+00       1.12691e-01       3.09484e+00
  183  3.66e-04      4.57436e+00       1.30926e-01       3.09322e+00
  184  3.68e-04      4.56735e+00       1.33085e-01       3.08926e+00
  185  3.70e-04      4.57102e+00       1.19234e-01       3.08709e+00
  186  3.72e-04      4.54495e+00       1.12070e-01       3.06732e+00
  187  3.74e-04      4.56040e+00       1.37504e-01       3.08610e+00
  188  3.76e-04      4.56812e+00       1.18633e-01       3.08496e+00
  189  3.78e-04      4.54526e+00       1.18000e-01       3.06951e+00
  190  3.80e-04      4.54134e+00       1.17966e-01       3.06688e+00
  191  3.82e-04      4.57415e+00       1.32893e-01       3.09373e+00
  192  3.84e-04      4.57756e+00       1.48028e-01       3.10105e+00
  193  3.86e-04      4.56593e+00       1.55928e-01       3.09593e+00
  194  3.88e-04      4.55415e+00       1.40181e-01       3.08283e+00
  195  3.90e-04      4.56542e+00       1.15927e-01       3.08225e+00
  196  3.92e-04      4.56771e+00       1.54879e-01       3.09677e+00
  197  3.94e-04      4.55954e+00       1.57758e-01       3.09228e+00
  198  3.96e-04      4.54392e+00       1.31109e-01       3.07298e+00
  199  3.98e-04      4.54114e+00       1.40007e-01       3.07410e+00
  200  4.00e-04      4.54912e+00       1.59802e-01       3.08601e+00
  201  4.02e-04      4.52566e+00       1.59468e-01       3.07026e+00
  202  4.04e-04      4.49973e+00       1.47084e-01       3.04885e+00
  203  4.06e-04      4.51354e+00       1.69441e-01       3.06551e+00
  204  4.08e-04      4.48267e+00       1.46348e-01       3.03723e+00
  205  4.10e-04      4.49946e+00       1.54610e-01       3.05118e+00
  206  4.12e-04      4.49154e+00       1.42340e-01       3.04180e+00
  207  4.14e-04      4.46539e+00       1.15559e-01       3.01545e+00
  208  4.16e-04      4.45405e+00       1.54219e-01       3.02077e+00
  209  4.18e-04      4.43285e+00       1.62171e-01       3.00929e+00
  210  4.20e-04      4.44315e+00       1.57217e-01       3.01451e+00
  211  4.22e-04      4.42076e+00       1.57030e-01       2.99952e+00
  212  4.24e-04      4.39989e+00       1.57900e-01       2.98589e+00
  213  4.26e-04      4.41007e+00       1.70071e-01       2.99673e+00
  214  4.28e-04      4.41247e+00       1.54387e-01       2.99311e+00
  215  4.30e-04      4.40289e+00       1.61366e-01       2.98905e+00
  216  4.32e-04      4.41558e+00       1.22901e-01       2.98468e+00
  217  4.34e-04      4.41442e+00       1.61454e-01       2.99677e+00
  218  4.36e-04      4.42418e+00       1.65945e-01       3.00477e+00
  219  4.38e-04      4.41731e+00       1.38391e-01       2.99100e+00
  220  4.40e-04      4.40016e+00       1.85157e-01       2.99516e+00
  221  4.42e-04      4.40372e+00       1.80060e-01       2.99583e+00
  222  4.44e-04      4.43152e+00       1.65288e-01       3.00944e+00
  223  4.46e-04      4.42346e+00       1.74809e-01       3.00724e+00
  224  4.48e-04      4.43044e+00       1.71714e-01       3.01086e+00
  225  4.50e-04      4.45098e+00       1.57311e-01       3.01976e+00
  226  4.52e-04      4.44926e+00       1.68620e-01       3.02238e+00
  227  4.54e-04      4.42997e+00       1.93450e-01       3.01779e+00
  228  4.56e-04      4.42023e+00       1.50720e-01       2.99706e+00
  229  4.58e-04      4.41897e+00       1.52035e-01       2.99666e+00
  230  4.60e-04      4.40550e+00       1.99725e-01       3.00357e+00
  231  4.62e-04      4.41510e+00       1.83585e-01       3.00460e+00
  232  4.64e-04      4.43358e+00       1.60466e-01       3.00921e+00
  233  4.66e-04      4.44738e+00       1.88778e-01       3.02785e+00
  234  4.68e-04      4.45562e+00       1.91942e-01       3.03439e+00
  235  4.70e-04      4.48492e+00       1.80209e-01       3.05001e+00
  236  4.72e-04      4.45866e+00       1.97407e-01       3.03824e+00
  237  4.74e-04      4.43492e+00       1.87669e-01       3.01917e+00
  238  4.76e-04      4.42469e+00       1.70326e-01       3.00657e+00
  239  4.78e-04      4.40916e+00       2.12284e-01       3.01020e+00
  240  4.80e-04      4.42601e+00       1.87477e-01       3.01317e+00
  241  4.82e-04      4.42727e+00       1.70096e-01       3.00821e+00
  242  4.84e-04      4.43296e+00       1.92991e-01       3.01964e+00
  243  4.86e-04      4.42377e+00       1.98705e-01       3.01542e+00
  244  4.88e-04      4.39565e+00       2.01567e-01       2.99762e+00
  245  4.90e-04      4.41782e+00       2.22667e-01       3.01944e+00
  246  4.92e-04      4.40663e+00       1.73164e-01       2.99548e+00
  247  4.94e-04      4.39590e+00       1.62269e-01       2.98469e+00
  248  4.96e-04      4.36013e+00       2.14718e-01       2.97833e+00
  249  4.98e-04      4.41153e+00       1.84967e-01       3.00268e+00
  250  5.00e-04      4.44823e+00       1.93103e-01       3.02985e+00
  251  5.02e-04      4.42658e+00       1.78943e-01       3.01070e+00
  252  5.04e-04      4.40488e+00       1.95908e-01       3.00189e+00
  253  5.06e-04      4.42914e+00       2.02297e-01       3.02019e+00
  254  5.08e-04      4.40823e+00       2.23596e-01       3.01335e+00
  255  5.10e-04      4.37985e+00       2.30625e-01       2.99678e+00
  256  5.12e-04      4.36799e+00       1.69685e-01       2.96855e+00
  257  5.14e-04      4.38006e+00       2.09826e-01       2.98998e+00
  258  5.16e-04      4.40056e+00       2.27550e-01       3.00956e+00
  259  5.18e-04      4.45302e+00       1.90365e-01       3.03214e+00
  260  5.20e-04      4.43398e+00       1.88967e-01       3.01897e+00
  261  5.22e-04      4.42208e+00       2.13917e-01       3.01936e+00
  262  5.24e-04      4.41163e+00       2.26950e-01       3.01674e+00
  263  5.26e-04      4.40856e+00       2.00387e-01       3.00583e+00
  264  5.28e-04      4.40577e+00       1.86627e-01       2.99939e+00
  265  5.30e-04      4.46169e+00       1.79120e-01       3.03416e+00
  266  5.32e-04      4.46448e+00       1.96011e-01       3.04166e+00
  267  5.34e-04      4.44567e+00       2.27151e-01       3.03950e+00
  268  5.36e-04      4.43685e+00       2.04998e-01       3.02623e+00
  269  5.38e-04      4.40913e+00       2.31607e-01       3.01662e+00
  270  5.40e-04      4.39204e+00       1.91973e-01       2.99202e+00
  271  5.42e-04      4.37137e+00       2.12069e-01       2.98493e+00
  272  5.44e-04      4.39859e+00       2.03852e-01       3.00035e+00
  273  5.46e-04      4.40016e+00       1.65123e-01       2.98848e+00
  274  5.48e-04      4.40887e+00       2.21957e-01       3.01323e+00
  275  5.50e-04      4.39536e+00       2.17488e-01       3.00274e+00
  276  5.52e-04      4.35915e+00       1.91623e-01       2.96998e+00
  277  5.54e-04      4.37471e+00       1.69942e-01       2.97312e+00
  278  5.56e-04      4.36040e+00       2.27776e-01       2.98286e+00
  279  5.58e-04      4.35228e+00       2.19300e-01       2.97462e+00
  280  5.60e-04      4.36250e+00       2.59648e-01       2.99488e+00
  281  5.62e-04      4.36479e+00       2.73260e-01       3.00095e+00
  282  5.64e-04      4.34259e+00       2.05725e-01       2.96363e+00
  283  5.66e-04      4.35314e+00       2.00124e-01       2.96880e+00
  284  5.68e-04      4.35321e+00       1.96420e-01       2.96761e+00
  285  5.70e-04      4.33224e+00       2.09962e-01       2.95815e+00
  286  5.72e-04      4.30136e+00       1.88297e-01       2.93034e+00
  287  5.74e-04      4.29348e+00       1.72047e-01       2.91967e+00
  288  5.76e-04      4.31993e+00       2.09636e-01       2.94983e+00
  289  5.78e-04      4.29711e+00       2.12901e-01       2.93571e+00
  290  5.80e-04      4.29654e+00       2.37412e-01       2.94350e+00
  291  5.82e-04      4.30265e+00       2.14492e-01       2.93993e+00
  292  5.84e-04      4.29777e+00       1.94514e-01       2.93002e+00
  293  5.86e-04      4.27346e+00       2.26146e-01       2.92435e+00
  294  5.88e-04      4.30155e+00       1.92564e-01       2.93189e+00
  295  5.90e-04      4.29627e+00       2.43592e-01       2.94538e+00
  296  5.92e-04      4.32867e+00       2.05654e-01       2.95433e+00
  297  5.94e-04      4.32892e+00       1.92856e-01       2.95023e+00
  298  5.96e-04      4.35603e+00       2.13457e-01       2.97517e+00
  299  5.98e-04      4.35937e+00       2.15990e-01       2.97824e+00
  300  6.00e-04      4.35460e+00       2.28392e-01       2.97919e+00
  301  6.02e-04      4.35014e+00       1.78968e-01       2.95975e+00
  302  6.04e-04      4.36398e+00       2.41072e-01       2.98968e+00
  303  6.06e-04      4.34998e+00       2.28973e-01       2.97631e+00
  304  6.08e-04      4.36820e+00       1.96566e-01       2.97766e+00
  305  6.10e-04      4.40475e+00       2.20165e-01       3.00989e+00
  306  6.12e-04      4.39339e+00       2.20319e-01       3.00237e+00
  307  6.14e-04      4.36253e+00       2.29557e-01       2.98487e+00
  308  6.16e-04      4.36491e+00       2.13383e-01       2.98107e+00
  309  6.18e-04      4.35171e+00       2.14367e-01       2.97260e+00
  310  6.20e-04      4.32345e+00       1.96303e-01       2.94774e+00
  311  6.22e-04      4.29979e+00       2.40618e-01       2.94673e+00
  312  6.24e-04      4.31859e+00       2.83052e-01       2.97341e+00
  313  6.26e-04      4.32556e+00       2.07008e-01       2.95271e+00
  314  6.28e-04      4.33899e+00       1.99651e-01       2.95921e+00
  315  6.30e-04      4.34906e+00       2.23343e-01       2.97382e+00
  316  6.32e-04      4.36910e+00       2.56101e-01       2.99810e+00
  317  6.34e-04      4.35246e+00       2.28632e-01       2.97785e+00
  318  6.36e-04      4.33001e+00       2.43056e-01       2.96769e+00
  319  6.38e-04      4.29027e+00       2.51423e-01       2.94399e+00
  320  6.40e-04      4.29316e+00       2.30674e-01       2.93900e+00
  321  6.42e-04      4.29498e+00       2.78202e-01       2.95605e+00
  322  6.44e-04      4.27314e+00       2.42713e-01       2.92966e+00
  323  6.46e-04      4.24609e+00       2.06201e-01       2.89946e+00
  324  6.48e-04      4.25039e+00       2.59890e-01       2.92022e+00
  325  6.50e-04      4.25910e+00       2.24174e-01       2.91412e+00
  326  6.52e-04      4.25687e+00       2.37019e-01       2.91692e+00
  327  6.54e-04      4.23867e+00       2.13945e-01       2.89710e+00
  328  6.56e-04      4.25788e+00       2.33277e-01       2.91635e+00
  329  6.58e-04      4.23091e+00       2.73239e-01       2.91168e+00
  330  6.60e-04      4.26492e+00       2.43799e-01       2.92455e+00
  331  6.62e-04      4.26676e+00       2.71191e-01       2.93490e+00
  332  6.64e-04      4.27933e+00       2.38564e-01       2.93241e+00
  333  6.66e-04      4.26812e+00       2.83800e-01       2.94002e+00
  334  6.68e-04      4.24869e+00       2.69798e-01       2.92239e+00
  335  6.70e-04      4.24155e+00       2.73474e-01       2.91886e+00
  336  6.72e-04      4.26936e+00       2.57197e-01       2.93197e+00
  337  6.74e-04      4.27909e+00       2.35196e-01       2.93112e+00
  338  6.76e-04      4.27515e+00       2.94608e-01       2.94830e+00
  339  6.78e-04      4.27482e+00       2.59620e-01       2.93642e+00
  340  6.80e-04      4.27476e+00       2.99317e-01       2.94961e+00
  341  6.82e-04      4.28056e+00       2.77109e-01       2.94608e+00
  342  6.84e-04      4.27433e+00       2.55922e-01       2.93486e+00
  343  6.86e-04      4.25692e+00       2.93825e-01       2.93589e+00
  344  6.88e-04      4.22362e+00       2.53715e-01       2.90032e+00
  345  6.90e-04      4.23328e+00       3.07666e-01       2.92474e+00
  346  6.92e-04      4.24605e+00       2.66474e-01       2.91952e+00
  347  6.94e-04      4.24548e+00       2.79103e-01       2.92335e+00
  348  6.96e-04      4.23225e+00       2.96677e-01       2.92039e+00
  349  6.98e-04      4.21474e+00       2.77393e-01       2.90229e+00
  350  7.00e-04      4.20427e+00       2.73947e-01       2.89416e+00
  351  7.02e-04      4.18918e+00       2.77089e-01       2.88515e+00
  352  7.04e-04      4.20957e+00       2.94387e-01       2.90451e+00
  353  7.06e-04      4.23309e+00       2.67400e-01       2.91119e+00
  354  7.08e-04      4.23069e+00       2.48492e-01       2.90329e+00
  355  7.10e-04      4.18467e+00       2.24879e-01       2.86474e+00
  356  7.12e-04      4.19528e+00       2.59280e-01       2.88328e+00
  357  7.14e-04      4.19248e+00       3.47303e-01       2.91075e+00
  358  7.16e-04      4.20316e+00       3.14857e-01       2.90706e+00
  359  7.18e-04      4.19182e+00       2.89077e-01       2.89090e+00
  360  7.20e-04      4.21867e+00       2.92038e-01       2.90979e+00
  361  7.22e-04      4.20813e+00       2.94824e-01       2.90369e+00
  362  7.24e-04      4.19372e+00       2.92929e-01       2.89346e+00
  363  7.26e-04      4.18821e+00       2.86942e-01       2.88778e+00
  364  7.28e-04      4.15479e+00       2.95847e-01       2.86848e+00
  365  7.30e-04      4.13348e+00       2.46023e-01       2.83766e+00
  366  7.32e-04      4.12109e+00       2.86246e-01       2.84281e+00
  367  7.34e-04      4.12543e+00       3.24405e-01       2.85842e+00
  368  7.36e-04      4.11793e+00       2.68557e-01       2.83480e+00
  369  7.38e-04      4.10906e+00       3.21255e-01       2.84646e+00
  370  7.40e-04      4.10761e+00       3.50997e-01       2.85541e+00
  371  7.42e-04      4.10793e+00       2.70061e-01       2.82864e+00
  372  7.44e-04      4.12985e+00       2.89349e-01       2.84968e+00
  373  7.46e-04      4.12759e+00       2.90572e-01       2.84859e+00
  374  7.48e-04      4.11997e+00       3.18855e-01       2.85293e+00
  375  7.50e-04      4.10128e+00       3.08205e-01       2.83692e+00
  376  7.52e-04      4.10349e+00       2.97882e-01       2.83495e+00
  377  7.54e-04      4.10152e+00       2.52445e-01       2.81849e+00
  378  7.56e-04      4.10412e+00       2.59040e-01       2.82243e+00
  379  7.58e-04      4.09586e+00       2.94177e-01       2.82863e+00
  380  7.60e-04      4.11625e+00       3.12767e-01       2.84842e+00
  381  7.62e-04      4.12162e+00       2.90238e-01       2.84449e+00
  382  7.64e-04      4.14254e+00       2.72988e-01       2.85269e+00
  383  7.66e-04      4.14932e+00       3.09562e-01       2.86940e+00
  384  7.68e-04      4.16356e+00       3.19312e-01       2.88214e+00
  385  7.70e-04      4.18431e+00       3.37926e-01       2.90218e+00
  386  7.72e-04      4.18330e+00       2.44892e-01       2.87050e+00
  387  7.74e-04      4.20466e+00       2.77600e-01       2.89564e+00
  388  7.76e-04      4.19502e+00       3.19465e-01       2.90317e+00
  389  7.78e-04      4.21442e+00       3.49864e-01       2.92623e+00
  390  7.80e-04      4.25468e+00       3.14150e-01       2.94117e+00
  391  7.82e-04      4.29225e+00       3.35820e-01       2.97344e+00
  392  7.84e-04      4.28350e+00       3.15843e-01       2.96095e+00
  393  7.86e-04      4.26282e+00       2.55276e-01       2.92697e+00
  394  7.88e-04      4.23907e+00       3.37841e-01       2.93866e+00
  395  7.90e-04      4.26665e+00       3.33479e-01       2.95559e+00
  396  7.92e-04      4.29161e+00       2.76906e-01       2.95338e+00
  397  7.94e-04      4.27232e+00       3.10413e-01       2.95169e+00
  398  7.96e-04      4.27020e+00       3.66078e-01       2.96883e+00
  399  7.98e-04      4.27890e+00       2.97508e-01       2.95177e+00
  400  8.00e-04      4.28914e+00       2.68746e-01       2.94901e+00
  401  8.02e-04      4.27849e+00       3.73237e-01       2.97674e+00
  402  8.04e-04      4.27547e+00       2.84170e-01       2.94503e+00
  403  8.06e-04      4.28910e+00       2.54668e-01       2.94429e+00
  404  8.08e-04      4.27211e+00       2.92922e-01       2.94571e+00
  405  8.10e-04      4.29289e+00       2.70992e-01       2.95226e+00
  406  8.12e-04      4.29780e+00       3.02843e-01       2.96615e+00
  407  8.14e-04      4.28404e+00       3.39308e-01       2.96913e+00
  408  8.16e-04      4.26532e+00       3.44376e-01       2.95834e+00
  409  8.18e-04      4.25617e+00       2.73251e-01       2.92853e+00
  410  8.20e-04      4.29746e+00       3.22937e-01       2.97262e+00
  411  8.22e-04      4.27405e+00       3.95198e-01       2.98110e+00
  412  8.24e-04      4.27616e+00       3.29729e-01       2.96068e+00
  413  8.26e-04      4.25175e+00       3.27446e-01       2.94365e+00
  414  8.28e-04      4.25230e+00       2.69796e-01       2.92480e+00
  415  8.30e-04      4.24137e+00       3.44400e-01       2.94238e+00
  416  8.32e-04      4.21646e+00       3.34817e-01       2.92258e+00
  417  8.34e-04      4.18687e+00       3.47912e-01       2.90722e+00
  418  8.36e-04      4.20057e+00       3.15170e-01       2.90543e+00
  419  8.38e-04      4.22036e+00       3.19497e-01       2.92007e+00
  420  8.40e-04      4.22418e+00       3.31206e-01       2.92652e+00
  421  8.42e-04      4.20791e+00       3.24561e-01       2.91346e+00
  422  8.44e-04      4.19142e+00       3.32865e-01       2.90524e+00
  423  8.46e-04      4.20911e+00       2.86270e-01       2.90150e+00
  424  8.48e-04      4.20792e+00       3.42302e-01       2.91938e+00
  425  8.50e-04      4.18872e+00       3.70813e-01       2.91608e+00
  426  8.52e-04      4.20216e+00       3.22879e-01       2.90907e+00
  427  8.54e-04      4.18087e+00       3.21808e-01       2.89451e+00
  428  8.56e-04      4.16690e+00       3.53400e-01       2.89574e+00
  429  8.58e-04      4.15364e+00       3.37664e-01       2.88165e+00
  430  8.60e-04      4.16185e+00       3.81839e-01       2.90184e+00
  431  8.62e-04      4.13263e+00       2.78708e-01       2.84799e+00
  432  8.64e-04      4.10612e+00       2.93716e-01       2.83532e+00
  433  8.66e-04      4.09357e+00       3.38888e-01       2.84201e+00
  434  8.68e-04      4.09877e+00       3.34480e-01       2.84401e+00
  435  8.70e-04      4.11527e+00       3.29073e-01       2.85320e+00
  436  8.72e-04      4.10111e+00       3.54235e-01       2.85215e+00
  437  8.74e-04      4.11837e+00       3.41738e-01       2.85949e+00
  438  8.76e-04      4.10373e+00       3.47157e-01       2.85154e+00
  439  8.78e-04      4.08710e+00       3.87302e-01       2.85384e+00
  440  8.80e-04      4.02877e+00       2.97815e-01       2.78512e+00
  441  8.82e-04      4.05337e+00       3.24594e-01       2.81045e+00
  442  8.84e-04      4.04153e+00       4.01433e-01       2.82816e+00
  443  8.86e-04      4.00138e+00       3.43516e-01       2.78209e+00
  444  8.88e-04      4.00867e+00       3.25136e-01       2.78083e+00
  445  8.90e-04      4.01026e+00       3.19898e-01       2.78014e+00
  446  8.92e-04      3.98758e+00       3.48182e-01       2.77445e+00
  447  8.94e-04      4.02403e+00       3.58078e-01       2.80205e+00
  448  8.96e-04      3.99865e+00       3.84410e-01       2.79391e+00
  449  8.98e-04      3.99477e+00       3.66118e-01       2.78522e+00
  450  9.00e-04      3.98547e+00       3.12579e-01       2.76117e+00
  451  9.02e-04      3.97113e+00       3.38249e-01       2.76017e+00
  452  9.04e-04      3.96175e+00       3.68332e-01       2.76395e+00
  453  9.06e-04      3.99590e+00       4.04969e-01       2.79892e+00
  454  9.08e-04      3.99533e+00       3.39904e-01       2.77685e+00
  455  9.10e-04      3.98454e+00       3.17761e-01       2.76228e+00
  456  9.12e-04      3.98567e+00       3.36869e-01       2.76940e+00
  457  9.14e-04      4.00007e+00       3.38406e-01       2.77952e+00
  458  9.16e-04      3.95584e+00       4.01292e-01       2.77099e+00
  459  9.18e-04      3.97726e+00       3.47762e-01       2.76743e+00
  460  9.20e-04      3.96582e+00       3.78524e-01       2.77005e+00
  461  9.22e-04      3.97421e+00       3.46612e-01       2.76501e+00
  462  9.24e-04      3.94185e+00       3.64290e-01       2.74933e+00
  463  9.26e-04      3.94851e+00       3.86545e-01       2.76119e+00
  464  9.28e-04      4.00360e+00       3.49724e-01       2.78564e+00
  465  9.30e-04      4.01236e+00       4.05735e-01       2.81015e+00
  466  9.32e-04      3.97991e+00       3.28472e-01       2.76276e+00
  467  9.34e-04      4.00077e+00       4.28764e-01       2.81010e+00
  468  9.36e-04      3.99777e+00       3.56258e-01       2.78393e+00
  469  9.38e-04      4.02298e+00       4.21842e-01       2.82260e+00
  470  9.40e-04      3.99438e+00       3.80127e-01       2.78963e+00
  471  9.42e-04      4.01342e+00       4.00992e-01       2.80928e+00
  472  9.44e-04      4.01534e+00       3.40641e-01       2.79044e+00
  473  9.46e-04      3.98722e+00       3.23080e-01       2.76584e+00
  474  9.48e-04      3.98454e+00       3.96970e-01       2.78868e+00
  475  9.50e-04      3.99794e+00       3.86194e-01       2.79403e+00
  476  9.52e-04      3.99302e+00       4.05180e-01       2.79708e+00
  477  9.54e-04      4.00406e+00       3.91060e-01       2.79972e+00
  478  9.56e-04      4.01618e+00       3.99476e-01       2.81061e+00
  479  9.58e-04      3.99553e+00       3.91074e-01       2.79405e+00
  480  9.60e-04      3.98344e+00       3.90544e-01       2.78581e+00
  481  9.62e-04      3.98793e+00       3.74173e-01       2.78335e+00
  482  9.64e-04      3.98407e+00       3.37178e-01       2.76844e+00
  483  9.66e-04      3.98124e+00       3.33589e-01       2.76536e+00
  484  9.68e-04      3.97154e+00       3.54458e-01       2.76585e+00
  485  9.70e-04      3.99717e+00       3.78022e-01       2.79079e+00
  486  9.72e-04      4.00593e+00       3.40734e-01       2.78420e+00
  487  9.74e-04      4.00694e+00       3.63041e-01       2.79231e+00
  488  9.76e-04      3.98076e+00       3.93147e-01       2.78489e+00
  489  9.78e-04      3.97580e+00       4.21531e-01       2.79104e+00
  490  9.80e-04      3.97190e+00       3.95773e-01       2.77986e+00
  491  9.82e-04      3.96053e+00       4.06440e-01       2.77583e+00
  492  9.84e-04      3.94612e+00       3.58768e-01       2.75034e+00
  493  9.86e-04      3.93931e+00       3.61617e-01       2.74675e+00
  494  9.88e-04      3.93755e+00       4.16916e-01       2.76400e+00
  495  9.90e-04      3.90828e+00       3.75891e-01       2.73082e+00
  496  9.92e-04      3.90481e+00       3.70242e-01       2.72662e+00
  497  9.94e-04      3.87059e+00       4.27527e-01       2.72290e+00
  498  9.96e-04      3.86766e+00       4.03738e-01       2.71302e+00
  499  9.98e-04      3.86271e+00       3.92655e-01       2.70602e+00
  500  1.00e-03      3.87373e+00       3.88513e-01       2.71199e+00
  501  1.00e-03      3.84918e+00       4.28317e-01       2.70889e+00
  502  1.00e-03      3.81772e+00       3.54692e-01       2.66338e+00
  503  1.01e-03      3.82047e+00       3.56236e-01       2.66573e+00
  504  1.01e-03      3.84281e+00       4.13509e-01       2.69971e+00
  505  1.01e-03      3.82734e+00       3.68870e-01       2.67452e+00
  506  1.01e-03      3.82244e+00       3.93779e-01       2.67955e+00
  507  1.01e-03      3.80302e+00       4.27321e-01       2.67779e+00
  508  1.02e-03      3.82525e+00       4.06682e-01       2.68572e+00
  509  1.02e-03      3.81226e+00       3.39697e-01       2.65474e+00
  510  1.02e-03      3.77477e+00       4.49076e-01       2.66620e+00
  511  1.02e-03      3.75992e+00       3.99392e-01       2.63974e+00
  512  1.02e-03      3.74466e+00       3.91839e-01       2.62706e+00
  513  1.03e-03      3.75654e+00       3.76147e-01       2.62974e+00
  514  1.03e-03      3.73290e+00       3.68604e-01       2.61147e+00
  515  1.03e-03      3.70517e+00       3.84580e-01       2.59831e+00
  516  1.03e-03      3.69363e+00       4.22721e-01       2.60332e+00
  517  1.03e-03      3.71699e+00       4.06393e-01       2.61346e+00
  518  1.04e-03      3.72608e+00       4.03110e-01       2.61842e+00
  519  1.04e-03      3.72414e+00       4.65102e-01       2.63779e+00
  520  1.04e-03      3.70921e+00       3.81567e-01       2.59999e+00
  521  1.04e-03      3.69540e+00       4.52478e-01       2.61443e+00
  522  1.04e-03      3.68823e+00       4.30904e-01       2.60245e+00
  523  1.05e-03      3.68665e+00       4.27324e-01       2.60021e+00
  524  1.05e-03      3.65219e+00       3.26455e-01       2.54361e+00
  525  1.05e-03      3.68629e+00       4.21812e-01       2.59813e+00
  526  1.05e-03      3.70014e+00       4.58110e-01       2.61946e+00
  527  1.05e-03      3.67888e+00       3.54569e-01       2.57077e+00
  528  1.06e-03      3.67239e+00       4.52982e-01       2.59925e+00
  529  1.06e-03      3.67415e+00       4.25371e-01       2.59123e+00
  530  1.06e-03      3.67037e+00       4.27892e-01       2.58955e+00
  531  1.06e-03      3.69443e+00       4.29098e-01       2.60598e+00
  532  1.06e-03      3.67347e+00       4.26253e-01       2.59107e+00
  533  1.07e-03      3.68974e+00       3.85737e-01       2.58840e+00
  534  1.07e-03      3.69066e+00       3.81176e-01       2.58750e+00
  535  1.07e-03      3.70573e+00       4.22881e-01       2.61145e+00
  536  1.07e-03      3.68288e+00       3.73114e-01       2.57962e+00
  537  1.07e-03      3.65706e+00       4.31838e-01       2.58199e+00
  538  1.08e-03      3.63295e+00       4.88095e-01       2.58467e+00
  539  1.08e-03      3.65064e+00       4.65889e-01       2.58906e+00
  540  1.08e-03      3.64017e+00       4.12067e-01       2.56413e+00
  541  1.08e-03      3.66005e+00       4.14905e-01       2.57833e+00
  542  1.08e-03      3.63145e+00       4.81598e-01       2.58150e+00
  543  1.09e-03      3.65865e+00       4.61532e-01       2.59295e+00
  544  1.09e-03      3.68147e+00       4.33815e-01       2.59892e+00
  545  1.09e-03      3.67306e+00       4.46034e-01       2.59738e+00
  546  1.09e-03      3.66937e+00       4.15370e-01       2.58470e+00
  547  1.09e-03      3.67808e+00       4.95870e-01       2.61734e+00
  548  1.10e-03      3.66475e+00       5.03923e-01       2.61114e+00
  549  1.10e-03      3.67313e+00       5.02805e-01       2.61635e+00
  550  1.10e-03      3.64723e+00       4.21534e-01       2.57200e+00
  551  1.10e-03      3.65135e+00       4.97556e-01       2.60009e+00
  552  1.10e-03      3.65673e+00       4.31625e-01       2.58170e+00
  553  1.11e-03      3.64381e+00       4.39556e-01       2.57572e+00
  554  1.11e-03      3.63279e+00       4.41079e-01       2.56889e+00
  555  1.11e-03      3.68258e+00       3.72080e-01       2.57908e+00
  556  1.11e-03      3.68590e+00       3.74227e-01       2.58201e+00
  557  1.11e-03      3.69861e+00       4.19399e-01       2.60554e+00
  558  1.12e-03      3.67607e+00       4.11578e-01       2.58790e+00
  559  1.12e-03      3.71065e+00       4.43772e-01       2.62169e+00
  560  1.12e-03      3.71932e+00       4.85141e-01       2.64126e+00
  561  1.12e-03      3.72998e+00       4.21841e-01       2.62727e+00
  562  1.12e-03      3.71256e+00       5.10265e-01       2.64513e+00
  563  1.13e-03      3.72889e+00       4.16764e-01       2.62485e+00
  564  1.13e-03      3.73998e+00       3.86899e-01       2.62228e+00
  565  1.13e-03      3.70705e+00       4.84373e-01       2.63283e+00
  566  1.13e-03      3.69144e+00       4.37684e-01       2.60686e+00
  567  1.13e-03      3.69176e+00       3.68718e-01       2.58408e+00
  568  1.14e-03      3.69915e+00       4.36695e-01       2.61166e+00
  569  1.14e-03      3.69015e+00       4.73251e-01       2.61785e+00
  570  1.14e-03      3.67130e+00       4.46822e-01       2.59647e+00
  571  1.14e-03      3.68142e+00       4.70023e-01       2.61096e+00
  572  1.14e-03      3.67367e+00       5.10292e-01       2.61921e+00
  573  1.15e-03      3.68270e+00       4.23058e-01       2.59615e+00
  574  1.15e-03      3.67566e+00       4.49836e-01       2.60038e+00
  575  1.15e-03      3.66432e+00       4.91002e-01       2.60655e+00
  576  1.15e-03      3.69282e+00       3.93174e-01       2.59294e+00
  577  1.15e-03      3.70901e+00       4.18803e-01       2.61227e+00
  578  1.16e-03      3.71533e+00       4.30204e-01       2.62029e+00
  579  1.16e-03      3.68461e+00       4.14490e-01       2.59457e+00
  580  1.16e-03      3.68978e+00       4.43722e-01       2.60776e+00
  581  1.16e-03      3.68069e+00       5.36084e-01       2.63249e+00
  582  1.16e-03      3.71769e+00       4.55130e-01       2.63017e+00
  583  1.17e-03      3.71104e+00       3.99399e-01       2.60716e+00
  584  1.17e-03      3.70424e+00       4.86167e-01       2.63155e+00
  585  1.17e-03      3.67680e+00       4.48724e-01       2.60077e+00
  586  1.17e-03      3.70579e+00       4.22124e-01       2.61124e+00
  587  1.17e-03      3.69416e+00       4.47901e-01       2.61207e+00
  588  1.18e-03      3.69417e+00       4.31972e-01       2.60677e+00
  589  1.18e-03      3.67611e+00       4.78944e-01       2.61039e+00
  590  1.18e-03      3.67332e+00       5.01540e-01       2.61606e+00
  591  1.18e-03      3.67471e+00       4.76589e-01       2.60867e+00
  592  1.18e-03      3.70336e+00       4.65903e-01       2.62421e+00
  593  1.19e-03      3.69775e+00       4.52006e-01       2.61584e+00
  594  1.19e-03      3.67962e+00       5.30889e-01       2.63004e+00
  595  1.19e-03      3.64863e+00       4.03515e-01       2.56693e+00
  596  1.19e-03      3.68306e+00       4.30582e-01       2.59890e+00
  597  1.19e-03      3.65444e+00       4.34702e-01       2.58119e+00
  598  1.20e-03      3.66269e+00       4.44645e-01       2.59001e+00
  599  1.20e-03      3.65036e+00       4.65063e-01       2.58859e+00
  600  1.20e-03      3.66200e+00       3.58641e-01       2.56088e+00
  601  1.20e-03      3.62942e+00       4.94052e-01       2.58430e+00
  602  1.20e-03      3.62453e+00       4.79631e-01       2.57623e+00
  603  1.21e-03      3.62824e+00       5.04087e-01       2.58685e+00
  604  1.21e-03      3.64967e+00       4.03579e-01       2.56764e+00
  605  1.21e-03      3.62918e+00       4.75783e-01       2.57805e+00
  606  1.21e-03      3.59715e+00       5.90298e-01       2.59487e+00
  607  1.21e-03      3.58102e+00       4.55099e-01       2.53904e+00
  608  1.22e-03      3.61459e+00       3.91091e-01       2.54009e+00
  609  1.22e-03      3.62770e+00       4.41234e-01       2.56554e+00
  610  1.22e-03      3.61760e+00       4.64846e-01       2.56668e+00
  611  1.22e-03      3.62728e+00       4.57989e-01       2.57085e+00
  612  1.22e-03      3.63585e+00       5.37245e-01       2.60298e+00
  613  1.23e-03      3.62766e+00       4.51413e-01       2.56891e+00
  614  1.23e-03      3.62417e+00       4.03482e-01       2.55061e+00
  615  1.23e-03      3.61470e+00       5.11605e-01       2.58033e+00
  616  1.23e-03      3.62910e+00       4.71292e-01       2.57650e+00
  617  1.23e-03      3.62222e+00       4.56935e-01       2.56712e+00
  618  1.24e-03      3.63623e+00       5.11533e-01       2.59466e+00
  619  1.24e-03      3.62470e+00       5.15645e-01       2.58835e+00
  620  1.24e-03      3.60333e+00       4.15589e-01       2.54075e+00
  621  1.24e-03      3.60872e+00       4.81073e-01       2.56617e+00
  622  1.24e-03      3.63169e+00       5.09072e-01       2.59081e+00
  623  1.25e-03      3.64234e+00       5.10052e-01       2.59824e+00
  624  1.25e-03      3.62935e+00       4.93067e-01       2.58392e+00
  625  1.25e-03      3.63755e+00       4.88822e-01       2.58797e+00
  626  1.25e-03      3.66270e+00       4.47696e-01       2.59103e+00
  627  1.25e-03      3.68621e+00       4.17788e-01       2.59674e+00
  628  1.26e-03      3.65551e+00       5.24942e-01       2.61199e+00
  629  1.26e-03      3.65829e+00       4.46146e-01       2.58758e+00
  630  1.26e-03      3.64209e+00       4.47522e-01       2.57724e+00
  631  1.26e-03      3.62532e+00       4.47676e-01       2.56610e+00
  632  1.26e-03      3.59716e+00       4.43389e-01       2.54590e+00
  633  1.27e-03      3.61411e+00       5.87331e-01       2.60518e+00
  634  1.27e-03      3.61613e+00       5.38044e-01       2.59010e+00
  635  1.27e-03      3.62814e+00       4.58565e-01       2.57162e+00
  636  1.27e-03      3.61563e+00       4.57736e-01       2.56300e+00
  637  1.27e-03      3.62082e+00       4.62447e-01       2.56803e+00
  638  1.28e-03      3.62749e+00       4.41512e-01       2.56550e+00
  639  1.28e-03      3.62294e+00       4.24007e-01       2.55663e+00
  640  1.28e-03      3.59800e+00       4.66036e-01       2.55401e+00
  641  1.28e-03      3.59762e+00       4.30950e-01       2.54206e+00
  642  1.28e-03      3.59443e+00       4.84144e-01       2.55767e+00
  643  1.29e-03      3.59562e+00       5.55059e-01       2.58210e+00
  644  1.29e-03      3.58584e+00       4.72011e-01       2.54790e+00
  645  1.29e-03      3.58986e+00       5.51609e-01       2.57711e+00
  646  1.29e-03      3.56152e+00       5.55305e-01       2.55945e+00
  647  1.29e-03      3.58212e+00       4.62494e-01       2.54225e+00
  648  1.30e-03      3.56997e+00       4.14964e-01       2.51830e+00
  649  1.30e-03      3.57749e+00       4.73118e-01       2.54270e+00
  650  1.30e-03      3.55348e+00       4.75560e-01       2.52750e+00
  651  1.30e-03      3.55693e+00       4.04637e-01       2.50617e+00
  652  1.30e-03      3.54207e+00       5.36106e-01       2.54008e+00
  653  1.31e-03      3.54351e+00       4.74432e-01       2.52048e+00
  654  1.31e-03      3.49128e+00       3.63033e-01       2.44853e+00
  655  1.31e-03      3.49676e+00       5.11845e-01       2.50179e+00
  656  1.31e-03      3.46260e+00       5.45911e-01       2.49037e+00
  657  1.31e-03      3.45807e+00       5.09814e-01       2.47532e+00
  658  1.32e-03      3.47030e+00       4.85728e-01       2.47544e+00
  659  1.32e-03      3.48726e+00       4.66414e-01       2.48031e+00
  660  1.32e-03      3.48367e+00       4.91391e-01       2.48624e+00
  661  1.32e-03      3.51451e+00       4.80422e-01       2.50315e+00
  662  1.32e-03      3.49271e+00       5.58455e-01       2.51463e+00
  663  1.33e-03      3.51364e+00       4.52464e-01       2.49325e+00
  664  1.33e-03      3.50630e+00       5.53511e-01       2.52203e+00
  665  1.33e-03      3.48553e+00       5.62254e-01       2.51110e+00
  666  1.33e-03      3.46774e+00       4.94811e-01       2.47677e+00
  667  1.33e-03      3.44840e+00       5.13722e-01       2.47018e+00
  668  1.34e-03      3.44218e+00       5.20435e-01       2.46826e+00
  669  1.34e-03      3.46863e+00       5.34217e-01       2.49049e+00
  670  1.34e-03      3.46107e+00       4.92689e-01       2.47161e+00
  671  1.34e-03      3.45773e+00       5.09869e-01       2.47511e+00
  672  1.34e-03      3.49526e+00       4.49703e-01       2.48008e+00
  673  1.35e-03      3.48447e+00       4.21896e-01       2.46361e+00
  674  1.35e-03      3.49703e+00       5.27197e-01       2.50709e+00
  675  1.35e-03      3.47833e+00       4.71482e-01       2.47605e+00
  676  1.35e-03      3.49650e+00       5.45250e-01       2.51275e+00
  677  1.35e-03      3.48398e+00       5.11686e-01       2.49322e+00
  678  1.36e-03      3.48412e+00       4.81976e-01       2.48341e+00
  679  1.36e-03      3.49193e+00       5.01899e-01       2.49525e+00
  680  1.36e-03      3.51186e+00       5.50110e-01       2.52461e+00
  681  1.36e-03      3.49960e+00       5.32189e-01       2.51047e+00
  682  1.36e-03      3.48504e+00       4.67654e-01       2.47924e+00
  683  1.37e-03      3.47363e+00       4.72345e-01       2.47320e+00
  684  1.37e-03      3.48629e+00       4.55531e-01       2.47603e+00
  685  1.37e-03      3.44976e+00       4.45878e-01       2.44847e+00
  686  1.37e-03      3.46974e+00       5.83812e-01       2.50776e+00
  687  1.37e-03      3.45231e+00       5.39073e-01       2.48123e+00
  688  1.38e-03      3.44934e+00       4.95158e-01       2.46461e+00
  689  1.38e-03      3.42433e+00       5.48621e-01       2.46576e+00
  690  1.38e-03      3.44402e+00       5.22393e-01       2.47015e+00
  691  1.38e-03      3.44047e+00       4.79580e-01       2.45351e+00
  692  1.38e-03      3.46388e+00       5.87488e-01       2.50508e+00
  693  1.39e-03      3.46136e+00       5.70984e-01       2.49790e+00
  694  1.39e-03      3.47169e+00       4.56236e-01       2.46654e+00
  695  1.39e-03      3.45570e+00       4.80356e-01       2.46392e+00
  696  1.39e-03      3.46037e+00       5.05942e-01       2.47556e+00
  697  1.39e-03      3.47158e+00       5.89461e-01       2.51087e+00
  698  1.40e-03      3.49952e+00       5.48281e-01       2.51577e+00
  699  1.40e-03      3.43512e+00       4.67123e-01       2.44578e+00
  700  1.40e-03      3.47423e+00       4.82279e-01       2.47691e+00
  701  1.40e-03      3.45740e+00       5.75254e-01       2.49669e+00
  702  1.40e-03      3.45756e+00       5.74629e-01       2.49658e+00
  703  1.41e-03      3.41302e+00       5.04149e-01       2.44339e+00
  704  1.41e-03      3.44980e+00       6.00498e-01       2.50003e+00
  705  1.41e-03      3.42316e+00       5.39252e-01       2.46186e+00
  706  1.41e-03      3.43503e+00       5.18503e-01       2.46286e+00
  707  1.41e-03      3.44532e+00       5.28267e-01       2.47297e+00
  708  1.42e-03      3.46944e+00       5.86244e-01       2.50837e+00
  709  1.42e-03      3.46007e+00       5.78303e-01       2.49948e+00
  710  1.42e-03      3.49819e+00       5.89391e-01       2.52859e+00
  711  1.42e-03      3.47718e+00       5.35114e-01       2.49649e+00
  712  1.42e-03      3.49650e+00       4.45932e-01       2.47964e+00
  713  1.43e-03      3.48943e+00       6.38220e-01       2.53902e+00
  714  1.43e-03      3.48365e+00       6.19382e-01       2.52889e+00
  715  1.43e-03      3.47227e+00       5.08342e-01       2.48429e+00
  716  1.43e-03      3.47741e+00       5.65829e-01       2.50688e+00
  717  1.43e-03      3.47159e+00       5.61001e-01       2.50140e+00
  718  1.44e-03      3.44861e+00       5.56042e-01       2.48442e+00
  719  1.44e-03      3.43159e+00       5.98759e-01       2.48731e+00
  720  1.44e-03      3.45971e+00       5.39351e-01       2.48626e+00
  721  1.44e-03      3.47020e+00       5.91170e-01       2.51052e+00
  722  1.44e-03      3.47780e+00       4.95255e-01       2.48362e+00
  723  1.45e-03      3.47455e+00       5.29544e-01       2.49288e+00
  724  1.45e-03      3.45968e+00       5.52965e-01       2.49078e+00
  725  1.45e-03      3.46214e+00       5.79644e-01       2.50131e+00
  726  1.45e-03      3.41554e+00       6.27334e-01       2.48614e+00
  727  1.45e-03      3.42001e+00       5.85792e-01       2.47527e+00
  728  1.46e-03      3.39587e+00       5.81157e-01       2.45763e+00
  729  1.46e-03      3.42767e+00       4.95069e-01       2.45013e+00
  730  1.46e-03      3.40192e+00       6.13556e-01       2.47247e+00
  731  1.46e-03      3.41538e+00       5.75113e-01       2.46863e+00
  732  1.46e-03      3.40149e+00       5.57790e-01       2.45359e+00
  733  1.47e-03      3.44346e+00       5.67070e-01       2.48466e+00
  734  1.47e-03      3.44437e+00       5.28502e-01       2.47241e+00
  735  1.47e-03      3.44945e+00       5.38556e-01       2.47915e+00
  736  1.47e-03      3.43396e+00       5.88824e-01       2.48558e+00
  737  1.47e-03      3.43153e+00       6.16754e-01       2.49327e+00
  738  1.48e-03      3.41080e+00       5.28396e-01       2.45000e+00
  739  1.48e-03      3.43638e+00       5.52130e-01       2.47496e+00
  740  1.48e-03      3.40631e+00       5.40133e-01       2.45092e+00
  741  1.48e-03      3.42114e+00       5.83143e-01       2.47514e+00
  742  1.48e-03      3.38130e+00       5.55613e-01       2.43941e+00
  743  1.49e-03      3.43927e+00       4.89139e-01       2.45589e+00
  744  1.49e-03      3.43245e+00       5.21086e-01       2.46200e+00
  745  1.49e-03      3.42763e+00       6.06054e-01       2.48710e+00
  746  1.49e-03      3.40433e+00       5.56627e-01       2.45509e+00
  747  1.49e-03      3.42647e+00       6.52775e-01       2.50191e+00
  748  1.50e-03      3.37921e+00       5.77136e-01       2.44518e+00
  749  1.50e-03      3.38554e+00       6.33925e-01       2.46834e+00
  750  1.50e-03      3.37170e+00       6.59510e-01       2.46764e+00
  751  1.50e-03      3.38544e+00       5.80449e-01       2.45045e+00
  752  1.50e-03      3.37450e+00       5.45156e-01       2.43138e+00
  753  1.51e-03      3.41032e+00       5.34832e-01       2.45182e+00
  754  1.51e-03      3.38818e+00       5.44790e-01       2.44038e+00
  755  1.51e-03      3.40038e+00       5.75278e-01       2.45868e+00
  756  1.51e-03      3.38854e+00       5.97304e-01       2.45813e+00
  757  1.51e-03      3.38980e+00       5.46190e-01       2.44193e+00
  758  1.52e-03      3.37475e+00       5.68722e-01       2.43941e+00
  759  1.52e-03      3.36686e+00       5.85971e-01       2.43990e+00
  760  1.52e-03      3.34879e+00       7.11720e-01       2.46977e+00
  761  1.52e-03      3.34543e+00       6.18950e-01       2.43661e+00
  762  1.52e-03      3.34928e+00       5.95903e-01       2.43149e+00
  763  1.53e-03      3.37121e+00       5.95595e-01       2.44600e+00
  764  1.53e-03      3.34553e+00       5.22283e-01       2.40445e+00
  765  1.53e-03      3.36075e+00       5.70081e-01       2.43053e+00
  766  1.53e-03      3.34501e+00       5.45609e-01       2.41188e+00
  767  1.53e-03      3.34917e+00       5.34240e-01       2.41086e+00
  768  1.54e-03      3.34523e+00       6.81195e-01       2.45722e+00
  769  1.54e-03      3.33128e+00       5.64320e-01       2.40896e+00
  770  1.54e-03      3.34734e+00       5.34340e-01       2.40968e+00
  771  1.54e-03      3.30583e+00       7.09438e-01       2.44036e+00
  772  1.54e-03      3.32863e+00       6.76580e-01       2.44461e+00
  773  1.55e-03      3.33395e+00       6.10056e-01       2.42599e+00
  774  1.55e-03      3.31575e+00       5.72300e-01       2.40127e+00
  775  1.55e-03      3.27442e+00       4.15516e-01       2.32145e+00
  776  1.55e-03      3.28414e+00       5.33536e-01       2.36727e+00
  777  1.55e-03      3.26169e+00       6.15141e-01       2.37951e+00
  778  1.56e-03      3.29618e+00       5.15994e-01       2.36945e+00
  779  1.56e-03      3.29263e+00       5.62669e-01       2.38264e+00
  780  1.56e-03      3.30907e+00       6.32864e-01       2.41700e+00
  781  1.56e-03      3.28700e+00       6.58224e-01       2.41074e+00
  782  1.56e-03      3.29680e+00       6.01005e-01       2.39820e+00
  783  1.57e-03      3.25994e+00       5.68849e-01       2.36291e+00
  784  1.57e-03      3.25987e+00       5.60010e-01       2.35992e+00
  785  1.57e-03      3.25955e+00       6.58999e-01       2.39270e+00
  786  1.57e-03      3.27860e+00       5.46882e-01       2.36803e+00
  787  1.57e-03      3.24737e+00       3.99215e-01       2.29798e+00
  788  1.58e-03      3.27307e+00       5.34949e-01       2.36036e+00
  789  1.58e-03      3.24964e+00       6.49406e-01       2.38290e+00
  790  1.58e-03      3.28130e+00       6.53834e-01       2.40548e+00
  791  1.58e-03      3.26461e+00       5.00281e-01       2.34317e+00
  792  1.58e-03      3.27763e+00       6.41706e-01       2.39899e+00
  793  1.59e-03      3.25520e+00       6.64440e-01       2.39161e+00
  794  1.59e-03      3.25798e+00       6.10810e-01       2.37559e+00
  795  1.59e-03      3.23591e+00       7.15159e-01       2.39566e+00
  796  1.59e-03      3.23794e+00       5.39171e-01       2.33835e+00
  797  1.59e-03      3.21694e+00       5.28778e-01       2.32089e+00
  798  1.60e-03      3.24491e+00       5.45903e-01       2.34524e+00
  799  1.60e-03      3.22003e+00       5.13869e-01       2.31797e+00
  800  1.60e-03      3.22130e+00       5.83193e-01       2.34193e+00
  801  1.60e-03      3.19422e+00       5.12388e-01       2.30027e+00
  802  1.60e-03      3.20890e+00       7.11102e-01       2.37630e+00
  803  1.61e-03      3.21159e+00       6.60328e-01       2.36117e+00
  804  1.61e-03      3.21333e+00       5.35832e-01       2.32083e+00
  805  1.61e-03      3.19054e+00       6.49028e-01       2.34337e+00
  806  1.61e-03      3.18921e+00       7.04645e-01       2.36102e+00
  807  1.61e-03      3.20500e+00       6.53473e-01       2.35449e+00
  808  1.62e-03      3.16518e+00       5.42462e-01       2.29094e+00
  809  1.62e-03      3.17502e+00       5.48623e-01       2.29955e+00
  810  1.62e-03      3.16226e+00       5.63222e-01       2.29592e+00
  811  1.62e-03      3.14244e+00       6.73823e-01       2.31957e+00
  812  1.62e-03      3.12480e+00       6.11306e-01       2.28697e+00
  813  1.63e-03      3.09477e+00       6.16508e-01       2.26868e+00
  814  1.63e-03      3.09122e+00       6.51391e-01       2.27794e+00
  815  1.63e-03      3.07744e+00       6.26406e-01       2.26043e+00
  816  1.63e-03      3.09218e+00       6.57975e-01       2.28078e+00
  817  1.63e-03      3.08804e+00       6.07229e-01       2.26110e+00
  818  1.64e-03      3.09311e+00       5.38226e-01       2.24149e+00
  819  1.64e-03      3.10763e+00       6.19430e-01       2.27823e+00
  820  1.64e-03      3.07475e+00       5.83878e-01       2.24446e+00
  821  1.64e-03      3.07323e+00       5.30913e-01       2.22579e+00
  822  1.64e-03      3.05435e+00       5.23201e-01       2.21063e+00
  823  1.65e-03      3.05664e+00       7.14030e-01       2.27577e+00
  824  1.65e-03      3.05256e+00       7.69702e-01       2.29161e+00
  825  1.65e-03      3.06535e+00       6.32471e-01       2.25439e+00
  826  1.65e-03      3.04773e+00       6.30037e-01       2.24183e+00
  827  1.65e-03      3.07460e+00       5.85885e-01       2.24503e+00
  828  1.66e-03      3.05813e+00       6.06766e-01       2.24101e+00
  829  1.66e-03      3.06668e+00       6.90506e-01       2.27462e+00
  830  1.66e-03      3.02923e+00       5.28268e-01       2.19557e+00
  831  1.66e-03      3.06276e+00       4.78071e-01       2.20120e+00
  832  1.66e-03      3.01841e+00       7.15332e-01       2.25072e+00
  833  1.67e-03      3.03957e+00       5.69499e-01       2.21621e+00
  834  1.67e-03      3.01659e+00       5.79194e-01       2.20413e+00
  835  1.67e-03      3.04127e+00       7.14146e-01       2.26556e+00
  836  1.67e-03      3.00197e+00       6.29036e-01       2.21099e+00
  837  1.67e-03      3.03197e+00       5.54154e-01       2.20603e+00
  838  1.68e-03      3.02970e+00       5.74592e-01       2.21133e+00
  839  1.68e-03      3.05812e+00       6.50937e-01       2.25572e+00
  840  1.68e-03      3.03237e+00       6.25948e-01       2.23023e+00
  841  1.68e-03      3.04041e+00       6.34069e-01       2.23829e+00
  842  1.68e-03      3.02063e+00       5.72744e-01       2.20467e+00
  843  1.69e-03      3.05806e+00       5.51183e-01       2.22243e+00
  844  1.69e-03      3.03116e+00       6.26005e-01       2.22944e+00
  845  1.69e-03      3.03592e+00       6.72210e-01       2.24802e+00
  846  1.69e-03      3.04255e+00       6.44565e-01       2.24322e+00
  847  1.69e-03      3.05416e+00       5.85903e-01       2.23141e+00
  848  1.70e-03      3.00203e+00       5.86923e-01       2.19699e+00
  849  1.70e-03      3.01525e+00       6.09776e-01       2.21343e+00
  850  1.70e-03      2.98016e+00       6.62521e-01       2.20762e+00
  851  1.70e-03      2.98243e+00       6.07630e-01       2.19083e+00
  852  1.70e-03      2.96072e+00       6.05772e-01       2.17574e+00
  853  1.71e-03      2.97770e+00       7.15374e-01       2.22359e+00
  854  1.71e-03      2.94511e+00       6.18906e-01       2.16971e+00
  855  1.71e-03      2.94360e+00       6.64590e-01       2.18393e+00
  856  1.71e-03      2.91658e+00       6.65447e-01       2.16621e+00
  857  1.71e-03      2.93353e+00       6.91075e-01       2.18605e+00
  858  1.72e-03      2.88600e+00       6.58869e-01       2.14362e+00
  859  1.72e-03      2.88711e+00       5.98418e-01       2.12421e+00
  860  1.72e-03      2.89783e+00       6.51866e-01       2.14917e+00
  861  1.72e-03      2.89745e+00       5.80267e-01       2.12506e+00
  862  1.72e-03      2.89162e+00       5.74582e-01       2.11927e+00
  863  1.73e-03      2.91244e+00       6.28761e-01       2.15121e+00
  864  1.73e-03      2.89680e+00       6.67276e-01       2.15362e+00
  865  1.73e-03      2.88366e+00       5.82020e-01       2.11645e+00
  866  1.73e-03      2.88167e+00       6.24782e-01       2.12937e+00
  867  1.73e-03      2.86773e+00       7.16491e-01       2.15065e+00
  868  1.74e-03      2.85691e+00       6.43727e-01       2.11918e+00
  869  1.74e-03      2.86281e+00       7.16564e-01       2.14739e+00
  870  1.74e-03      2.85429e+00       5.80607e-01       2.09639e+00
  871  1.74e-03      2.86322e+00       5.86166e-01       2.10420e+00
  872  1.74e-03      2.86723e+00       6.05094e-01       2.11319e+00
  873  1.75e-03      2.84326e+00       5.12420e-01       2.06632e+00
  874  1.75e-03      2.86043e+00       7.23257e-01       2.14804e+00
  875  1.75e-03      2.82471e+00       6.65850e-01       2.10509e+00
  876  1.75e-03      2.84478e+00       6.09164e-01       2.09958e+00
  877  1.75e-03      2.84507e+00       6.77280e-01       2.12247e+00
  878  1.76e-03      2.86332e+00       7.36898e-01       2.15452e+00
  879  1.76e-03      2.84050e+00       7.01218e-01       2.12740e+00
  880  1.76e-03      2.85380e+00       5.43005e-01       2.08353e+00
  881  1.76e-03      2.85915e+00       5.93665e-01       2.10399e+00
  882  1.76e-03      2.86987e+00       6.17341e-01       2.11902e+00
  883  1.77e-03      2.82106e+00       5.54398e-01       2.06551e+00
  884  1.77e-03      2.83240e+00       6.15087e-01       2.09330e+00
  885  1.77e-03      2.80188e+00       5.87461e-01       2.06374e+00
  886  1.77e-03      2.84809e+00       5.70878e-01       2.08902e+00
  887  1.77e-03      2.82278e+00       5.89686e-01       2.07842e+00
  888  1.78e-03      2.83777e+00       7.37899e-01       2.13781e+00
  889  1.78e-03      2.81090e+00       6.72335e-01       2.09804e+00
  890  1.78e-03      2.82926e+00       6.64665e-01       2.10773e+00
  891  1.78e-03      2.78410e+00       6.94322e-01       2.08751e+00
  892  1.78e-03      2.82605e+00       5.91541e-01       2.08121e+00
  893  1.79e-03      2.80149e+00       5.95698e-01       2.06623e+00
  894  1.79e-03      2.82682e+00       5.90249e-01       2.08130e+00
  895  1.79e-03      2.80558e+00       6.13896e-01       2.07502e+00
  896  1.79e-03      2.81295e+00       6.46264e-01       2.09072e+00
  897  1.79e-03      2.77724e+00       5.65903e-01       2.04013e+00
  898  1.80e-03      2.79731e+00       6.34469e-01       2.07636e+00
  899  1.80e-03      2.77802e+00       6.90933e-01       2.08233e+00
  900  1.80e-03      2.76755e+00       7.81723e-01       2.10561e+00
  901  1.80e-03      2.76868e+00       6.96227e-01       2.07786e+00
  902  1.80e-03      2.77539e+00       5.84904e-01       2.04523e+00
  903  1.81e-03      2.77968e+00       6.82491e-01       2.08062e+00
  904  1.81e-03      2.78619e+00       6.38749e-01       2.07037e+00
  905  1.81e-03      2.77665e+00       5.85174e-01       2.04616e+00
  906  1.81e-03      2.77928e+00       5.83771e-01       2.04745e+00
  907  1.81e-03      2.77894e+00       5.79609e-01       2.04583e+00
  908  1.82e-03      2.77047e+00       7.23532e-01       2.08816e+00
  909  1.82e-03      2.77849e+00       7.08978e-01       2.08865e+00
  910  1.82e-03      2.81924e+00       5.56284e-01       2.06492e+00
  911  1.82e-03      2.82125e+00       6.15335e-01       2.08595e+00
  912  1.82e-03      2.80629e+00       7.49696e-01       2.12076e+00
  913  1.83e-03      2.79575e+00       6.48680e-01       2.08006e+00
  914  1.83e-03      2.77742e+00       6.71295e-01       2.07538e+00
  915  1.83e-03      2.79119e+00       6.89477e-01       2.09062e+00
  916  1.83e-03      2.76981e+00       5.87689e-01       2.04244e+00
  917  1.83e-03      2.79796e+00       6.84269e-01       2.09339e+00
  918  1.84e-03      2.80847e+00       8.02928e-01       2.13995e+00
  919  1.84e-03      2.81977e+00       6.23890e-01       2.08781e+00
  920  1.84e-03      2.79805e+00       5.53197e-01       2.04977e+00
  921  1.84e-03      2.83409e+00       6.14072e-01       2.09409e+00
  922  1.84e-03      2.83055e+00       7.79250e-01       2.14678e+00
  923  1.85e-03      2.82432e+00       6.95617e-01       2.11475e+00
  924  1.85e-03      2.82760e+00       6.24907e-01       2.09337e+00
  925  1.85e-03      2.84584e+00       6.67060e-01       2.11958e+00
  926  1.85e-03      2.81471e+00       7.12981e-01       2.11413e+00
  927  1.85e-03      2.83720e+00       6.47878e-01       2.10743e+00
  928  1.86e-03      2.80750e+00       5.36945e-01       2.05065e+00
  929  1.86e-03      2.81887e+00       7.08931e-01       2.11556e+00
  930  1.86e-03      2.81631e+00       6.63816e-01       2.09881e+00
  931  1.86e-03      2.81315e+00       6.69122e-01       2.09847e+00
  932  1.86e-03      2.80107e+00       7.03289e-01       2.10181e+00
  933  1.87e-03      2.84264e+00       6.73293e-01       2.11953e+00
  934  1.87e-03      2.82998e+00       7.90357e-01       2.15010e+00
  935  1.87e-03      2.84201e+00       7.88272e-01       2.15743e+00
  936  1.87e-03      2.82893e+00       6.15656e-01       2.09117e+00
  937  1.87e-03      2.85323e+00       6.69791e-01       2.12541e+00
  938  1.88e-03      2.82701e+00       7.70171e-01       2.14140e+00
  939  1.88e-03      2.83992e+00       7.30083e-01       2.13664e+00
  940  1.88e-03      2.81342e+00       5.83385e-01       2.07007e+00
  941  1.88e-03      2.82378e+00       6.07889e-01       2.08515e+00
  942  1.88e-03      2.80131e+00       6.54288e-01       2.08564e+00
  943  1.89e-03      2.81649e+00       7.67651e-01       2.13354e+00
  944  1.89e-03      2.80138e+00       6.97712e-01       2.10016e+00
  945  1.89e-03      2.84631e+00       5.01955e-01       2.06486e+00
  946  1.89e-03      2.82653e+00       7.10007e-01       2.12102e+00
  947  1.89e-03      2.83608e+00       7.26567e-01       2.13291e+00
  948  1.90e-03      2.83830e+00       7.24912e-01       2.13383e+00
  949  1.90e-03      2.86030e+00       7.52977e-01       2.15786e+00
  950  1.90e-03      2.84249e+00       6.78722e-01       2.12123e+00
  951  1.90e-03      2.84644e+00       7.76417e-01       2.15643e+00
  952  1.90e-03      2.82841e+00       7.31684e-01       2.12950e+00
  953  1.91e-03      2.83723e+00       7.01597e-01       2.12536e+00
  954  1.91e-03      2.81076e+00       6.64525e-01       2.09535e+00
  955  1.91e-03      2.81733e+00       6.71500e-01       2.10206e+00
  956  1.91e-03      2.81890e+00       7.71260e-01       2.13636e+00
  957  1.91e-03      2.83303e+00       7.81412e-01       2.14916e+00
  958  1.92e-03      2.81762e+00       6.42665e-01       2.09263e+00
  959  1.92e-03      2.80077e+00       5.58738e-01       2.05342e+00
  960  1.92e-03      2.80576e+00       7.68619e-01       2.12672e+00
  961  1.92e-03      2.79777e+00       8.50043e-01       2.14852e+00
  962  1.92e-03      2.79108e+00       5.95913e-01       2.05936e+00
  963  1.93e-03      2.78618e+00       6.13132e-01       2.06183e+00
  964  1.93e-03      2.79092e+00       6.58252e-01       2.08003e+00
  965  1.93e-03      2.78822e+00       6.87546e-01       2.08799e+00
  966  1.93e-03      2.80922e+00       7.33636e-01       2.11736e+00
  967  1.93e-03      2.80953e+00       7.46522e-01       2.12186e+00
  968  1.94e-03      2.82866e+00       6.90373e-01       2.11590e+00
  969  1.94e-03      2.79709e+00       7.64675e-01       2.11962e+00
  970  1.94e-03      2.80315e+00       7.03882e-01       2.10340e+00
  971  1.94e-03      2.80931e+00       6.78790e-01       2.09914e+00
  972  1.94e-03      2.81420e+00       7.63328e-01       2.13057e+00
  973  1.95e-03      2.81657e+00       7.37192e-01       2.12344e+00
  974  1.95e-03      2.80609e+00       7.81397e-01       2.13119e+00
  975  1.95e-03      2.79752e+00       7.63968e-01       2.11967e+00
  976  1.95e-03      2.82657e+00       6.23315e-01       2.09215e+00
  977  1.95e-03      2.79160e+00       6.73666e-01       2.08562e+00
  978  1.96e-03      2.83402e+00       9.09642e-01       2.19256e+00
  979  1.96e-03      2.80832e+00       7.71118e-01       2.12925e+00
  980  1.96e-03      2.82231e+00       6.46997e-01       2.09721e+00
  981  1.96e-03      2.82075e+00       6.51040e-01       2.09751e+00
  982  1.96e-03      2.81290e+00       7.02710e-01       2.10950e+00
  983  1.97e-03      2.78844e+00       7.48639e-01       2.10851e+00
  984  1.97e-03      2.80425e+00       7.60013e-01       2.12284e+00
  985  1.97e-03      2.76106e+00       6.60758e-01       2.06096e+00
  986  1.97e-03      2.78672e+00       7.67750e-01       2.11373e+00
  987  1.97e-03      2.74903e+00       8.71009e-01       2.12302e+00
  988  1.98e-03      2.76766e+00       6.72558e-01       2.06929e+00
  989  1.98e-03      2.75744e+00       6.91617e-01       2.06883e+00
  990  1.98e-03      2.75772e+00       8.01828e-01       2.10575e+00
  991  1.98e-03      2.72870e+00       8.29344e-01       2.09558e+00
  992  1.98e-03      2.75246e+00       7.18031e-01       2.07432e+00
  993  1.99e-03      2.73928e+00       6.77100e-01       2.05188e+00
  994  1.99e-03      2.76720e+00       7.04039e-01       2.07948e+00
  995  1.99e-03      2.75008e+00       7.12061e-01       2.07074e+00
  996  1.99e-03      2.76332e+00       8.67091e-01       2.13124e+00
  997  1.99e-03      2.76550e+00       8.65984e-01       2.13233e+00
  998  2.00e-03      2.78051e+00       7.21103e-01       2.09404e+00
  999  2.00e-03      2.76256e+00       6.46032e-01       2.05705e+00
