Delta = -1.263e+00 gamma
 step      t        T_in_plane/mK   T_out_of_plane/mK   T_tot/mK
    0  0.00e+00      1.88638e-29       0.00000e+00       1.25759e-29
    1  5.00e-06      1.08653e-01       1.52986e-01       1.23430e-01
    2  1.00e-05      2.34634e-01       2.03333e-01       2.24200e-01
    3  1.50e-05      3.35730e-01       3.20234e-01       3.30565e-01
    4  2.00e-05      4.22648e-01       2.66810e-01       3.70702e-01
    5  2.50e-05      5.58073e-01       3.66910e-01       4.94352e-01
    6  3.00e-05      6.40958e-01       3.09778e-01       5.30565e-01
    7  3.50e-05      8.15009e-01       4.02184e-01       6.77401e-01
    8  4.00e-05      8.68495e-01       4.04592e-01       7.13861e-01
    9  4.50e-05      9.49715e-01       3.83381e-01       7.60937e-01
   10  5.00e-05      1.11919e+00       3.44212e-01       8.60866e-01
   11  5.50e-05      1.25036e+00       3.45736e-01       9.48817e-01
   12  6.00e-05      1.41521e+00       3.13549e-01       1.04799e+00
   13  6.50e-05      1.50366e+00       3.44628e-01       1.11732e+00
   14  7.00e-05      1.61623e+00       3.74339e-01       1.20227e+00
   15  7.50e-05      1.65551e+00       2.82038e-01       1.19768e+00
   16  8.00e-05      1.77305e+00       4.00668e-01       1.31559e+00
   17  8.50e-05      1.87187e+00       3.36412e-01       1.36005e+00
   18  9.00e-05      2.02696e+00       3.45418e-01       1.46645e+00
   19  9.50e-05      2.09206e+00       4.00091e-01       1.52807e+00
   20  1.00e-04      2.25280e+00       2.80058e-01       1.59522e+00
   21  1.05e-04      2.30253e+00       3.77584e-01       1.66088e+00
   22  1.10e-04      2.41021e+00       2.98855e-01       1.70643e+00
   23  1.15e-04      2.59895e+00       3.36876e-01       1.84492e+00
   24  1.20e-04      2.64310e+00       3.66413e-01       1.88420e+00
   25  1.25e-04      2.70608e+00       3.51236e-01       1.92113e+00
   26  1.30e-04      2.83272e+00       3.73137e-01       2.01286e+00
   27  1.35e-04      3.03510e+00       3.70241e-01       2.14681e+00
   28  1.40e-04      3.05055e+00       3.68730e-01       2.15661e+00
   29  1.45e-04      3.10756e+00       3.77225e-01       2.19745e+00
   30  1.50e-04      3.18702e+00       4.19684e-01       2.26457e+00
   31  1.55e-04      3.24088e+00       3.81255e-01       2.28767e+00
   32  1.60e-04      3.32486e+00       4.10539e-01       2.35342e+00
   33  1.65e-04      3.43704e+00       3.86604e-01       2.42023e+00
   34  1.70e-04      3.63583e+00       4.25209e-01       2.56562e+00
   35  1.75e-04      3.88751e+00       3.42903e-01       2.70598e+00
   36  1.80e-04      3.93404e+00       3.49006e-01       2.73903e+00
   37  1.85e-04      3.93606e+00       3.41758e-01       2.73796e+00
   38  1.90e-04      4.12231e+00       4.04651e-01       2.88309e+00
   39  1.95e-04      4.21279e+00       3.09997e-01       2.91186e+00
   40  2.00e-04      4.24183e+00       3.87957e-01       2.95720e+00
   41  2.05e-04      4.52459e+00       3.98103e-01       3.14909e+00
   42  2.10e-04      4.74825e+00       3.94034e-01       3.29684e+00
   43  2.15e-04      4.79550e+00       3.61230e-01       3.31741e+00
   44  2.20e-04      4.98728e+00       3.43212e-01       3.43925e+00
   45  2.25e-04      5.15555e+00       4.83019e-01       3.59804e+00
   46  2.30e-04      5.12300e+00       3.59245e-01       3.53508e+00
   47  2.35e-04      5.13367e+00       3.87272e-01       3.55154e+00
   48  2.40e-04      5.16025e+00       4.11100e-01       3.57720e+00
   49  2.45e-04      5.08672e+00       3.02658e-01       3.49203e+00
   50  2.50e-04      5.25357e+00       3.58237e-01       3.62179e+00
   51  2.55e-04      5.56839e+00       2.71839e-01       3.80287e+00
   52  2.60e-04      5.66559e+00       2.94723e-01       3.87530e+00
   53  2.65e-04      6.00164e+00       2.67355e-01       4.09021e+00
   54  2.70e-04      5.99885e+00       3.28353e-01       4.10868e+00
   55  2.75e-04      6.06429e+00       3.16480e-01       4.14835e+00
   56  2.80e-04      6.07749e+00       3.48141e-01       4.16771e+00
   57  2.85e-04      6.39452e+00       3.32278e-01       4.37377e+00
   58  2.90e-04      6.37097e+00       3.16706e-01       4.35288e+00
   59  2.95e-04      6.40138e+00       3.12087e-01       4.37162e+00
   60  3.00e-04      6.61454e+00       3.66004e-01       4.53169e+00
   61  3.05e-04      6.81807e+00       3.83625e-01       4.67326e+00
   62  3.10e-04      6.91083e+00       4.18407e-01       4.74669e+00
   63  3.15e-04      6.93544e+00       3.54358e-01       4.74174e+00
   64  3.20e-04      7.00047e+00       3.07591e-01       4.76951e+00
   65  3.25e-04      7.28447e+00       3.51138e-01       4.97336e+00
   66  3.30e-04      7.43688e+00       3.51912e-01       5.07522e+00
   67  3.35e-04      7.73701e+00       3.00029e-01       5.25802e+00
   68  3.40e-04      7.87941e+00       3.29083e-01       5.36264e+00
   69  3.45e-04      7.86366e+00       3.42642e-01       5.35666e+00
   70  3.50e-04      7.87484e+00       3.23224e-01       5.35764e+00
   71  3.55e-04      7.94951e+00       3.70099e-01       5.42304e+00
   72  3.60e-04      8.15927e+00       4.14268e-01       5.57760e+00
   73  3.65e-04      8.17967e+00       3.32490e-01       5.56394e+00
   74  3.70e-04      8.42867e+00       3.60624e-01       5.73932e+00
   75  3.75e-04      8.38772e+00       3.30400e-01       5.70195e+00
   76  3.80e-04      8.47659e+00       3.99005e-01       5.78406e+00
   77  3.85e-04      8.61715e+00       2.61096e-01       5.83180e+00
   78  3.90e-04      8.76539e+00       3.49933e-01       5.96024e+00
   79  3.95e-04      8.74416e+00       3.67822e-01       5.95205e+00
   80  4.00e-04      8.83933e+00       3.96466e-01       6.02504e+00
   81  4.05e-04      9.02578e+00       3.57893e-01       6.13648e+00
   82  4.10e-04      9.29104e+00       4.04669e-01       6.32892e+00
   83  4.15e-04      9.48510e+00       3.59521e-01       6.44324e+00
   84  4.20e-04      9.57090e+00       3.77660e-01       6.50649e+00
   85  4.25e-04      9.61568e+00       3.64169e-01       6.53184e+00
   86  4.30e-04      9.65280e+00       3.33907e-01       6.54650e+00
   87  4.35e-04      9.78652e+00       3.12639e-01       6.62856e+00
   88  4.40e-04      9.91116e+00       3.14801e-01       6.71237e+00
   89  4.45e-04      9.94860e+00       4.09554e-01       6.76892e+00
   90  4.50e-04      9.82959e+00       3.67051e-01       6.67541e+00
   91  4.55e-04      9.90751e+00       4.22335e-01       6.74578e+00
   92  4.60e-04      9.89556e+00       3.45145e-01       6.71209e+00
   93  4.65e-04      9.96124e+00       3.13661e-01       6.74538e+00
   94  4.70e-04      9.94114e+00       3.44681e-01       6.74232e+00
   95  4.75e-04      1.00053e+01       3.15036e-01       6.77518e+00
   96  4.80e-04      1.01347e+01       2.88459e-01       6.85260e+00
   97  4.85e-04      1.01800e+01       3.37801e-01       6.89927e+00
   98  4.90e-04      1.01775e+01       3.57522e-01       6.90421e+00
   99  4.95e-04      1.04476e+01       3.68300e-01       7.08786e+00
  100  5.00e-04      1.05929e+01       3.65016e-01       7.18361e+00
  101  5.05e-04      1.08500e+01       3.21791e-01       7.34062e+00
  102  5.10e-04      1.08349e+01       3.25278e-01       7.33171e+00
  103  5.15e-04      1.07173e+01       3.57067e-01       7.26392e+00
  104  5.20e-04      1.08194e+01       3.16413e-01       7.31842e+00
  105  5.25e-04      1.08114e+01       3.28527e-01       7.31713e+00
  106  5.30e-04      1.08726e+01       2.98857e-01       7.34805e+00
  107  5.35e-04      1.09939e+01       2.81375e-01       7.42307e+00
  108  5.40e-04      1.12198e+01       3.57810e-01       7.59912e+00
  109  5.45e-04      1.12729e+01       4.29227e-01       7.65835e+00
  110  5.50e-04      1.12004e+01       2.94388e-01       7.56506e+00
  111  5.55e-04      1.15825e+01       3.73526e-01       7.84615e+00
  112  5.60e-04      1.15737e+01       3.40729e-01       7.82938e+00
  113  5.65e-04      1.17529e+01       2.85905e-01       7.93057e+00
  114  5.70e-04      1.17460e+01       2.94467e-01       7.92880e+00
  115  5.75e-04      1.17498e+01       3.83025e-01       7.96088e+00
  116  5.80e-04      1.18760e+01       3.62921e-01       8.03832e+00
  117  5.85e-04      1.19433e+01       3.28495e-01       8.07172e+00
  118  5.90e-04      1.21514e+01       3.63894e-01       8.22220e+00
  119  5.95e-04      1.24356e+01       3.42936e-01       8.40470e+00
  120  6.00e-04      1.25363e+01       3.36692e-01       8.46976e+00
  121  6.05e-04      1.26485e+01       4.02225e-01       8.56642e+00
  122  6.10e-04      1.30045e+01       3.84095e-01       8.79771e+00
  123  6.15e-04      1.32457e+01       3.94137e-01       8.96183e+00
  124  6.20e-04      1.31349e+01       3.67258e-01       8.87901e+00
  125  6.25e-04      1.32587e+01       3.78424e-01       8.96530e+00
  126  6.30e-04      1.34451e+01       4.21607e-01       9.10394e+00
  127  6.35e-04      1.35010e+01       3.58443e-01       9.12016e+00
  128  6.40e-04      1.34201e+01       3.14429e-01       9.05153e+00
  129  6.45e-04      1.34361e+01       2.79230e-01       9.05045e+00
  130  6.50e-04      1.32363e+01       2.95026e-01       8.92255e+00
  131  6.55e-04      1.30203e+01       3.16017e-01       8.78554e+00
  132  6.60e-04      1.31418e+01       3.73113e-01       8.88555e+00
  133  6.65e-04      1.33690e+01       3.47602e-01       9.02852e+00
  134  6.70e-04      1.35700e+01       3.16857e-01       9.15228e+00
  135  6.75e-04      1.34905e+01       3.07719e-01       9.09625e+00
  136  6.80e-04      1.36262e+01       2.80636e-01       9.17770e+00
  137  6.85e-04      1.37747e+01       2.91110e-01       9.28014e+00
  138  6.90e-04      1.39827e+01       3.45018e-01       9.43684e+00
  139  6.95e-04      1.40175e+01       2.75378e-01       9.43681e+00
  140  7.00e-04      1.41962e+01       3.34702e-01       9.57569e+00
  141  7.05e-04      1.45181e+01       2.72456e-01       9.76955e+00
  142  7.10e-04      1.44909e+01       3.37674e-01       9.77316e+00
  143  7.15e-04      1.46725e+01       3.49211e-01       9.89808e+00
  144  7.20e-04      1.50811e+01       3.25642e-01       1.01626e+01
  145  7.25e-04      1.51455e+01       3.87848e-01       1.02263e+01
  146  7.30e-04      1.56216e+01       3.60407e-01       1.05345e+01
  147  7.35e-04      1.58134e+01       3.27164e-01       1.06513e+01
  148  7.40e-04      1.58227e+01       3.98250e-01       1.06812e+01
  149  7.45e-04      1.60074e+01       3.47530e-01       1.07875e+01
  150  7.50e-04      1.61743e+01       3.47683e-01       1.08988e+01
  151  7.55e-04      1.66285e+01       3.41736e-01       1.11995e+01
  152  7.60e-04      1.68085e+01       3.55046e-01       1.13240e+01
  153  7.65e-04      1.71600e+01       3.04881e-01       1.15416e+01
  154  7.70e-04      1.74158e+01       3.67211e-01       1.17330e+01
  155  7.75e-04      1.76796e+01       3.78158e-01       1.19125e+01
  156  7.80e-04      1.80724e+01       4.36538e-01       1.21938e+01
  157  7.85e-04      1.86386e+01       4.48552e-01       1.25753e+01
  158  7.90e-04      1.88146e+01       3.70886e-01       1.26667e+01
  159  7.95e-04      1.85793e+01       3.66498e-01       1.25084e+01
  160  8.00e-04      1.89536e+01       3.15430e-01       1.27408e+01
  161  8.05e-04      1.88134e+01       3.03795e-01       1.26435e+01
  162  8.10e-04      1.89044e+01       2.80847e-01       1.26965e+01
  163  8.15e-04      1.90501e+01       3.22929e-01       1.28077e+01
  164  8.20e-04      1.93266e+01       2.66260e-01       1.29731e+01
  165  8.25e-04      1.94454e+01       3.03744e-01       1.30648e+01
  166  8.30e-04      1.95412e+01       3.17019e-01       1.31331e+01
  167  8.35e-04      1.96808e+01       3.11797e-01       1.32245e+01
  168  8.40e-04      1.99582e+01       3.39453e-01       1.34186e+01
  169  8.45e-04      2.03887e+01       3.90121e-01       1.37225e+01
  170  8.50e-04      2.04816e+01       4.44672e-01       1.38026e+01
  171  8.55e-04      2.03393e+01       3.60685e-01       1.36798e+01
  172  8.60e-04      2.04106e+01       3.26365e-01       1.37159e+01
  173  8.65e-04      2.04954e+01       3.39819e-01       1.37769e+01
  174  8.70e-04      2.05128e+01       3.58919e-01       1.37949e+01
  175  8.75e-04      2.07369e+01       3.14444e-01       1.39294e+01
  176  8.80e-04      2.10108e+01       3.09559e-01       1.41104e+01
  177  8.85e-04      2.14553e+01       3.61011e-01       1.44238e+01
  178  8.90e-04      2.17707e+01       3.12960e-01       1.46181e+01
  179  8.95e-04      2.19177e+01       3.12445e-01       1.47159e+01
  180  9.00e-04      2.24285e+01       3.59584e-01       1.50722e+01
  181  9.05e-04      2.25899e+01       3.95793e-01       1.51918e+01
  182  9.10e-04      2.22946e+01       3.80194e-01       1.49898e+01
  183  9.15e-04      2.22579e+01       3.92881e-01       1.49696e+01
  184  9.20e-04      2.21596e+01       3.96738e-01       1.49053e+01
  185  9.25e-04      2.21501e+01       3.82740e-01       1.48943e+01
  186  9.30e-04      2.24698e+01       3.86641e-01       1.51088e+01
  187  9.35e-04      2.27489e+01       3.52353e-01       1.52834e+01
  188  9.40e-04      2.26288e+01       3.84683e-01       1.52141e+01
  189  9.45e-04      2.29323e+01       4.26581e-01       1.54304e+01
  190  9.50e-04      2.29755e+01       3.59317e-01       1.54368e+01
  191  9.55e-04      2.32321e+01       3.27224e-01       1.55972e+01
  192  9.60e-04      2.35463e+01       3.42561e-01       1.58117e+01
  193  9.65e-04      2.36258e+01       3.54261e-01       1.58686e+01
  194  9.70e-04      2.38298e+01       3.32854e-01       1.59975e+01
  195  9.75e-04      2.40803e+01       2.86367e-01       1.61490e+01
  196  9.80e-04      2.43774e+01       3.62916e-01       1.63726e+01
  197  9.85e-04      2.48518e+01       3.27944e-01       1.66772e+01
  198  9.90e-04      2.49327e+01       3.77991e-01       1.67478e+01
  199  9.95e-04      2.52468e+01       3.45001e-01       1.69462e+01
