Delta = -1.552e+00 gamma
 step      t        T_in_plane/mK   T_out_of_plane/mK   T_tot/mK
    0  0.00e+00      6.29480e+00       0.00000e+00       4.19653e+00
    1  2.00e-06      6.17098e+00       2.78117e-03       4.11491e+00
    2  4.00e-06      6.22861e+00       4.06339e-03       4.15376e+00
    3  6.00e-06      6.26134e+00       7.08066e-03       4.17659e+00
    4  8.00e-06      6.28215e+00       7.33624e-03       4.19055e+00
    5  1.00e-05      6.26290e+00       8.54709e-03       4.17811e+00
    6  1.20e-05      6.24362e+00       9.97579e-03       4.16574e+00
    7  1.40e-05      6.22852e+00       1.59195e-02       4.15765e+00
    8  1.60e-05      6.21904e+00       1.53594e-02       4.15115e+00
    9  1.80e-05      6.22290e+00       1.78416e-02       4.15455e+00
   10  2.00e-05      6.22449e+00       1.92539e-02       4.15608e+00
   11  2.20e-05      6.20742e+00       2.28021e-02       4.14588e+00
   12  2.40e-05      6.21454e+00       2.56701e-02       4.15158e+00
   13  2.60e-05      6.20297e+00       2.93397e-02       4.14509e+00
   14  2.80e-05      6.20098e+00       2.62818e-02       4.14275e+00
   15  3.00e-05      6.20107e+00       2.74408e-02       4.14320e+00
   16  3.20e-05      6.22324e+00       3.18629e-02       4.15945e+00
   17  3.40e-05      6.25559e+00       3.67311e-02       4.18264e+00
   18  3.60e-05      6.29728e+00       3.33631e-02       4.20931e+00
   19  3.80e-05      6.25312e+00       3.37665e-02       4.18000e+00
   20  4.00e-05      6.29698e+00       3.45112e-02       4.20949e+00
   21  4.20e-05      6.28266e+00       2.82527e-02       4.19786e+00
   22  4.40e-05      6.30375e+00       3.41457e-02       4.21388e+00
   23  4.60e-05      6.29783e+00       3.59749e-02       4.21054e+00
   24  4.80e-05      6.29031e+00       4.70661e-02       4.20923e+00
   25  5.00e-05      6.28083e+00       3.88056e-02       4.20015e+00
   26  5.20e-05      6.31832e+00       4.48415e-02       4.22716e+00
   27  5.40e-05      6.29601e+00       4.83491e-02       4.21346e+00
   28  5.60e-05      6.34318e+00       4.90035e-02       4.24512e+00
   29  5.80e-05      6.30334e+00       6.30278e-02       4.22324e+00
   30  6.00e-05      6.27828e+00       4.30878e-02       4.19989e+00
   31  6.20e-05      6.29810e+00       5.49095e-02       4.21704e+00
   32  6.40e-05      6.29814e+00       5.25859e-02       4.21629e+00
   33  6.60e-05      6.26960e+00       4.60435e-02       4.19508e+00
   34  6.80e-05      6.24541e+00       6.65410e-02       4.18579e+00
   35  7.00e-05      6.21773e+00       5.74349e-02       4.16430e+00
   36  7.20e-05      6.18028e+00       7.11536e-02       4.14390e+00
   37  7.40e-05      6.17217e+00       6.16551e-02       4.13533e+00
   38  7.60e-05      6.14385e+00       7.12045e-02       4.11964e+00
   39  7.80e-05      6.16450e+00       7.30000e-02       4.13400e+00
   40  8.00e-05      6.17499e+00       6.44163e-02       4.13813e+00
   41  8.20e-05      6.20020e+00       7.71147e-02       4.15917e+00
   42  8.40e-05      6.18834e+00       7.28639e-02       4.14985e+00
   43  8.60e-05      6.20329e+00       5.41953e-02       4.15359e+00
   44  8.80e-05      6.29156e+00       8.48801e-02       4.22267e+00
   45  9.00e-05      6.30016e+00       6.36775e-02       4.22133e+00
   46  9.20e-05      6.31696e+00       7.89236e-02       4.23762e+00
   47  9.40e-05      6.37800e+00       7.88412e-02       4.27828e+00
   48  9.60e-05      6.38911e+00       7.38194e-02       4.28401e+00
   49  9.80e-05      6.40401e+00       9.67500e-02       4.30159e+00
   50  1.00e-04      6.44757e+00       8.14206e-02       4.32552e+00
   51  1.02e-04      6.49039e+00       1.01162e-01       4.36065e+00
   52  1.04e-04      6.46576e+00       8.23466e-02       4.33796e+00
   53  1.06e-04      6.46197e+00       9.36676e-02       4.33920e+00
   54  1.08e-04      6.50080e+00       9.29934e-02       4.36487e+00
   55  1.10e-04      6.50518e+00       9.78274e-02       4.36940e+00
   56  1.12e-04      6.52694e+00       1.03601e-01       4.38583e+00
   57  1.14e-04      6.53614e+00       9.61499e-02       4.38947e+00
   58  1.16e-04      6.50392e+00       1.13808e-01       4.37388e+00
   59  1.18e-04      6.49257e+00       1.04015e-01       4.36305e+00
   60  1.20e-04      6.55633e+00       1.05222e-01       4.40596e+00
   61  1.22e-04      6.58216e+00       1.24119e-01       4.42948e+00
   62  1.24e-04      6.58474e+00       1.01860e-01       4.42378e+00
   63  1.26e-04      6.61817e+00       1.03682e-01       4.44667e+00
   64  1.28e-04      6.63459e+00       1.18313e-01       4.46250e+00
   65  1.30e-04      6.64742e+00       9.73003e-02       4.46404e+00
   66  1.32e-04      6.62538e+00       1.25348e-01       4.45871e+00
   67  1.34e-04      6.61393e+00       9.83211e-02       4.44206e+00
   68  1.36e-04      6.67534e+00       1.22691e-01       4.49113e+00
   69  1.38e-04      6.71692e+00       1.04341e-01       4.51272e+00
   70  1.40e-04      6.78367e+00       1.26222e-01       4.56452e+00
   71  1.42e-04      6.79876e+00       1.18713e-01       4.57208e+00
   72  1.44e-04      6.78025e+00       9.63777e-02       4.55229e+00
   73  1.46e-04      6.74952e+00       1.00558e-01       4.53320e+00
   74  1.48e-04      6.74381e+00       1.31294e-01       4.53963e+00
   75  1.50e-04      6.73643e+00       1.02306e-01       4.52506e+00
   76  1.52e-04      6.77371e+00       1.33334e-01       4.56025e+00
   77  1.54e-04      6.83953e+00       8.02135e-02       4.58643e+00
   78  1.56e-04      6.84714e+00       1.42952e-01       4.61241e+00
   79  1.58e-04      6.83632e+00       1.10446e-01       4.59436e+00
   80  1.60e-04      6.89754e+00       1.21215e-01       4.63877e+00
   81  1.62e-04      6.91195e+00       1.34814e-01       4.65290e+00
   82  1.64e-04      6.95880e+00       1.26734e-01       4.68145e+00
   83  1.66e-04      6.99955e+00       1.34536e-01       4.71121e+00
   84  1.68e-04      7.01127e+00       1.20457e-01       4.71433e+00
   85  1.70e-04      7.02849e+00       1.13585e-01       4.72352e+00
   86  1.72e-04      7.06585e+00       1.40005e-01       4.75724e+00
   87  1.74e-04      7.08348e+00       1.32418e-01       4.76646e+00
   88  1.76e-04      7.05983e+00       1.33473e-01       4.75104e+00
   89  1.78e-04      7.04931e+00       1.31971e-01       4.74353e+00
   90  1.80e-04      7.03824e+00       1.28091e-01       4.73486e+00
   91  1.82e-04      7.00270e+00       1.50818e-01       4.71874e+00
   92  1.84e-04      6.98401e+00       1.19938e-01       4.69599e+00
   93  1.86e-04      6.99389e+00       1.53806e-01       4.71386e+00
   94  1.88e-04      6.93873e+00       1.36164e-01       4.67120e+00
   95  1.90e-04      7.02042e+00       1.39700e-01       4.72685e+00
   96  1.92e-04      7.01525e+00       1.65072e-01       4.73186e+00
   97  1.94e-04      7.04960e+00       1.53199e-01       4.75080e+00
   98  1.96e-04      7.04728e+00       1.67485e-01       4.75402e+00
   99  1.98e-04      7.12817e+00       1.64906e-01       4.80708e+00
  100  2.00e-04      7.10617e+00       1.61160e-01       4.79116e+00
  101  2.02e-04      7.15770e+00       1.77104e-01       4.83084e+00
  102  2.04e-04      7.17988e+00       1.46075e-01       4.83528e+00
  103  2.06e-04      7.12160e+00       1.82020e-01       4.80841e+00
  104  2.08e-04      7.09465e+00       1.86240e-01       4.79184e+00
  105  2.10e-04      7.08929e+00       1.94855e-01       4.79115e+00
  106  2.12e-04      7.14196e+00       1.66933e-01       4.81695e+00
  107  2.14e-04      7.08899e+00       1.59837e-01       4.77928e+00
  108  2.16e-04      7.07425e+00       1.92948e-01       4.78048e+00
  109  2.18e-04      7.14402e+00       1.96286e-01       4.82811e+00
  110  2.20e-04      7.17557e+00       1.61049e-01       4.83739e+00
  111  2.22e-04      7.09209e+00       1.61637e-01       4.78194e+00
  112  2.24e-04      7.10167e+00       1.80792e-01       4.79471e+00
  113  2.26e-04      7.09651e+00       1.62260e-01       4.78509e+00
  114  2.28e-04      7.09813e+00       1.94014e-01       4.79676e+00
  115  2.30e-04      7.14038e+00       1.87458e-01       4.82274e+00
  116  2.32e-04      7.17893e+00       1.80426e-01       4.84609e+00
  117  2.34e-04      7.15796e+00       1.55767e-01       4.82389e+00
  118  2.36e-04      7.21101e+00       2.19314e-01       4.88045e+00
  119  2.38e-04      7.24842e+00       1.70463e-01       4.88910e+00
  120  2.40e-04      7.22378e+00       1.95796e-01       4.88112e+00
  121  2.42e-04      7.23059e+00       2.01589e-01       4.88759e+00
  122  2.44e-04      7.20639e+00       2.17750e-01       4.87684e+00
  123  2.46e-04      7.20796e+00       1.97269e-01       4.87106e+00
  124  2.48e-04      7.24806e+00       1.73779e-01       4.88997e+00
  125  2.50e-04      7.27324e+00       2.09168e-01       4.91855e+00
  126  2.52e-04      7.19098e+00       2.36908e-01       4.87295e+00
  127  2.54e-04      7.16695e+00       1.79013e-01       4.83764e+00
  128  2.56e-04      7.23437e+00       2.25585e-01       4.89811e+00
  129  2.58e-04      7.28712e+00       2.08536e-01       4.92759e+00
  130  2.60e-04      7.30310e+00       2.43323e-01       4.94984e+00
  131  2.62e-04      7.31534e+00       2.12529e-01       4.94774e+00
  132  2.64e-04      7.35806e+00       1.86300e-01       4.96748e+00
  133  2.66e-04      7.30776e+00       2.28710e-01       4.94808e+00
  134  2.68e-04      7.29917e+00       1.96665e-01       4.93167e+00
  135  2.70e-04      7.29170e+00       1.93599e-01       4.92566e+00
  136  2.72e-04      7.28023e+00       2.08358e-01       4.92294e+00
  137  2.74e-04      7.34009e+00       2.38588e-01       4.97293e+00
  138  2.76e-04      7.40625e+00       2.66840e-01       5.02645e+00
  139  2.78e-04      7.48194e+00       2.15404e-01       5.05976e+00
  140  2.80e-04      7.50058e+00       2.29758e-01       5.07697e+00
  141  2.82e-04      7.50330e+00       2.46743e-01       5.08445e+00
  142  2.84e-04      7.44121e+00       2.13578e-01       5.03200e+00
  143  2.86e-04      7.46684e+00       3.05385e-01       5.07969e+00
  144  2.88e-04      7.47663e+00       2.37823e-01       5.06370e+00
  145  2.90e-04      7.46861e+00       2.69804e-01       5.06900e+00
  146  2.92e-04      7.49973e+00       2.20161e-01       5.07321e+00
  147  2.94e-04      7.49093e+00       3.31239e-01       5.10437e+00
  148  2.96e-04      7.42910e+00       2.66698e-01       5.04163e+00
  149  2.98e-04      7.39113e+00       2.72994e-01       5.01842e+00
  150  3.00e-04      7.39191e+00       2.76807e-01       5.02021e+00
  151  3.02e-04      7.37135e+00       3.42345e-01       5.02835e+00
  152  3.04e-04      7.36862e+00       2.82524e-01       5.00658e+00
  153  3.06e-04      7.40865e+00       2.61771e-01       5.02636e+00
  154  3.08e-04      7.44573e+00       2.87185e-01       5.05955e+00
  155  3.10e-04      7.49193e+00       2.99209e-01       5.09436e+00
  156  3.12e-04      7.52064e+00       2.52263e-01       5.09784e+00
  157  3.14e-04      7.53776e+00       2.98196e-01       5.12457e+00
  158  3.16e-04      7.54312e+00       2.90653e-01       5.12563e+00
  159  3.18e-04      7.54347e+00       3.11546e-01       5.13283e+00
  160  3.20e-04      7.58420e+00       2.69626e-01       5.14601e+00
  161  3.22e-04      7.61436e+00       3.25543e-01       5.18476e+00
  162  3.24e-04      7.64527e+00       2.73920e-01       5.18815e+00
  163  3.26e-04      7.70724e+00       2.88089e-01       5.23419e+00
  164  3.28e-04      7.73803e+00       3.05165e-01       5.26041e+00
  165  3.30e-04      7.72321e+00       2.60300e-01       5.23557e+00
  166  3.32e-04      7.76094e+00       3.18740e-01       5.28021e+00
  167  3.34e-04      7.77615e+00       3.05756e-01       5.28602e+00
  168  3.36e-04      7.74216e+00       2.92056e-01       5.25879e+00
  169  3.38e-04      7.74371e+00       3.52106e-01       5.27984e+00
  170  3.40e-04      7.73614e+00       2.72844e-01       5.24837e+00
  171  3.42e-04      7.72866e+00       2.68100e-01       5.24181e+00
  172  3.44e-04      7.74549e+00       3.36730e-01       5.27590e+00
  173  3.46e-04      7.73734e+00       2.89410e-01       5.25470e+00
  174  3.48e-04      7.74162e+00       3.09061e-01       5.26410e+00
  175  3.50e-04      7.74042e+00       3.03090e-01       5.26131e+00
  176  3.52e-04      7.81297e+00       3.47990e-01       5.32464e+00
  177  3.54e-04      7.91228e+00       2.79366e-01       5.36798e+00
  178  3.56e-04      7.89223e+00       3.27853e-01       5.37077e+00
  179  3.58e-04      7.95103e+00       2.70226e-01       5.39076e+00
  180  3.60e-04      7.95359e+00       3.36460e-01       5.41455e+00
  181  3.62e-04      7.95354e+00       3.11731e-01       5.40627e+00
  182  3.64e-04      7.93572e+00       2.79870e-01       5.38377e+00
  183  3.66e-04      7.95201e+00       3.13864e-01       5.40596e+00
  184  3.68e-04      7.93364e+00       3.35555e-01       5.40094e+00
  185  3.70e-04      7.94451e+00       3.27646e-01       5.40555e+00
  186  3.72e-04      7.93352e+00       3.65250e-01       5.41076e+00
  187  3.74e-04      7.97708e+00       3.50173e-01       5.43478e+00
  188  3.76e-04      8.04674e+00       3.25810e-01       5.47310e+00
  189  3.78e-04      8.04967e+00       3.05996e-01       5.46845e+00
  190  3.80e-04      8.14583e+00       3.76536e-01       5.55607e+00
  191  3.82e-04      8.13737e+00       2.58327e-01       5.51102e+00
  192  3.84e-04      8.24151e+00       3.41641e-01       5.60822e+00
  193  3.86e-04      8.24624e+00       3.32468e-01       5.60832e+00
  194  3.88e-04      8.26804e+00       3.74022e-01       5.63670e+00
  195  3.90e-04      8.27021e+00       3.32242e-01       5.62422e+00
  196  3.92e-04      8.34570e+00       3.18342e-01       5.66992e+00
  197  3.94e-04      8.36685e+00       3.96871e-01       5.71019e+00
  198  3.96e-04      8.36658e+00       3.82968e-01       5.70538e+00
  199  3.98e-04      8.38800e+00       3.13169e-01       5.69639e+00
  200  4.00e-04      8.37285e+00       3.39360e-01       5.69502e+00
  201  4.02e-04      8.37204e+00       3.52778e-01       5.69895e+00
  202  4.04e-04      8.39437e+00       3.68111e-01       5.71895e+00
  203  4.06e-04      8.36330e+00       3.67436e-01       5.69801e+00
  204  4.08e-04      8.43624e+00       3.37408e-01       5.73663e+00
  205  4.10e-04      8.44661e+00       4.28946e-01       5.77406e+00
  206  4.12e-04      8.55575e+00       3.75025e-01       5.82884e+00
  207  4.14e-04      8.58753e+00       3.58656e-01       5.84457e+00
  208  4.16e-04      8.60372e+00       3.82131e-01       5.86319e+00
  209  4.18e-04      8.60753e+00       3.70396e-01       5.86182e+00
  210  4.20e-04      8.59547e+00       3.69130e-01       5.85335e+00
  211  4.22e-04      8.61969e+00       3.93496e-01       5.87763e+00
  212  4.24e-04      8.68748e+00       3.48361e-01       5.90778e+00
  213  4.26e-04      8.66767e+00       3.65528e-01       5.90029e+00
  214  4.28e-04      8.66657e+00       3.78507e-01       5.90388e+00
  215  4.30e-04      8.71776e+00       3.95170e-01       5.94356e+00
  216  4.32e-04      8.74589e+00       4.17062e-01       5.96961e+00
  217  4.34e-04      8.77856e+00       3.92233e-01       5.98312e+00
  218  4.36e-04      8.79612e+00       4.30618e-01       6.00762e+00
  219  4.38e-04      8.85260e+00       4.15291e-01       6.04016e+00
  220  4.40e-04      8.90691e+00       3.00995e-01       6.03828e+00
  221  4.42e-04      8.90876e+00       4.12480e-01       6.07667e+00
  222  4.44e-04      8.89404e+00       3.90308e-01       6.05946e+00
  223  4.46e-04      8.95683e+00       3.51036e-01       6.08823e+00
  224  4.48e-04      9.00012e+00       4.51307e-01       6.15052e+00
  225  4.50e-04      9.01078e+00       3.92220e-01       6.13793e+00
  226  4.52e-04      9.02803e+00       3.90954e-01       6.14900e+00
  227  4.54e-04      9.01254e+00       4.22173e-01       6.14908e+00
  228  4.56e-04      9.14227e+00       3.75781e-01       6.22011e+00
  229  4.58e-04      9.16515e+00       5.08231e-01       6.27951e+00
  230  4.60e-04      9.25495e+00       3.59986e-01       6.28996e+00
  231  4.62e-04      9.26503e+00       3.63509e-01       6.29786e+00
  232  4.64e-04      9.38940e+00       4.07544e-01       6.39545e+00
  233  4.66e-04      9.39556e+00       3.38032e-01       6.37638e+00
  234  4.68e-04      9.39142e+00       4.22078e-01       6.40164e+00
  235  4.70e-04      9.40253e+00       3.71896e-01       6.39232e+00
  236  4.72e-04      9.42226e+00       4.69131e-01       6.43788e+00
  237  4.74e-04      9.41302e+00       4.09523e-01       6.41186e+00
  238  4.76e-04      9.40119e+00       3.97142e-01       6.39984e+00
  239  4.78e-04      9.39735e+00       4.53690e-01       6.41613e+00
  240  4.80e-04      9.34917e+00       4.10289e-01       6.36954e+00
  241  4.82e-04      9.40751e+00       4.76232e-01       6.43042e+00
  242  4.84e-04      9.48190e+00       4.50869e-01       6.47155e+00
  243  4.86e-04      9.54477e+00       4.10600e-01       6.50005e+00
  244  4.88e-04      9.57996e+00       4.91956e-01       6.55063e+00
  245  4.90e-04      9.54314e+00       4.06395e-01       6.49756e+00
  246  4.92e-04      9.61424e+00       4.19396e-01       6.54929e+00
  247  4.94e-04      9.67655e+00       4.26641e-01       6.59325e+00
  248  4.96e-04      9.67075e+00       4.08182e-01       6.58323e+00
  249  4.98e-04      9.77793e+00       4.85277e-01       6.68038e+00
  250  5.00e-04      9.86465e+00       4.18947e-01       6.71608e+00
  251  5.02e-04      9.91031e+00       4.65488e-01       6.76204e+00
  252  5.04e-04      9.99583e+00       4.41860e-01       6.81118e+00
  253  5.06e-04      1.00244e+01       3.46337e-01       6.79840e+00
  254  5.08e-04      9.91682e+00       4.70411e-01       6.76802e+00
  255  5.10e-04      1.00514e+01       3.98561e-01       6.83381e+00
  256  5.12e-04      9.99819e+00       4.05817e-01       6.80073e+00
  257  5.14e-04      9.98060e+00       4.62635e-01       6.80795e+00
  258  5.16e-04      1.00545e+01       4.61177e-01       6.85673e+00
  259  5.18e-04      1.00550e+01       3.66320e-01       6.82542e+00
  260  5.20e-04      1.00453e+01       4.28827e-01       6.83978e+00
  261  5.22e-04      1.01223e+01       3.81018e-01       6.87522e+00
  262  5.24e-04      1.01649e+01       4.73058e-01       6.93428e+00
  263  5.26e-04      1.02433e+01       3.91420e-01       6.95936e+00
  264  5.28e-04      1.02499e+01       5.06366e-01       7.00207e+00
  265  5.30e-04      1.01926e+01       4.67185e-01       6.95081e+00
  266  5.32e-04      1.02878e+01       3.63265e-01       6.97960e+00
  267  5.34e-04      1.03275e+01       4.91994e-01       7.04903e+00
  268  5.36e-04      1.04009e+01       4.34696e-01       7.07886e+00
  269  5.38e-04      1.04672e+01       3.51541e-01       7.09534e+00
  270  5.40e-04      1.05124e+01       5.30823e-01       7.18523e+00
  271  5.42e-04      1.04841e+01       3.85819e-01       7.11798e+00
  272  5.44e-04      1.04430e+01       5.35358e-01       7.14043e+00
  273  5.46e-04      1.04962e+01       4.37235e-01       7.14320e+00
  274  5.48e-04      1.05380e+01       4.02266e-01       7.15945e+00
  275  5.50e-04      1.05714e+01       4.83342e-01       7.20874e+00
  276  5.52e-04      1.05166e+01       4.57191e-01       7.16345e+00
  277  5.54e-04      1.05578e+01       4.81759e-01       7.19914e+00
  278  5.56e-04      1.06156e+01       4.05109e-01       7.21210e+00
  279  5.58e-04      1.06817e+01       4.11950e-01       7.25845e+00
  280  5.60e-04      1.06877e+01       5.32383e-01       7.30261e+00
  281  5.62e-04      1.07395e+01       3.97560e-01       7.29222e+00
  282  5.64e-04      1.07355e+01       4.62117e-01       7.31105e+00
  283  5.66e-04      1.07184e+01       4.82278e-01       7.30638e+00
  284  5.68e-04      1.07687e+01       4.35410e-01       7.32425e+00
  285  5.70e-04      1.08048e+01       5.15989e-01       7.37519e+00
  286  5.72e-04      1.08671e+01       4.45695e-01       7.39330e+00
  287  5.74e-04      1.09796e+01       4.98442e-01       7.48590e+00
  288  5.76e-04      1.11074e+01       5.05955e-01       7.57358e+00
  289  5.78e-04      1.11388e+01       4.83465e-01       7.58704e+00
  290  5.80e-04      1.12344e+01       4.44599e-01       7.63782e+00
  291  5.82e-04      1.12214e+01       3.96483e-01       7.61306e+00
  292  5.84e-04      1.13169e+01       4.81695e-01       7.70519e+00
  293  5.86e-04      1.13040e+01       4.31430e-01       7.67983e+00
  294  5.88e-04      1.12905e+01       4.42211e-01       7.67438e+00
  295  5.90e-04      1.13419e+01       4.95255e-01       7.72632e+00
  296  5.92e-04      1.13987e+01       4.79605e-01       7.75900e+00
  297  5.94e-04      1.13432e+01       5.00489e-01       7.72896e+00
  298  5.96e-04      1.14040e+01       4.56446e-01       7.75484e+00
  299  5.98e-04      1.13412e+01       4.63688e-01       7.71534e+00
  300  6.00e-04      1.14017e+01       4.64519e-01       7.75598e+00
  301  6.02e-04      1.14715e+01       5.43034e-01       7.82866e+00
  302  6.04e-04      1.15325e+01       4.77931e-01       7.84763e+00
  303  6.06e-04      1.15366e+01       4.80692e-01       7.85128e+00
  304  6.08e-04      1.15975e+01       4.78954e-01       7.89131e+00
  305  6.10e-04      1.14856e+01       5.08486e-01       7.82655e+00
  306  6.12e-04      1.15202e+01       4.87798e-01       7.84274e+00
  307  6.14e-04      1.14889e+01       5.46250e-01       7.84134e+00
  308  6.16e-04      1.15573e+01       5.28891e-01       7.88115e+00
  309  6.18e-04      1.16169e+01       4.85363e-01       7.90640e+00
  310  6.20e-04      1.16424e+01       5.08889e-01       7.93124e+00
  311  6.22e-04      1.16054e+01       5.33131e-01       7.91465e+00
  312  6.24e-04      1.16632e+01       5.01884e-01       7.94275e+00
  313  6.26e-04      1.16369e+01       6.13730e-01       7.96252e+00
  314  6.28e-04      1.16575e+01       5.31885e-01       7.94894e+00
  315  6.30e-04      1.15958e+01       5.91553e-01       7.92771e+00
  316  6.32e-04      1.14613e+01       5.12150e-01       7.81158e+00
  317  6.34e-04      1.14669e+01       5.15192e-01       7.81630e+00
  318  6.36e-04      1.15787e+01       5.44355e-01       7.90060e+00
  319  6.38e-04      1.15575e+01       4.28489e-01       7.84782e+00
  320  6.40e-04      1.16070e+01       5.26410e-01       7.91345e+00
  321  6.42e-04      1.16052e+01       5.76649e-01       7.92900e+00
  322  6.44e-04      1.16098e+01       5.02080e-01       7.90722e+00
  323  6.46e-04      1.16473e+01       6.06562e-01       7.96702e+00
  324  6.48e-04      1.17472e+01       5.08304e-01       8.00092e+00
  325  6.50e-04      1.17543e+01       5.04270e-01       8.00432e+00
  326  6.52e-04      1.17961e+01       6.00796e-01       8.06431e+00
  327  6.54e-04      1.18037e+01       5.29087e-01       8.04552e+00
  328  6.56e-04      1.19144e+01       5.96326e-01       8.14172e+00
  329  6.58e-04      1.19809e+01       5.05812e-01       8.15587e+00
  330  6.60e-04      1.21419e+01       5.52107e-01       8.27864e+00
  331  6.62e-04      1.21794e+01       5.45411e-01       8.30140e+00
  332  6.64e-04      1.22066e+01       5.23445e-01       8.31224e+00
  333  6.66e-04      1.22747e+01       6.11793e-01       8.38704e+00
  334  6.68e-04      1.22704e+01       4.76255e-01       8.33902e+00
  335  6.70e-04      1.22112e+01       5.78304e-01       8.33355e+00
  336  6.72e-04      1.23205e+01       5.82498e-01       8.40780e+00
  337  6.74e-04      1.24261e+01       5.15908e-01       8.45601e+00
  338  6.76e-04      1.25308e+01       5.99570e-01       8.55372e+00
  339  6.78e-04      1.25728e+01       5.63338e-01       8.56963e+00
  340  6.80e-04      1.27134e+01       5.51575e-01       8.65947e+00
  341  6.82e-04      1.27891e+01       5.07130e-01       8.69508e+00
  342  6.84e-04      1.27994e+01       5.63505e-01       8.72077e+00
  343  6.86e-04      1.29036e+01       5.92014e-01       8.79973e+00
  344  6.88e-04      1.29305e+01       5.54745e-01       8.80523e+00
  345  6.90e-04      1.29698e+01       5.57549e-01       8.83236e+00
  346  6.92e-04      1.29827e+01       4.91700e-01       8.81907e+00
  347  6.94e-04      1.30328e+01       5.36349e-01       8.86734e+00
  348  6.96e-04      1.30925e+01       5.45957e-01       8.91033e+00
  349  6.98e-04      1.31507e+01       5.81156e-01       8.96083e+00
  350  7.00e-04      1.31215e+01       5.53295e-01       8.93208e+00
  351  7.02e-04      1.32300e+01       6.52072e-01       9.03735e+00
  352  7.04e-04      1.32428e+01       6.49803e-01       9.04510e+00
  353  7.06e-04      1.33046e+01       5.85721e-01       9.06494e+00
  354  7.08e-04      1.33418e+01       5.87972e-01       9.09049e+00
  355  7.10e-04      1.33863e+01       5.70525e-01       9.11440e+00
  356  7.12e-04      1.34236e+01       5.82569e-01       9.14329e+00
  357  7.14e-04      1.35793e+01       6.44435e-01       9.26768e+00
  358  7.16e-04      1.35416e+01       6.11016e-01       9.23143e+00
  359  7.18e-04      1.35796e+01       6.49751e-01       9.26968e+00
  360  7.20e-04      1.36045e+01       5.38854e-01       9.24926e+00
  361  7.22e-04      1.35561e+01       6.47998e-01       9.25340e+00
  362  7.24e-04      1.36151e+01       5.89040e-01       9.27305e+00
  363  7.26e-04      1.36627e+01       4.83336e-01       9.26957e+00
  364  7.28e-04      1.35914e+01       6.36703e-01       9.27314e+00
  365  7.30e-04      1.36730e+01       5.69469e-01       9.30515e+00
  366  7.32e-04      1.36307e+01       6.75099e-01       9.31219e+00
  367  7.34e-04      1.37761e+01       6.44203e-01       9.39883e+00
  368  7.36e-04      1.38571e+01       4.96536e-01       9.40356e+00
  369  7.38e-04      1.38235e+01       5.56110e-01       9.40105e+00
  370  7.40e-04      1.38892e+01       5.45388e-01       9.44123e+00
  371  7.42e-04      1.38491e+01       6.44888e-01       9.44767e+00
  372  7.44e-04      1.38594e+01       5.86549e-01       9.43511e+00
  373  7.46e-04      1.39112e+01       5.56969e-01       9.45977e+00
  374  7.48e-04      1.40073e+01       6.86236e-01       9.56692e+00
  375  7.50e-04      1.39828e+01       5.71287e-01       9.51233e+00
  376  7.52e-04      1.40029e+01       6.71455e-01       9.55905e+00
  377  7.54e-04      1.40040e+01       6.46424e-01       9.55148e+00
  378  7.56e-04      1.39870e+01       5.31422e-01       9.50181e+00
  379  7.58e-04      1.40398e+01       6.54988e-01       9.57822e+00
  380  7.60e-04      1.40330e+01       5.90297e-01       9.55208e+00
  381  7.62e-04      1.41267e+01       6.20351e-01       9.62458e+00
  382  7.64e-04      1.41204e+01       6.50724e-01       9.63051e+00
  383  7.66e-04      1.40554e+01       5.24446e-01       9.54509e+00
  384  7.68e-04      1.41098e+01       6.08013e-01       9.60920e+00
  385  7.70e-04      1.41291e+01       5.90806e-01       9.61631e+00
  386  7.72e-04      1.41395e+01       5.94034e-01       9.62436e+00
  387  7.74e-04      1.41658e+01       5.89035e-01       9.64023e+00
  388  7.76e-04      1.41410e+01       5.42952e-01       9.60829e+00
  389  7.78e-04      1.42038e+01       5.96270e-01       9.66793e+00
  390  7.80e-04      1.43141e+01       6.47264e-01       9.75849e+00
  391  7.82e-04      1.43229e+01       5.42803e-01       9.72956e+00
  392  7.84e-04      1.43144e+01       5.91109e-01       9.73999e+00
  393  7.86e-04      1.43454e+01       5.92419e-01       9.76105e+00
  394  7.88e-04      1.43226e+01       6.57008e-01       9.76738e+00
  395  7.90e-04      1.43536e+01       6.13441e-01       9.77352e+00
  396  7.92e-04      1.43169e+01       6.22468e-01       9.75208e+00
  397  7.94e-04      1.42947e+01       5.93747e-01       9.72770e+00
  398  7.96e-04      1.43777e+01       6.48444e-01       9.80129e+00
  399  7.98e-04      1.44282e+01       5.95242e-01       9.81725e+00
  400  8.00e-04      1.45279e+01       5.39873e-01       9.86520e+00
  401  8.02e-04      1.45257e+01       6.01254e-01       9.88425e+00
  402  8.04e-04      1.45476e+01       6.65629e-01       9.92025e+00
  403  8.06e-04      1.45361e+01       5.27884e-01       9.86669e+00
  404  8.08e-04      1.45991e+01       6.72679e-01       9.95699e+00
  405  8.10e-04      1.46222e+01       7.19117e-01       9.98787e+00
  406  8.12e-04      1.47226e+01       6.35490e-01       1.00269e+01
  407  8.14e-04      1.47156e+01       7.45657e-01       1.00590e+01
  408  8.16e-04      1.48513e+01       6.05113e-01       1.01026e+01
  409  8.18e-04      1.48810e+01       6.27478e-01       1.01298e+01
  410  8.20e-04      1.49855e+01       6.39531e-01       1.02035e+01
  411  8.22e-04      1.50742e+01       6.01835e-01       1.02501e+01
  412  8.24e-04      1.52292e+01       6.38602e-01       1.03657e+01
  413  8.26e-04      1.52170e+01       6.12484e-01       1.03488e+01
  414  8.28e-04      1.53600e+01       6.65616e-01       1.04618e+01
  415  8.30e-04      1.53768e+01       7.00358e-01       1.04846e+01
  416  8.32e-04      1.53825e+01       6.37657e-01       1.04675e+01
  417  8.34e-04      1.54752e+01       6.88796e-01       1.05464e+01
  418  8.36e-04      1.55483e+01       6.35598e-01       1.05774e+01
  419  8.38e-04      1.55689e+01       6.57214e-01       1.05983e+01
  420  8.40e-04      1.55141e+01       6.78539e-01       1.05689e+01
  421  8.42e-04      1.55728e+01       7.10071e-01       1.06186e+01
  422  8.44e-04      1.56263e+01       6.81385e-01       1.06447e+01
  423  8.46e-04      1.57222e+01       6.49439e-01       1.06980e+01
  424  8.48e-04      1.57221e+01       6.51676e-01       1.06986e+01
  425  8.50e-04      1.57864e+01       6.11202e-01       1.07280e+01
  426  8.52e-04      1.58107e+01       6.36586e-01       1.07526e+01
  427  8.54e-04      1.58597e+01       7.07236e-01       1.08089e+01
  428  8.56e-04      1.59976e+01       6.60130e-01       1.08851e+01
  429  8.58e-04      1.60234e+01       7.08446e-01       1.09184e+01
  430  8.60e-04      1.59909e+01       8.29238e-01       1.09370e+01
  431  8.62e-04      1.60752e+01       7.12732e-01       1.09544e+01
  432  8.64e-04      1.62073e+01       6.62660e-01       1.10258e+01
  433  8.66e-04      1.63345e+01       7.05777e-01       1.11249e+01
  434  8.68e-04      1.64201e+01       4.75539e-01       1.11053e+01
  435  8.70e-04      1.65030e+01       7.19490e-01       1.12418e+01
  436  8.72e-04      1.65073e+01       8.00698e-01       1.12718e+01
  437  8.74e-04      1.67598e+01       7.02383e-01       1.14073e+01
  438  8.76e-04      1.67051e+01       7.19700e-01       1.13766e+01
  439  8.78e-04      1.67335e+01       6.34007e-01       1.13670e+01
  440  8.80e-04      1.68842e+01       7.94438e-01       1.15209e+01
  441  8.82e-04      1.68884e+01       7.57665e-01       1.15115e+01
  442  8.84e-04      1.69412e+01       4.81447e-01       1.14546e+01
  443  8.86e-04      1.71104e+01       7.37572e-01       1.16528e+01
  444  8.88e-04      1.70626e+01       6.64919e-01       1.15967e+01
  445  8.90e-04      1.71524e+01       7.98157e-01       1.17010e+01
  446  8.92e-04      1.72609e+01       7.35120e-01       1.17523e+01
  447  8.94e-04      1.73625e+01       6.04716e-01       1.17766e+01
  448  8.96e-04      1.75680e+01       6.89442e-01       1.19418e+01
  449  8.98e-04      1.75776e+01       7.99184e-01       1.19848e+01
  450  9.00e-04      1.75151e+01       6.63216e-01       1.18978e+01
  451  9.02e-04      1.77321e+01       6.97971e-01       1.20541e+01
  452  9.04e-04      1.76234e+01       8.22067e-01       1.20230e+01
  453  9.06e-04      1.77232e+01       8.00054e-01       1.20822e+01
  454  9.08e-04      1.77554e+01       8.29144e-01       1.21133e+01
  455  9.10e-04      1.77991e+01       7.24418e-01       1.21075e+01
  456  9.12e-04      1.79042e+01       7.49825e-01       1.21861e+01
  457  9.14e-04      1.77931e+01       7.37749e-01       1.21080e+01
  458  9.16e-04      1.77708e+01       7.16412e-01       1.20860e+01
  459  9.18e-04      1.78062e+01       7.44900e-01       1.21191e+01
  460  9.20e-04      1.78961e+01       7.70670e-01       1.21877e+01
  461  9.22e-04      1.79330e+01       6.96305e-01       1.21874e+01
  462  9.24e-04      1.79590e+01       8.13022e-01       1.22437e+01
  463  9.26e-04      1.79672e+01       5.91847e-01       1.21754e+01
  464  9.28e-04      1.81240e+01       6.36201e-01       1.22947e+01
  465  9.30e-04      1.81052e+01       7.13895e-01       1.23081e+01
  466  9.32e-04      1.80733e+01       7.35416e-01       1.22940e+01
  467  9.34e-04      1.82556e+01       7.50831e-01       1.24207e+01
  468  9.36e-04      1.83326e+01       7.20217e-01       1.24618e+01
  469  9.38e-04      1.83924e+01       7.74175e-01       1.25196e+01
  470  9.40e-04      1.85093e+01       8.21215e-01       1.26133e+01
  471  9.42e-04      1.84343e+01       6.36795e-01       1.25018e+01
  472  9.44e-04      1.84742e+01       8.12236e-01       1.25869e+01
  473  9.46e-04      1.85256e+01       6.72193e-01       1.25745e+01
  474  9.48e-04      1.84842e+01       6.24078e-01       1.25308e+01
  475  9.50e-04      1.85416e+01       7.78926e-01       1.26207e+01
  476  9.52e-04      1.85253e+01       7.60067e-01       1.26036e+01
  477  9.54e-04      1.85113e+01       8.53115e-01       1.26252e+01
  478  9.56e-04      1.85603e+01       7.85709e-01       1.26354e+01
  479  9.58e-04      1.85619e+01       7.84717e-01       1.26362e+01
  480  9.60e-04      1.85935e+01       7.93982e-01       1.26604e+01
  481  9.62e-04      1.86725e+01       7.40225e-01       1.26951e+01
  482  9.64e-04      1.86540e+01       8.01624e-01       1.27032e+01
  483  9.66e-04      1.87585e+01       7.32361e-01       1.27498e+01
  484  9.68e-04      1.88818e+01       6.44537e-01       1.28027e+01
  485  9.70e-04      1.88725e+01       8.71697e-01       1.28722e+01
  486  9.72e-04      1.90315e+01       6.60397e-01       1.29078e+01
  487  9.74e-04      1.89174e+01       7.67130e-01       1.28673e+01
  488  9.76e-04      1.89319e+01       6.69174e-01       1.28443e+01
  489  9.78e-04      1.90218e+01       6.89785e-01       1.29111e+01
  490  9.80e-04      1.89713e+01       7.77670e-01       1.29068e+01
  491  9.82e-04      1.89014e+01       9.69152e-01       1.29240e+01
  492  9.84e-04      1.89305e+01       7.47350e-01       1.28694e+01
  493  9.86e-04      1.88414e+01       7.01097e-01       1.27947e+01
  494  9.88e-04      1.90048e+01       7.46719e-01       1.29188e+01
  495  9.90e-04      1.88539e+01       8.20811e-01       1.28429e+01
  496  9.92e-04      1.88252e+01       7.71220e-01       1.28072e+01
  497  9.94e-04      1.89248e+01       6.26323e-01       1.28253e+01
  498  9.96e-04      1.88840e+01       7.12897e-01       1.28269e+01
  499  9.98e-04      1.88587e+01       7.92351e-01       1.28366e+01
  500  1.00e-03      1.89429e+01       8.25196e-01       1.29036e+01
  501  1.00e-03      1.88608e+01       8.97941e-01       1.28732e+01
  502  1.00e-03      1.89700e+01       7.29683e-01       1.28899e+01
  503  1.01e-03      1.91406e+01       7.53042e-01       1.30114e+01
  504  1.01e-03      1.91922e+01       7.92531e-01       1.30589e+01
  505  1.01e-03      1.92866e+01       7.34027e-01       1.31024e+01
  506  1.01e-03      1.93164e+01       8.16255e-01       1.31497e+01
  507  1.01e-03      1.92457e+01       7.72583e-01       1.30880e+01
  508  1.02e-03      1.93813e+01       7.42030e-01       1.31682e+01
  509  1.02e-03      1.93749e+01       8.62241e-01       1.32040e+01
  510  1.02e-03      1.94128e+01       8.14378e-01       1.32133e+01
  511  1.02e-03      1.93493e+01       7.55466e-01       1.31514e+01
  512  1.02e-03      1.93347e+01       7.50945e-01       1.31401e+01
  513  1.03e-03      1.94253e+01       7.23931e-01       1.31915e+01
  514  1.03e-03      1.95861e+01       9.00702e-01       1.33576e+01
  515  1.03e-03      1.97397e+01       7.18612e-01       1.33993e+01
  516  1.03e-03      1.97685e+01       9.24818e-01       1.34873e+01
  517  1.03e-03      1.98375e+01       7.87299e-01       1.34874e+01
  518  1.04e-03      1.98296e+01       7.68726e-01       1.34760e+01
  519  1.04e-03      1.98471e+01       7.83325e-01       1.34925e+01
  520  1.04e-03      1.99219e+01       8.20172e-01       1.35546e+01
  521  1.04e-03      1.98160e+01       6.95937e-01       1.34426e+01
  522  1.04e-03      1.98496e+01       9.70574e-01       1.35566e+01
  523  1.05e-03      1.99472e+01       7.52100e-01       1.35488e+01
  524  1.05e-03      1.99390e+01       8.41291e-01       1.35731e+01
  525  1.05e-03      2.00304e+01       8.25283e-01       1.36287e+01
  526  1.05e-03      2.01194e+01       7.92964e-01       1.36772e+01
  527  1.05e-03      2.00089e+01       8.29067e-01       1.36156e+01
  528  1.06e-03      2.00371e+01       8.67806e-01       1.36473e+01
  529  1.06e-03      2.00933e+01       7.06886e-01       1.36312e+01
  530  1.06e-03      2.00736e+01       9.02443e-01       1.36832e+01
  531  1.06e-03      2.01697e+01       8.95229e-01       1.37449e+01
  532  1.06e-03      2.00886e+01       8.89654e-01       1.36889e+01
  533  1.07e-03      2.01216e+01       8.70990e-01       1.37047e+01
  534  1.07e-03      2.02609e+01       8.91977e-01       1.38046e+01
  535  1.07e-03      2.02415e+01       8.75634e-01       1.37862e+01
  536  1.07e-03      2.02452e+01       8.19381e-01       1.37700e+01
  537  1.07e-03      2.04032e+01       7.56911e-01       1.38544e+01
  538  1.08e-03      2.03607e+01       8.78974e-01       1.38668e+01
  539  1.08e-03      2.05254e+01       8.42966e-01       1.39646e+01
  540  1.08e-03      2.05270e+01       7.91476e-01       1.39485e+01
  541  1.08e-03      2.05100e+01       9.42387e-01       1.39875e+01
  542  1.08e-03      2.07198e+01       6.76703e-01       1.40388e+01
  543  1.09e-03      2.07551e+01       9.12643e-01       1.41410e+01
  544  1.09e-03      2.08725e+01       8.02549e-01       1.41825e+01
  545  1.09e-03      2.10976e+01       8.86993e-01       1.43607e+01
  546  1.09e-03      2.08665e+01       8.44388e-01       1.41925e+01
  547  1.09e-03      2.10330e+01       8.14586e-01       1.42935e+01
  548  1.10e-03      2.10346e+01       7.48517e-01       1.42726e+01
  549  1.10e-03      2.09664e+01       9.09905e-01       1.42809e+01
  550  1.10e-03      2.09666e+01       6.70131e-01       1.42011e+01
  551  1.10e-03      2.10162e+01       7.24405e-01       1.42522e+01
  552  1.10e-03      2.09224e+01       8.13040e-01       1.42192e+01
  553  1.11e-03      2.10608e+01       9.90232e-01       1.43706e+01
  554  1.11e-03      2.09498e+01       7.96697e-01       1.42321e+01
  555  1.11e-03      2.10740e+01       9.09998e-01       1.43527e+01
  556  1.11e-03      2.11605e+01       8.81431e-01       1.44008e+01
  557  1.11e-03      2.11281e+01       9.70150e-01       1.44088e+01
  558  1.12e-03      2.11521e+01       7.88329e-01       1.43642e+01
  559  1.12e-03      2.12440e+01       8.13850e-01       1.44339e+01
  560  1.12e-03      2.12492e+01       7.46576e-01       1.44150e+01
  561  1.12e-03      2.14030e+01       6.62619e-01       1.44895e+01
  562  1.12e-03      2.13342e+01       8.22090e-01       1.44969e+01
  563  1.13e-03      2.12751e+01       8.16081e-01       1.44554e+01
  564  1.13e-03      2.13796e+01       8.44008e-01       1.45344e+01
  565  1.13e-03      2.13072e+01       7.84501e-01       1.44663e+01
  566  1.13e-03      2.13718e+01       9.96021e-01       1.45798e+01
  567  1.13e-03      2.13982e+01       8.15165e-01       1.45372e+01
  568  1.14e-03      2.13595e+01       9.35145e-01       1.45514e+01
  569  1.14e-03      2.14191e+01       8.24354e-01       1.45542e+01
  570  1.14e-03      2.14026e+01       8.49316e-01       1.45515e+01
  571  1.14e-03      2.14220e+01       8.54094e-01       1.45660e+01
  572  1.14e-03      2.14413e+01       8.08775e-01       1.45638e+01
  573  1.15e-03      2.15271e+01       8.78703e-01       1.46443e+01
  574  1.15e-03      2.16002e+01       8.47428e-01       1.46826e+01
  575  1.15e-03      2.15279e+01       7.88676e-01       1.46148e+01
  576  1.15e-03      2.16531e+01       9.23871e-01       1.47433e+01
  577  1.15e-03      2.17428e+01       1.06982e+00       1.48518e+01
  578  1.16e-03      2.17672e+01       1.00397e+00       1.48461e+01
  579  1.16e-03      2.18806e+01       7.88478e-01       1.48499e+01
  580  1.16e-03      2.20656e+01       9.41503e-01       1.50242e+01
  581  1.16e-03      2.20302e+01       9.20854e-01       1.49938e+01
  582  1.16e-03      2.21997e+01       8.99117e-01       1.50995e+01
  583  1.17e-03      2.20362e+01       7.97484e-01       1.49566e+01
  584  1.17e-03      2.21927e+01       8.54172e-01       1.50798e+01
  585  1.17e-03      2.22797e+01       8.31188e-01       1.51302e+01
  586  1.17e-03      2.22434e+01       9.91069e-01       1.51593e+01
  587  1.17e-03      2.21777e+01       1.00112e+00       1.51188e+01
  588  1.18e-03      2.22880e+01       9.45941e-01       1.51740e+01
  589  1.18e-03      2.22552e+01       9.43614e-01       1.51513e+01
  590  1.18e-03      2.24281e+01       9.91679e-01       1.52827e+01
  591  1.18e-03      2.23303e+01       9.95520e-01       1.52187e+01
  592  1.18e-03      2.24057e+01       9.11934e-01       1.52411e+01
  593  1.19e-03      2.24958e+01       9.22032e-01       1.53046e+01
  594  1.19e-03      2.25888e+01       8.78353e-01       1.53520e+01
  595  1.19e-03      2.26476e+01       9.64628e-01       1.54200e+01
  596  1.19e-03      2.28005e+01       9.54717e-01       1.55186e+01
  597  1.19e-03      2.26849e+01       8.88361e-01       1.54194e+01
  598  1.20e-03      2.29207e+01       9.17272e-01       1.55862e+01
  599  1.20e-03      2.30960e+01       9.01387e-01       1.56978e+01
  600  1.20e-03      2.31502e+01       1.02721e+00       1.57759e+01
  601  1.20e-03      2.32157e+01       9.99551e-01       1.58103e+01
  602  1.20e-03      2.33387e+01       9.55783e-01       1.58777e+01
  603  1.21e-03      2.33061e+01       1.00469e+00       1.58723e+01
  604  1.21e-03      2.35309e+01       8.63852e-01       1.59752e+01
  605  1.21e-03      2.35246e+01       9.59248e-01       1.60028e+01
  606  1.21e-03      2.35767e+01       8.70397e-01       1.60079e+01
  607  1.21e-03      2.36926e+01       9.74898e-01       1.61200e+01
  608  1.22e-03      2.37840e+01       9.32642e-01       1.61669e+01
  609  1.22e-03      2.36806e+01       9.20815e-01       1.60940e+01
  610  1.22e-03      2.36855e+01       1.09028e+00       1.61538e+01
  611  1.22e-03      2.37823e+01       8.74305e-01       1.61463e+01
  612  1.22e-03      2.37455e+01       9.94749e-01       1.61619e+01
  613  1.23e-03      2.38408e+01       8.92203e-01       1.61913e+01
  614  1.23e-03      2.40005e+01       1.08128e+00       1.63608e+01
  615  1.23e-03      2.40112e+01       9.16123e-01       1.63129e+01
  616  1.23e-03      2.42264e+01       9.27892e-01       1.64602e+01
  617  1.23e-03      2.41939e+01       1.00322e+00       1.64637e+01
  618  1.24e-03      2.41650e+01       1.02965e+00       1.64532e+01
  619  1.24e-03      2.44953e+01       1.02296e+00       1.66712e+01
  620  1.24e-03      2.43597e+01       1.03003e+00       1.65832e+01
  621  1.24e-03      2.44287e+01       8.39428e-01       1.65656e+01
  622  1.24e-03      2.45222e+01       9.99214e-01       1.66812e+01
  623  1.25e-03      2.44823e+01       1.02701e+00       1.66639e+01
  624  1.25e-03      2.46160e+01       1.16922e+00       1.68004e+01
  625  1.25e-03      2.47154e+01       1.19062e+00       1.68738e+01
  626  1.25e-03      2.45875e+01       8.94618e-01       1.66899e+01
  627  1.25e-03      2.47027e+01       1.07747e+00       1.68276e+01
  628  1.26e-03      2.46746e+01       9.17552e-01       1.67556e+01
  629  1.26e-03      2.45691e+01       9.70420e-01       1.67029e+01
  630  1.26e-03      2.48902e+01       8.41297e-01       1.68739e+01
  631  1.26e-03      2.48359e+01       1.22792e+00       1.69666e+01
  632  1.26e-03      2.49299e+01       9.87699e-01       1.69492e+01
  633  1.27e-03      2.50436e+01       1.11913e+00       1.70688e+01
  634  1.27e-03      2.48352e+01       1.22009e+00       1.69635e+01
  635  1.27e-03      2.51236e+01       1.02938e+00       1.70922e+01
  636  1.27e-03      2.50581e+01       9.59990e-01       1.70254e+01
  637  1.27e-03      2.50423e+01       9.81084e-01       1.70219e+01
  638  1.28e-03      2.51957e+01       1.02353e+00       1.71383e+01
  639  1.28e-03      2.52086e+01       1.03453e+00       1.71505e+01
  640  1.28e-03      2.52161e+01       8.47113e-01       1.70931e+01
  641  1.28e-03      2.54595e+01       9.98616e-01       1.73058e+01
  642  1.28e-03      2.53913e+01       9.93728e-01       1.72587e+01
  643  1.29e-03      2.56346e+01       1.10352e+00       1.74576e+01
  644  1.29e-03      2.56400e+01       1.07935e+00       1.74531e+01
  645  1.29e-03      2.56100e+01       9.71509e-01       1.73972e+01
  646  1.29e-03      2.57283e+01       9.39724e-01       1.74654e+01
  647  1.29e-03      2.58025e+01       1.10614e+00       1.75704e+01
  648  1.30e-03      2.57276e+01       8.51387e-01       1.74355e+01
  649  1.30e-03      2.59545e+01       1.02498e+00       1.76447e+01
  650  1.30e-03      2.58452e+01       9.38672e-01       1.75431e+01
  651  1.30e-03      2.59052e+01       9.38730e-01       1.75831e+01
  652  1.30e-03      2.61102e+01       1.14758e+00       1.77894e+01
  653  1.31e-03      2.60092e+01       8.24021e-01       1.76142e+01
  654  1.31e-03      2.59814e+01       1.13969e+00       1.77009e+01
  655  1.31e-03      2.62121e+01       1.09270e+00       1.78389e+01
  656  1.31e-03      2.61449e+01       1.09118e+00       1.77937e+01
  657  1.31e-03      2.62339e+01       1.04628e+00       1.78380e+01
  658  1.32e-03      2.62106e+01       1.10678e+00       1.78427e+01
  659  1.32e-03      2.62997e+01       9.15683e-01       1.78384e+01
  660  1.32e-03      2.64818e+01       1.08431e+00       1.80160e+01
  661  1.32e-03      2.64207e+01       1.07862e+00       1.79734e+01
  662  1.32e-03      2.64774e+01       1.10011e+00       1.80183e+01
  663  1.33e-03      2.66159e+01       1.03209e+00       1.80880e+01
  664  1.33e-03      2.66033e+01       1.10011e+00       1.81022e+01
  665  1.33e-03      2.67356e+01       1.21787e+00       1.82297e+01
  666  1.33e-03      2.68155e+01       1.14020e+00       1.82570e+01
  667  1.33e-03      2.66943e+01       1.06318e+00       1.81506e+01
  668  1.34e-03      2.67298e+01       1.11367e+00       1.81911e+01
  669  1.34e-03      2.67273e+01       1.29231e+00       1.82490e+01
  670  1.34e-03      2.68171e+01       1.07102e+00       1.82351e+01
  671  1.34e-03      2.67573e+01       1.26780e+00       1.82608e+01
  672  1.34e-03      2.67060e+01       1.09777e+00       1.81699e+01
  673  1.35e-03      2.67874e+01       1.27131e+00       1.82820e+01
  674  1.35e-03      2.68988e+01       1.09580e+00       1.82978e+01
  675  1.35e-03      2.70303e+01       1.07385e+00       1.83781e+01
  676  1.35e-03      2.72039e+01       1.14335e+00       1.85171e+01
  677  1.35e-03      2.72399e+01       1.14771e+00       1.85425e+01
  678  1.36e-03      2.74053e+01       1.21709e+00       1.86759e+01
  679  1.36e-03      2.73897e+01       1.23654e+00       1.86720e+01
  680  1.36e-03      2.74359e+01       1.14988e+00       1.86739e+01
  681  1.36e-03      2.74053e+01       1.17965e+00       1.86634e+01
  682  1.36e-03      2.74184e+01       1.12731e+00       1.86547e+01
  683  1.37e-03      2.74268e+01       1.02538e+00       1.86264e+01
  684  1.37e-03      2.75444e+01       1.05064e+00       1.87131e+01
  685  1.37e-03      2.75904e+01       1.09813e+00       1.87597e+01
  686  1.37e-03      2.76692e+01       1.26285e+00       1.88671e+01
  687  1.37e-03      2.76969e+01       1.12917e+00       1.88410e+01
  688  1.38e-03      2.78161e+01       1.11908e+00       1.89171e+01
  689  1.38e-03      2.77551e+01       1.08352e+00       1.88645e+01
  690  1.38e-03      2.77545e+01       1.15401e+00       1.88877e+01
  691  1.38e-03      2.78164e+01       1.14431e+00       1.89257e+01
  692  1.38e-03      2.79866e+01       1.26880e+00       1.90807e+01
  693  1.39e-03      2.80315e+01       1.15062e+00       1.90712e+01
  694  1.39e-03      2.82070e+01       1.01674e+00       1.91436e+01
  695  1.39e-03      2.80597e+01       1.12616e+00       1.90818e+01
  696  1.39e-03      2.82048e+01       1.06016e+00       1.91566e+01
  697  1.39e-03      2.82607e+01       1.27305e+00       1.92648e+01
  698  1.40e-03      2.82753e+01       9.70573e-01       1.91737e+01
  699  1.40e-03      2.85338e+01       1.29862e+00       1.94554e+01
  700  1.40e-03      2.85509e+01       1.38815e+00       1.94966e+01
  701  1.40e-03      2.83899e+01       1.34431e+00       1.93747e+01
  702  1.40e-03      2.84374e+01       1.17537e+00       1.93501e+01
  703  1.41e-03      2.84192e+01       1.27868e+00       1.93723e+01
  704  1.41e-03      2.86590e+01       9.57836e-01       1.94253e+01
  705  1.41e-03      2.88459e+01       1.17878e+00       1.96235e+01
  706  1.41e-03      2.86886e+01       9.60911e-01       1.94460e+01
  707  1.41e-03      2.88635e+01       1.38954e+00       1.97055e+01
  708  1.42e-03      2.88969e+01       1.26645e+00       1.96867e+01
  709  1.42e-03      2.88906e+01       1.11003e+00       1.96304e+01
  710  1.42e-03      2.92036e+01       1.28953e+00       1.98989e+01
  711  1.42e-03      2.90728e+01       1.05088e+00       1.97322e+01
  712  1.42e-03      2.92005e+01       1.27897e+00       1.98933e+01
  713  1.43e-03      2.94648e+01       1.16473e+00       2.00315e+01
  714  1.43e-03      2.92907e+01       1.20857e+00       1.99300e+01
  715  1.43e-03      2.94022e+01       1.28054e+00       2.00283e+01
  716  1.43e-03      2.94866e+01       1.22894e+00       2.00674e+01
  717  1.43e-03      2.94774e+01       1.02779e+00       1.99942e+01
  718  1.44e-03      2.96772e+01       1.27206e+00       2.02088e+01
  719  1.44e-03      2.96973e+01       9.94091e-01       2.01296e+01
  720  1.44e-03      2.95845e+01       1.24772e+00       2.01389e+01
  721  1.44e-03      2.97547e+01       1.26811e+00       2.02592e+01
  722  1.44e-03      2.97239e+01       1.43225e+00       2.02934e+01
  723  1.45e-03      2.97304e+01       1.21837e+00       2.02264e+01
  724  1.45e-03      2.98377e+01       1.36891e+00       2.03481e+01
  725  1.45e-03      2.98038e+01       1.24447e+00       2.02840e+01
  726  1.45e-03      2.98032e+01       1.23356e+00       2.02800e+01
  727  1.45e-03      2.99393e+01       1.10730e+00       2.03286e+01
  728  1.46e-03      2.96812e+01       1.30813e+00       2.02235e+01
  729  1.46e-03      2.98409e+01       1.28410e+00       2.03220e+01
  730  1.46e-03      2.98114e+01       1.23663e+00       2.02864e+01
  731  1.46e-03      2.99642e+01       1.10249e+00       2.03437e+01
  732  1.46e-03      3.01197e+01       1.17938e+00       2.04729e+01
  733  1.47e-03      3.02070e+01       1.07514e+00       2.04964e+01
  734  1.47e-03      3.01625e+01       1.36283e+00       2.05626e+01
  735  1.47e-03      3.03554e+01       1.29348e+00       2.06681e+01
  736  1.47e-03      3.02351e+01       1.13034e+00       2.05335e+01
  737  1.47e-03      3.02559e+01       1.13173e+00       2.05478e+01
  738  1.48e-03      3.01913e+01       1.03072e+00       2.04711e+01
  739  1.48e-03      3.03307e+01       1.21520e+00       2.06255e+01
  740  1.48e-03      3.03140e+01       1.04379e+00       2.05573e+01
  741  1.48e-03      3.05487e+01       9.52627e-01       2.06834e+01
  742  1.48e-03      3.06146e+01       1.29062e+00       2.08399e+01
  743  1.49e-03      3.05165e+01       1.14965e+00       2.07275e+01
  744  1.49e-03      3.05902e+01       1.22228e+00       2.08009e+01
  745  1.49e-03      3.06711e+01       1.21465e+00       2.08523e+01
  746  1.49e-03      3.05666e+01       1.29010e+00       2.08077e+01
  747  1.49e-03      3.07758e+01       1.17776e+00       2.09098e+01
  748  1.50e-03      3.07051e+01       1.25494e+00       2.08884e+01
  749  1.50e-03      3.08051e+01       1.19543e+00       2.09352e+01
  750  1.50e-03      3.09271e+01       1.34929e+00       2.10679e+01
  751  1.50e-03      3.07095e+01       1.07547e+00       2.08315e+01
  752  1.50e-03      3.07415e+01       1.25192e+00       2.09116e+01
  753  1.51e-03      3.08029e+01       1.20216e+00       2.09360e+01
  754  1.51e-03      3.07751e+01       1.29017e+00       2.09468e+01
  755  1.51e-03      3.09993e+01       1.15874e+00       2.10525e+01
  756  1.51e-03      3.09543e+01       1.16736e+00       2.10253e+01
  757  1.51e-03      3.11076e+01       1.32932e+00       2.11815e+01
  758  1.52e-03      3.12548e+01       1.22451e+00       2.12447e+01
  759  1.52e-03      3.12443e+01       1.24961e+00       2.12461e+01
  760  1.52e-03      3.11711e+01       1.19875e+00       2.11803e+01
  761  1.52e-03      3.14087e+01       1.34038e+00       2.13859e+01
  762  1.52e-03      3.13987e+01       1.00454e+00       2.12673e+01
  763  1.53e-03      3.13798e+01       1.27625e+00       2.13453e+01
  764  1.53e-03      3.13805e+01       9.79849e-01       2.12469e+01
  765  1.53e-03      3.13812e+01       1.17839e+00       2.13136e+01
  766  1.53e-03      3.15151e+01       1.04730e+00       2.13592e+01
  767  1.53e-03      3.15676e+01       1.22475e+00       2.14533e+01
  768  1.54e-03      3.16812e+01       1.29078e+00       2.15511e+01
  769  1.54e-03      3.16679e+01       1.31418e+00       2.15500e+01
  770  1.54e-03      3.17193e+01       1.19356e+00       2.15441e+01
  771  1.54e-03      3.17378e+01       1.43323e+00       2.16363e+01
  772  1.54e-03      3.18630e+01       1.14777e+00       2.16246e+01
  773  1.55e-03      3.17680e+01       1.33066e+00       2.16222e+01
  774  1.55e-03      3.20216e+01       1.25595e+00       2.17664e+01
  775  1.55e-03      3.19152e+01       1.23481e+00       2.16884e+01
  776  1.55e-03      3.19880e+01       1.22061e+00       2.17322e+01
  777  1.55e-03      3.20039e+01       1.41668e+00       2.18082e+01
  778  1.56e-03      3.21646e+01       1.30863e+00       2.18793e+01
  779  1.56e-03      3.21822e+01       1.31494e+00       2.18931e+01
  780  1.56e-03      3.22597e+01       1.28806e+00       2.19358e+01
  781  1.56e-03      3.22544e+01       1.47461e+00       2.19945e+01
  782  1.56e-03      3.22775e+01       1.43788e+00       2.19976e+01
  783  1.57e-03      3.22184e+01       1.44184e+00       2.19595e+01
  784  1.57e-03      3.23927e+01       1.15812e+00       2.19812e+01
  785  1.57e-03      3.24402e+01       1.30779e+00       2.20627e+01
  786  1.57e-03      3.26189e+01       1.27783e+00       2.21719e+01
  787  1.57e-03      3.27108e+01       1.24001e+00       2.22205e+01
  788  1.58e-03      3.27678e+01       1.13473e+00       2.22235e+01
  789  1.58e-03      3.29120e+01       1.46321e+00       2.24291e+01
  790  1.58e-03      3.29656e+01       1.16453e+00       2.23652e+01
  791  1.58e-03      3.30066e+01       1.47545e+00       2.24962e+01
  792  1.58e-03      3.31888e+01       1.26999e+00       2.25492e+01
  793  1.59e-03      3.30333e+01       1.49912e+00       2.25219e+01
  794  1.59e-03      3.31924e+01       1.13348e+00       2.25061e+01
  795  1.59e-03      3.32993e+01       1.33734e+00       2.26453e+01
  796  1.59e-03      3.32718e+01       1.56866e+00       2.27041e+01
  797  1.59e-03      3.35797e+01       1.53750e+00       2.28990e+01
  798  1.60e-03      3.35032e+01       1.38567e+00       2.27974e+01
  799  1.60e-03      3.33802e+01       1.34436e+00       2.27016e+01
  800  1.60e-03      3.36507e+01       1.37976e+00       2.28937e+01
  801  1.60e-03      3.35324e+01       1.40659e+00       2.28238e+01
  802  1.60e-03      3.35634e+01       1.28599e+00       2.28043e+01
  803  1.61e-03      3.39012e+01       1.18103e+00       2.29945e+01
  804  1.61e-03      3.37347e+01       1.61114e+00       2.30269e+01
  805  1.61e-03      3.38816e+01       1.56906e+00       2.31108e+01
  806  1.61e-03      3.41007e+01       1.47068e+00       2.32240e+01
  807  1.61e-03      3.38170e+01       1.40318e+00       2.30124e+01
  808  1.62e-03      3.41438e+01       1.46997e+00       2.32525e+01
  809  1.62e-03      3.41352e+01       1.42255e+00       2.32310e+01
  810  1.62e-03      3.40223e+01       1.36890e+00       2.31378e+01
  811  1.62e-03      3.42344e+01       1.32603e+00       2.32649e+01
  812  1.62e-03      3.41787e+01       1.54263e+00       2.33000e+01
  813  1.63e-03      3.39614e+01       1.23493e+00       2.30526e+01
  814  1.63e-03      3.42292e+01       1.29885e+00       2.32524e+01
  815  1.63e-03      3.41506e+01       1.62283e+00       2.33080e+01
  816  1.63e-03      3.42680e+01       1.26565e+00       2.32672e+01
  817  1.63e-03      3.45921e+01       1.51782e+00       2.35673e+01
  818  1.64e-03      3.43540e+01       1.38845e+00       2.33655e+01
  819  1.64e-03      3.46062e+01       1.53026e+00       2.35809e+01
  820  1.64e-03      3.46372e+01       1.61551e+00       2.36300e+01
  821  1.64e-03      3.44133e+01       1.39443e+00       2.34070e+01
  822  1.64e-03      3.46935e+01       1.36612e+00       2.35844e+01
  823  1.65e-03      3.46151e+01       1.42594e+00       2.35521e+01
  824  1.65e-03      3.46068e+01       1.32642e+00       2.35133e+01
  825  1.65e-03      3.47590e+01       1.66534e+00       2.37278e+01
  826  1.65e-03      3.45921e+01       1.68587e+00       2.36233e+01
  827  1.65e-03      3.47293e+01       1.46449e+00       2.36410e+01
  828  1.66e-03      3.47029e+01       1.63983e+00       2.36819e+01
  829  1.66e-03      3.46008e+01       1.44044e+00       2.35473e+01
  830  1.66e-03      3.47543e+01       1.69289e+00       2.37338e+01
  831  1.66e-03      3.48198e+01       1.28213e+00       2.36405e+01
  832  1.66e-03      3.48970e+01       1.30776e+00       2.37006e+01
  833  1.67e-03      3.51626e+01       1.62908e+00       2.39847e+01
  834  1.67e-03      3.50389e+01       1.68993e+00       2.39226e+01
  835  1.67e-03      3.53380e+01       1.42258e+00       2.40328e+01
  836  1.67e-03      3.52531e+01       1.59051e+00       2.40322e+01
  837  1.67e-03      3.52960e+01       1.25007e+00       2.39473e+01
  838  1.68e-03      3.54046e+01       1.51865e+00       2.41093e+01
  839  1.68e-03      3.53970e+01       1.57009e+00       2.41214e+01
  840  1.68e-03      3.53713e+01       1.56531e+00       2.41026e+01
  841  1.68e-03      3.55405e+01       1.63414e+00       2.42384e+01
  842  1.68e-03      3.53760e+01       1.66557e+00       2.41392e+01
  843  1.69e-03      3.56436e+01       1.52692e+00       2.42714e+01
  844  1.69e-03      3.56274e+01       1.57505e+00       2.42766e+01
  845  1.69e-03      3.55136e+01       1.68838e+00       2.42386e+01
  846  1.69e-03      3.56754e+01       1.59679e+00       2.43159e+01
  847  1.69e-03      3.55768e+01       1.41123e+00       2.41883e+01
  848  1.70e-03      3.56222e+01       1.49942e+00       2.42480e+01
  849  1.70e-03      3.58470e+01       1.66059e+00       2.44516e+01
  850  1.70e-03      3.58126e+01       1.59804e+00       2.44077e+01
  851  1.70e-03      3.58402e+01       1.48750e+00       2.43893e+01
  852  1.70e-03      3.59238e+01       1.75566e+00       2.45344e+01
  853  1.71e-03      3.60269e+01       1.55428e+00       2.45360e+01
  854  1.71e-03      3.62251e+01       1.76638e+00       2.47388e+01
  855  1.71e-03      3.62723e+01       1.46885e+00       2.46712e+01
  856  1.71e-03      3.60407e+01       1.62967e+00       2.45704e+01
  857  1.71e-03      3.61773e+01       1.45457e+00       2.46031e+01
  858  1.72e-03      3.60833e+01       1.30930e+00       2.44920e+01
  859  1.72e-03      3.62371e+01       1.43315e+00       2.46358e+01
  860  1.72e-03      3.62167e+01       1.59776e+00       2.46771e+01
  861  1.72e-03      3.62069e+01       1.46228e+00       2.46254e+01
  862  1.72e-03      3.61123e+01       1.56078e+00       2.45952e+01
  863  1.73e-03      3.61282e+01       1.64044e+00       2.46323e+01
  864  1.73e-03      3.61717e+01       1.56084e+00       2.46348e+01
  865  1.73e-03      3.62350e+01       1.53105e+00       2.46670e+01
  866  1.73e-03      3.62417e+01       1.64850e+00       2.47106e+01
  867  1.73e-03      3.63763e+01       1.88183e+00       2.48781e+01
  868  1.74e-03      3.64891e+01       1.65585e+00       2.48780e+01
  869  1.74e-03      3.67309e+01       1.69299e+00       2.50516e+01
  870  1.74e-03      3.67551e+01       1.69714e+00       2.50691e+01
  871  1.74e-03      3.66503e+01       1.48362e+00       2.49281e+01
  872  1.74e-03      3.66958e+01       1.49548e+00       2.49623e+01
  873  1.75e-03      3.66210e+01       1.42110e+00       2.48877e+01
  874  1.75e-03      3.67329e+01       1.55154e+00       2.50058e+01
  875  1.75e-03      3.67455e+01       1.63504e+00       2.50420e+01
  876  1.75e-03      3.65693e+01       1.36125e+00       2.48333e+01
  877  1.75e-03      3.67856e+01       1.66563e+00       2.50790e+01
  878  1.76e-03      3.66485e+01       1.69511e+00       2.49974e+01
  879  1.76e-03      3.66703e+01       1.45700e+00       2.49325e+01
  880  1.76e-03      3.69496e+01       1.48729e+00       2.51288e+01
  881  1.76e-03      3.68209e+01       1.51918e+00       2.50537e+01
  882  1.76e-03      3.68713e+01       1.54594e+00       2.50962e+01
  883  1.77e-03      3.69350e+01       1.56698e+00       2.51457e+01
  884  1.77e-03      3.68769e+01       1.39191e+00       2.50486e+01
  885  1.77e-03      3.69658e+01       1.57890e+00       2.51702e+01
  886  1.77e-03      3.71657e+01       1.58879e+00       2.53067e+01
  887  1.77e-03      3.68324e+01       1.41495e+00       2.50266e+01
  888  1.78e-03      3.72668e+01       1.61676e+00       2.53834e+01
  889  1.78e-03      3.71404e+01       1.64646e+00       2.53091e+01
  890  1.78e-03      3.72451e+01       1.74155e+00       2.54106e+01
  891  1.78e-03      3.73713e+01       1.84433e+00       2.55290e+01
  892  1.78e-03      3.72056e+01       1.40284e+00       2.52713e+01
  893  1.79e-03      3.71732e+01       1.76309e+00       2.53698e+01
  894  1.79e-03      3.73613e+01       1.46545e+00       2.53960e+01
  895  1.79e-03      3.70874e+01       1.45290e+00       2.52093e+01
  896  1.79e-03      3.74699e+01       1.59380e+00       2.55112e+01
  897  1.79e-03      3.73976e+01       1.65076e+00       2.54820e+01
  898  1.80e-03      3.73995e+01       1.64650e+00       2.54818e+01
  899  1.80e-03      3.75763e+01       1.65261e+00       2.56017e+01
  900  1.80e-03      3.75833e+01       1.51862e+00       2.55617e+01
  901  1.80e-03      3.75619e+01       1.70190e+00       2.56085e+01
  902  1.80e-03      3.78357e+01       1.46357e+00       2.57117e+01
  903  1.81e-03      3.76255e+01       1.46157e+00       2.55709e+01
  904  1.81e-03      3.80015e+01       1.91560e+00       2.59729e+01
  905  1.81e-03      3.82441e+01       1.41941e+00       2.59692e+01
  906  1.81e-03      3.82145e+01       1.68435e+00       2.60378e+01
  907  1.81e-03      3.84657e+01       1.71047e+00       2.62140e+01
  908  1.82e-03      3.84601e+01       1.60221e+00       2.61741e+01
  909  1.82e-03      3.83551e+01       1.67027e+00       2.61268e+01
  910  1.82e-03      3.87985e+01       1.52175e+00       2.63729e+01
  911  1.82e-03      3.86732e+01       1.83901e+00       2.63952e+01
  912  1.82e-03      3.88277e+01       1.68142e+00       2.64456e+01
  913  1.83e-03      3.90144e+01       1.76623e+00       2.65984e+01
  914  1.83e-03      3.88281e+01       1.85166e+00       2.65026e+01
  915  1.83e-03      3.88910e+01       1.85429e+00       2.65455e+01
  916  1.83e-03      3.90650e+01       1.72898e+00       2.66197e+01
  917  1.83e-03      3.89497e+01       1.84445e+00       2.65813e+01
  918  1.84e-03      3.92111e+01       1.59220e+00       2.66715e+01
  919  1.84e-03      3.92992e+01       1.77359e+00       2.67907e+01
  920  1.84e-03      3.92903e+01       1.68757e+00       2.67560e+01
  921  1.84e-03      3.93742e+01       1.42443e+00       2.67242e+01
  922  1.84e-03      3.93596e+01       1.57773e+00       2.67656e+01
  923  1.85e-03      3.92486e+01       1.80973e+00       2.67690e+01
  924  1.85e-03      3.95477e+01       1.61578e+00       2.69037e+01
  925  1.85e-03      3.96827e+01       1.73637e+00       2.70339e+01
  926  1.85e-03      3.96716e+01       1.57814e+00       2.69738e+01
  927  1.85e-03      3.97326e+01       1.90561e+00       2.71236e+01
  928  1.86e-03      3.95576e+01       1.43054e+00       2.68486e+01
  929  1.86e-03      3.96373e+01       1.51719e+00       2.69306e+01
  930  1.86e-03      3.98447e+01       1.81348e+00       2.71677e+01
  931  1.86e-03      3.97449e+01       1.59921e+00       2.70297e+01
  932  1.86e-03      4.00248e+01       1.60624e+00       2.72186e+01
  933  1.87e-03      4.01897e+01       1.66088e+00       2.73467e+01
  934  1.87e-03      3.98707e+01       1.48640e+00       2.70759e+01
  935  1.87e-03      4.01592e+01       1.79176e+00       2.73700e+01
  936  1.87e-03      3.99682e+01       1.71588e+00       2.72174e+01
  937  1.87e-03      4.00287e+01       1.77373e+00       2.72771e+01
  938  1.88e-03      4.00712e+01       1.79070e+00       2.73110e+01
  939  1.88e-03      4.00149e+01       1.71486e+00       2.72482e+01
  940  1.88e-03      4.01141e+01       1.71484e+00       2.73143e+01
  941  1.88e-03      4.02985e+01       1.82968e+00       2.74756e+01
  942  1.88e-03      4.01011e+01       1.44991e+00       2.72174e+01
  943  1.89e-03      4.03280e+01       1.68572e+00       2.74472e+01
  944  1.89e-03      4.04012e+01       1.31799e+00       2.73735e+01
  945  1.89e-03      4.04783e+01       1.61255e+00       2.75231e+01
  946  1.89e-03      4.05686e+01       1.40530e+00       2.75142e+01
  947  1.89e-03      4.05978e+01       1.40484e+00       2.75335e+01
  948  1.90e-03      4.05356e+01       1.71241e+00       2.75945e+01
  949  1.90e-03      4.08416e+01       1.55013e+00       2.77444e+01
  950  1.90e-03      4.07331e+01       1.57910e+00       2.76817e+01
  951  1.90e-03      4.08753e+01       1.41663e+00       2.77224e+01
  952  1.90e-03      4.07941e+01       1.53623e+00       2.77082e+01
  953  1.91e-03      4.08977e+01       1.82833e+00       2.78746e+01
  954  1.91e-03      4.10222e+01       1.46839e+00       2.78376e+01
  955  1.91e-03      4.09658e+01       1.58201e+00       2.78379e+01
  956  1.91e-03      4.10334e+01       1.75180e+00       2.79395e+01
  957  1.91e-03      4.12024e+01       1.47428e+00       2.79597e+01
  958  1.92e-03      4.12352e+01       1.74640e+00       2.80723e+01
  959  1.92e-03      4.15067e+01       1.62779e+00       2.82137e+01
  960  1.92e-03      4.16607e+01       1.63318e+00       2.83182e+01
  961  1.92e-03      4.18462e+01       1.69937e+00       2.84639e+01
  962  1.92e-03      4.19791e+01       1.46810e+00       2.84754e+01
  963  1.93e-03      4.18312e+01       1.83104e+00       2.84978e+01
  964  1.93e-03      4.20694e+01       1.92928e+00       2.86894e+01
  965  1.93e-03      4.22122e+01       1.43416e+00       2.86195e+01
  966  1.93e-03      4.22351e+01       1.69452e+00       2.87216e+01
  967  1.93e-03      4.24315e+01       1.47645e+00       2.87798e+01
  968  1.94e-03      4.23385e+01       1.66632e+00       2.87811e+01
  969  1.94e-03      4.22696e+01       1.64930e+00       2.87295e+01
  970  1.94e-03      4.22535e+01       1.33246e+00       2.86131e+01
  971  1.94e-03      4.22527e+01       1.66700e+00       2.87242e+01
  972  1.94e-03      4.24840e+01       1.85401e+00       2.89407e+01
  973  1.95e-03      4.25563e+01       1.51976e+00       2.88775e+01
  974  1.95e-03      4.24965e+01       1.94890e+00       2.89807e+01
  975  1.95e-03      4.27017e+01       1.63627e+00       2.90132e+01
  976  1.95e-03      4.24515e+01       1.95225e+00       2.89517e+01
  977  1.95e-03      4.24950e+01       2.01488e+00       2.90016e+01
  978  1.96e-03      4.27321e+01       1.69805e+00       2.90541e+01
  979  1.96e-03      4.26267e+01       2.16276e+00       2.91388e+01
  980  1.96e-03      4.29255e+01       1.98388e+00       2.92783e+01
  981  1.96e-03      4.31566e+01       1.61700e+00       2.93101e+01
  982  1.96e-03      4.30938e+01       2.04630e+00       2.94113e+01
  983  1.97e-03      4.34200e+01       1.68551e+00       2.95085e+01
  984  1.97e-03      4.34294e+01       1.77696e+00       2.95452e+01
  985  1.97e-03      4.33110e+01       1.99419e+00       2.95387e+01
  986  1.97e-03      4.35175e+01       1.73182e+00       2.95889e+01
  987  1.97e-03      4.34170e+01       2.08976e+00       2.96413e+01
  988  1.98e-03      4.37920e+01       1.98643e+00       2.98568e+01
  989  1.98e-03      4.38789e+01       1.81897e+00       2.98589e+01
  990  1.98e-03      4.36645e+01       2.26739e+00       2.98655e+01
  991  1.98e-03      4.38193e+01       1.58670e+00       2.97418e+01
  992  1.98e-03      4.38692e+01       1.81467e+00       2.98510e+01
  993  1.99e-03      4.39881e+01       1.78554e+00       2.99206e+01
  994  1.99e-03      4.41945e+01       2.04977e+00       3.01462e+01
  995  1.99e-03      4.39158e+01       2.07770e+00       2.99698e+01
  996  1.99e-03      4.40737e+01       1.72152e+00       2.99563e+01
  997  1.99e-03      4.38405e+01       2.12651e+00       2.99358e+01
  998  2.00e-03      4.38724e+01       2.46981e+00       3.00715e+01
  999  2.00e-03      4.41174e+01       1.83354e+00       3.00228e+01
