Delta = 5.263e-02 gamma
 step      t        T_in_plane/mK   T_out_of_plane/mK   T_tot/mK
    0  0.00e+00      1.88638e-29       0.00000e+00       1.25759e-29
    1  1.00e-05      3.24118e-02       3.80110e-02       3.42782e-02
    2  2.00e-05      6.25581e-02       9.28592e-02       7.26585e-02
    3  3.00e-05      1.02677e-01       1.27665e-01       1.11006e-01
    4  4.00e-05      1.43733e-01       1.30052e-01       1.39172e-01
    5  5.00e-05      1.74052e-01       1.64040e-01       1.70715e-01
    6  6.00e-05      2.27269e-01       1.51856e-01       2.02131e-01
    7  7.00e-05      2.74353e-01       2.02699e-01       2.50468e-01
    8  8.00e-05      3.24143e-01       2.44561e-01       2.97616e-01
    9  9.00e-05      3.45893e-01       2.37120e-01       3.09635e-01
   10  1.00e-04      3.81768e-01       2.22244e-01       3.28593e-01
   11  1.10e-04      4.15285e-01       2.75221e-01       3.68597e-01
   12  1.20e-04      4.41537e-01       2.60269e-01       3.81115e-01
   13  1.30e-04      4.90830e-01       2.28345e-01       4.03335e-01
   14  1.40e-04      5.11961e-01       2.61465e-01       4.28462e-01
   15  1.50e-04      5.39858e-01       2.87815e-01       4.55844e-01
   16  1.60e-04      5.78982e-01       2.78864e-01       4.78943e-01
   17  1.70e-04      6.44041e-01       2.67918e-01       5.18666e-01
   18  1.80e-04      6.94474e-01       2.80304e-01       5.56418e-01
   19  1.90e-04      7.42200e-01       2.95255e-01       5.93218e-01
   20  2.00e-04      8.04045e-01       2.93341e-01       6.33810e-01
   21  2.10e-04      8.31105e-01       3.14450e-01       6.58886e-01
   22  2.20e-04      8.73663e-01       3.47678e-01       6.98335e-01
   23  2.30e-04      9.16883e-01       3.07784e-01       7.13850e-01
   24  2.40e-04      9.40199e-01       3.26982e-01       7.35794e-01
   25  2.50e-04      9.65402e-01       2.90144e-01       7.40316e-01
   26  2.60e-04      9.93301e-01       3.33908e-01       7.73503e-01
   27  2.70e-04      1.03699e+00       2.17966e-01       7.63979e-01
   28  2.80e-04      1.05540e+00       2.70260e-01       7.93684e-01
   29  2.90e-04      1.07330e+00       2.61531e-01       8.02714e-01
   30  3.00e-04      1.11732e+00       3.35439e-01       8.56690e-01
   31  3.10e-04      1.15490e+00       2.82078e-01       8.63961e-01
   32  3.20e-04      1.20115e+00       2.09980e-01       8.70759e-01
   33  3.30e-04      1.24186e+00       3.25547e-01       9.36422e-01
   34  3.40e-04      1.27221e+00       2.98828e-01       9.47747e-01
   35  3.50e-04      1.28123e+00       2.87654e-01       9.50040e-01
   36  3.60e-04      1.33744e+00       2.70767e-01       9.81885e-01
   37  3.70e-04      1.41566e+00       2.81982e-01       1.03777e+00
   38  3.80e-04      1.44612e+00       3.63634e-01       1.08529e+00
   39  3.90e-04      1.48575e+00       3.00804e-01       1.09077e+00
   40  4.00e-04      1.52356e+00       2.96149e-01       1.11442e+00
   41  4.10e-04      1.49910e+00       3.29005e-01       1.10907e+00
   42  4.20e-04      1.54057e+00       3.39525e-01       1.14022e+00
   43  4.30e-04      1.52851e+00       3.59428e-01       1.13882e+00
   44  4.40e-04      1.59189e+00       3.58034e-01       1.18060e+00
   45  4.50e-04      1.58886e+00       3.32977e-01       1.17024e+00
   46  4.60e-04      1.62112e+00       3.52100e-01       1.19812e+00
   47  4.70e-04      1.62223e+00       3.07248e-01       1.18390e+00
   48  4.80e-04      1.69391e+00       2.95010e-01       1.22761e+00
   49  4.90e-04      1.78972e+00       2.59887e-01       1.27978e+00
   50  5.00e-04      1.80317e+00       2.80680e-01       1.29568e+00
   51  5.10e-04      1.84977e+00       2.55348e-01       1.31829e+00
   52  5.20e-04      1.90489e+00       3.42006e-01       1.38393e+00
   53  5.30e-04      1.94843e+00       3.39731e-01       1.41220e+00
   54  5.40e-04      2.00709e+00       3.21202e-01       1.44513e+00
   55  5.50e-04      2.04955e+00       3.08797e-01       1.46930e+00
   56  5.60e-04      2.11077e+00       3.39639e-01       1.52039e+00
   57  5.70e-04      2.17500e+00       2.77970e-01       1.54265e+00
   58  5.80e-04      2.23321e+00       3.17410e-01       1.59461e+00
   59  5.90e-04      2.25845e+00       3.28340e-01       1.61508e+00
   60  6.00e-04      2.33114e+00       2.96351e-01       1.65288e+00
   61  6.10e-04      2.37114e+00       3.13238e-01       1.68517e+00
   62  6.20e-04      2.39390e+00       3.11787e-01       1.69986e+00
   63  6.30e-04      2.41492e+00       3.07604e-01       1.71248e+00
   64  6.40e-04      2.53732e+00       2.96296e-01       1.79031e+00
   65  6.50e-04      2.50778e+00       2.87278e-01       1.76761e+00
   66  6.60e-04      2.44523e+00       2.98131e-01       1.72953e+00
   67  6.70e-04      2.50696e+00       3.60455e-01       1.79146e+00
   68  6.80e-04      2.53668e+00       3.12115e-01       1.79516e+00
   69  6.90e-04      2.54079e+00       3.24430e-01       1.80200e+00
   70  7.00e-04      2.61045e+00       2.93473e-01       1.83813e+00
   71  7.10e-04      2.68074e+00       2.60886e-01       1.87412e+00
   72  7.20e-04      2.75263e+00       3.00044e-01       1.93510e+00
   73  7.30e-04      2.83300e+00       3.28975e-01       1.99832e+00
   74  7.40e-04      2.86343e+00       2.65852e-01       1.99757e+00
   75  7.50e-04      2.88645e+00       2.36693e-01       2.00320e+00
   76  7.60e-04      2.91304e+00       2.88272e-01       2.03812e+00
   77  7.70e-04      2.91573e+00       2.78251e-01       2.03657e+00
   78  7.80e-04      2.99593e+00       2.64383e-01       2.08541e+00
   79  7.90e-04      3.09276e+00       2.88774e-01       2.15810e+00
   80  8.00e-04      3.11844e+00       2.99119e-01       2.17867e+00
   81  8.10e-04      3.19633e+00       2.98445e-01       2.23037e+00
   82  8.20e-04      3.25350e+00       3.38490e-01       2.28183e+00
   83  8.30e-04      3.25902e+00       2.61747e-01       2.25993e+00
   84  8.40e-04      3.31605e+00       2.85678e-01       2.30592e+00
   85  8.50e-04      3.37549e+00       3.10171e-01       2.35372e+00
   86  8.60e-04      3.35697e+00       2.86269e-01       2.33340e+00
   87  8.70e-04      3.37050e+00       2.53027e-01       2.33134e+00
   88  8.80e-04      3.31353e+00       3.12581e-01       2.31321e+00
   89  8.90e-04      3.39594e+00       2.99551e-01       2.36381e+00
   90  9.00e-04      3.41624e+00       2.65981e-01       2.36616e+00
   91  9.10e-04      3.47519e+00       2.87631e-01       2.41267e+00
   92  9.20e-04      3.51523e+00       2.83164e-01       2.43787e+00
   93  9.30e-04      3.55295e+00       2.98923e-01       2.46828e+00
   94  9.40e-04      3.61808e+00       2.84359e-01       2.50684e+00
   95  9.50e-04      3.67304e+00       3.00880e-01       2.54899e+00
   96  9.60e-04      3.75065e+00       2.90893e-01       2.59740e+00
   97  9.70e-04      3.83526e+00       3.24075e-01       2.66486e+00
   98  9.80e-04      3.87546e+00       2.94233e-01       2.68172e+00
   99  9.90e-04      3.87710e+00       2.33737e-01       2.66265e+00
  100  1.00e-03      3.88794e+00       2.75845e-01       2.68391e+00
  101  1.01e-03      4.00078e+00       3.22117e-01       2.77456e+00
  102  1.02e-03      4.02764e+00       3.74408e-01       2.80990e+00
  103  1.03e-03      4.10124e+00       2.89206e-01       2.83056e+00
  104  1.04e-03      4.15472e+00       3.59149e-01       2.88953e+00
  105  1.05e-03      4.16735e+00       3.00965e-01       2.87856e+00
  106  1.06e-03      4.19554e+00       3.33274e-01       2.90812e+00
  107  1.07e-03      4.14607e+00       3.41705e-01       2.87795e+00
  108  1.08e-03      4.17404e+00       3.10307e-01       2.88613e+00
  109  1.09e-03      4.24197e+00       3.39704e-01       2.94121e+00
  110  1.10e-03      4.31283e+00       3.24502e-01       2.98339e+00
  111  1.11e-03      4.34776e+00       2.79885e-01       2.99180e+00
  112  1.12e-03      4.35701e+00       2.93435e-01       3.00248e+00
  113  1.13e-03      4.45524e+00       3.29610e-01       3.08003e+00
  114  1.14e-03      4.48252e+00       3.11551e-01       3.09219e+00
  115  1.15e-03      4.47987e+00       2.66484e-01       3.07541e+00
  116  1.16e-03      4.56174e+00       2.94143e-01       3.13921e+00
  117  1.17e-03      4.59142e+00       2.57764e-01       3.14687e+00
  118  1.18e-03      4.60523e+00       3.05552e-01       3.17200e+00
  119  1.19e-03      4.70594e+00       2.67225e-01       3.22637e+00
  120  1.20e-03      4.71117e+00       3.09301e-01       3.24388e+00
  121  1.21e-03      4.77926e+00       2.43386e-01       3.26730e+00
  122  1.22e-03      4.85940e+00       2.76553e-01       3.33178e+00
  123  1.23e-03      4.90042e+00       2.83824e-01       3.36155e+00
  124  1.24e-03      4.93465e+00       2.65155e-01       3.37815e+00
  125  1.25e-03      4.99172e+00       2.93375e-01       3.42560e+00
  126  1.26e-03      5.04734e+00       3.14106e-01       3.46959e+00
  127  1.27e-03      5.10787e+00       2.33310e-01       3.48302e+00
  128  1.28e-03      5.10158e+00       2.46595e-01       3.48325e+00
  129  1.29e-03      5.15205e+00       2.39318e-01       3.51447e+00
  130  1.30e-03      5.23277e+00       2.33284e-01       3.56628e+00
  131  1.31e-03      5.26593e+00       2.05167e-01       3.57901e+00
  132  1.32e-03      5.37851e+00       2.53569e-01       3.67020e+00
  133  1.33e-03      5.34501e+00       2.76175e-01       3.65540e+00
  134  1.34e-03      5.46225e+00       2.26974e-01       3.71716e+00
  135  1.35e-03      5.51725e+00       2.70120e-01       3.76821e+00
  136  1.36e-03      5.62816e+00       2.79468e-01       3.84526e+00
  137  1.37e-03      5.59456e+00       2.79286e-01       3.82281e+00
  138  1.38e-03      5.66691e+00       3.21263e-01       3.88503e+00
  139  1.39e-03      5.72989e+00       2.69999e-01       3.90992e+00
  140  1.40e-03      5.70428e+00       2.89118e-01       3.89922e+00
  141  1.41e-03      5.64236e+00       2.90357e-01       3.85836e+00
  142  1.42e-03      5.62142e+00       2.82336e-01       3.84173e+00
  143  1.43e-03      5.72272e+00       2.85496e-01       3.91031e+00
  144  1.44e-03      5.76772e+00       3.58476e-01       3.96464e+00
  145  1.45e-03      5.85668e+00       3.31221e-01       4.01486e+00
  146  1.46e-03      5.87511e+00       3.25074e-01       4.02510e+00
  147  1.47e-03      5.85152e+00       2.82633e-01       3.99523e+00
  148  1.48e-03      5.90238e+00       3.08320e-01       4.03769e+00
  149  1.49e-03      5.93578e+00       3.41263e-01       4.07094e+00
  150  1.50e-03      5.95841e+00       2.92534e-01       4.06978e+00
  151  1.51e-03      5.95008e+00       3.21136e-01       4.07376e+00
  152  1.52e-03      5.90435e+00       3.09855e-01       4.03952e+00
  153  1.53e-03      6.02169e+00       3.82493e-01       4.14196e+00
  154  1.54e-03      6.04787e+00       3.22069e-01       4.13927e+00
  155  1.55e-03      6.08150e+00       2.98495e-01       4.15383e+00
  156  1.56e-03      5.95413e+00       3.18980e-01       4.07575e+00
  157  1.57e-03      6.11300e+00       3.14919e-01       4.18031e+00
  158  1.58e-03      6.16982e+00       3.01558e-01       4.21373e+00
  159  1.59e-03      6.26227e+00       3.28325e-01       4.28429e+00
  160  1.60e-03      6.20747e+00       3.36650e-01       4.25053e+00
  161  1.61e-03      6.20551e+00       3.41524e-01       4.25085e+00
  162  1.62e-03      6.12390e+00       2.78857e-01       4.17555e+00
  163  1.63e-03      6.23920e+00       3.13104e-01       4.26384e+00
  164  1.64e-03      6.25718e+00       2.92084e-01       4.26881e+00
  165  1.65e-03      6.31507e+00       2.97365e-01       4.30917e+00
  166  1.66e-03      6.43857e+00       3.35121e-01       4.40409e+00
  167  1.67e-03      6.54799e+00       3.11200e-01       4.46906e+00
  168  1.68e-03      6.66326e+00       3.43412e-01       4.55664e+00
  169  1.69e-03      6.75580e+00       3.18824e-01       4.61014e+00
  170  1.70e-03      6.81342e+00       3.17003e-01       4.64795e+00
  171  1.71e-03      6.83521e+00       2.85611e-01       4.65201e+00
  172  1.72e-03      6.87929e+00       3.34341e-01       4.69764e+00
  173  1.73e-03      6.78896e+00       3.36869e-01       4.63826e+00
  174  1.74e-03      6.86542e+00       2.71770e-01       4.66754e+00
  175  1.75e-03      6.86810e+00       2.96031e-01       4.67741e+00
  176  1.76e-03      6.85239e+00       2.65600e-01       4.65680e+00
  177  1.77e-03      6.91764e+00       2.68390e-01       4.70123e+00
  178  1.78e-03      6.97799e+00       2.89997e-01       4.74866e+00
  179  1.79e-03      6.92939e+00       2.89756e-01       4.71618e+00
  180  1.80e-03      6.92509e+00       3.13923e-01       4.72136e+00
  181  1.81e-03      6.96478e+00       3.46264e-01       4.75861e+00
  182  1.82e-03      6.99375e+00       2.77616e-01       4.75504e+00
  183  1.83e-03      6.98067e+00       2.36564e-01       4.73263e+00
  184  1.84e-03      7.05594e+00       3.10328e-01       4.80740e+00
  185  1.85e-03      7.12561e+00       3.12385e-01       4.85453e+00
  186  1.86e-03      7.09652e+00       2.99860e-01       4.83096e+00
  187  1.87e-03      7.01092e+00       2.91851e-01       4.77123e+00
  188  1.88e-03      7.19070e+00       2.99074e-01       4.89349e+00
  189  1.89e-03      7.23213e+00       2.73693e-01       4.91265e+00
  190  1.90e-03      7.26942e+00       2.44922e-01       4.92792e+00
  191  1.91e-03      7.18695e+00       2.39374e-01       4.87109e+00
  192  1.92e-03      7.17209e+00       2.53778e-01       4.86599e+00
  193  1.93e-03      7.22152e+00       2.56864e-01       4.89997e+00
  194  1.94e-03      7.30124e+00       3.34276e-01       4.97892e+00
  195  1.95e-03      7.25739e+00       3.31267e-01       4.94868e+00
  196  1.96e-03      7.25061e+00       3.00364e-01       4.93386e+00
  197  1.97e-03      7.46162e+00       3.12186e-01       5.07848e+00
  198  1.98e-03      7.51040e+00       3.28080e-01       5.11630e+00
  199  1.99e-03      7.49689e+00       3.11996e-01       5.10193e+00
  200  2.00e-03      7.53800e+00       2.58599e-01       5.11153e+00
  201  2.01e-03      7.63344e+00       3.08075e-01       5.19165e+00
  202  2.02e-03      7.71697e+00       3.08868e-01       5.24761e+00
  203  2.03e-03      7.91571e+00       2.69270e-01       5.36689e+00
  204  2.04e-03      7.84312e+00       3.40278e-01       5.34217e+00
  205  2.05e-03      7.91951e+00       3.26296e-01       5.38844e+00
  206  2.06e-03      7.96922e+00       2.82425e-01       5.40695e+00
  207  2.07e-03      8.02006e+00       3.23963e-01       5.45469e+00
  208  2.08e-03      8.05247e+00       2.95217e-01       5.46672e+00
  209  2.09e-03      8.08406e+00       2.92533e-01       5.48688e+00
  210  2.10e-03      8.09389e+00       3.56619e-01       5.51480e+00
  211  2.11e-03      8.13645e+00       2.94015e-01       5.52231e+00
  212  2.12e-03      8.08570e+00       3.00661e-01       5.49069e+00
  213  2.13e-03      8.16354e+00       3.14375e-01       5.54715e+00
  214  2.14e-03      8.12589e+00       2.93427e-01       5.51507e+00
  215  2.15e-03      8.20920e+00       2.81171e-01       5.56652e+00
  216  2.16e-03      8.27136e+00       2.81648e-01       5.60812e+00
  217  2.17e-03      8.25024e+00       2.33899e-01       5.57813e+00
  218  2.18e-03      8.19123e+00       2.42044e-01       5.54150e+00
  219  2.19e-03      8.29430e+00       3.39491e-01       5.64270e+00
  220  2.20e-03      8.27428e+00       2.90586e-01       5.61305e+00
  221  2.21e-03      8.34111e+00       3.14807e-01       5.66568e+00
  222  2.22e-03      8.28367e+00       2.91683e-01       5.61968e+00
  223  2.23e-03      8.34912e+00       2.64675e-01       5.65431e+00
  224  2.24e-03      8.32709e+00       2.43921e-01       5.63270e+00
  225  2.25e-03      8.23795e+00       2.59672e-01       5.57853e+00
  226  2.26e-03      8.24472e+00       3.07110e-01       5.59885e+00
  227  2.27e-03      8.32078e+00       3.26654e-01       5.65607e+00
  228  2.28e-03      8.26672e+00       2.99495e-01       5.61098e+00
  229  2.29e-03      8.29767e+00       3.11469e-01       5.63561e+00
  230  2.30e-03      8.37223e+00       3.51838e-01       5.69876e+00
  231  2.31e-03      8.43455e+00       3.02627e-01       5.72391e+00
  232  2.32e-03      8.60575e+00       2.76341e-01       5.82928e+00
  233  2.33e-03      8.62572e+00       3.06722e-01       5.85272e+00
  234  2.34e-03      8.65089e+00       2.55010e-01       5.85226e+00
  235  2.35e-03      8.70272e+00       2.69966e-01       5.89180e+00
  236  2.36e-03      8.49412e+00       2.60091e-01       5.74944e+00
  237  2.37e-03      8.69167e+00       2.61517e-01       5.88162e+00
  238  2.38e-03      8.60703e+00       2.07964e-01       5.80734e+00
  239  2.39e-03      8.63821e+00       2.24576e-01       5.83367e+00
  240  2.40e-03      8.70744e+00       2.52424e-01       5.88910e+00
  241  2.41e-03      8.89040e+00       2.23527e-01       6.00144e+00
  242  2.42e-03      8.89074e+00       2.42117e-01       6.00787e+00
  243  2.43e-03      8.89490e+00       2.63343e-01       6.01771e+00
  244  2.44e-03      8.95428e+00       2.28128e-01       6.04556e+00
  245  2.45e-03      8.91495e+00       2.72605e-01       6.03417e+00
  246  2.46e-03      8.93367e+00       2.48742e-01       6.03869e+00
  247  2.47e-03      8.99462e+00       2.35810e-01       6.07502e+00
  248  2.48e-03      9.10493e+00       2.71852e-01       6.16057e+00
  249  2.49e-03      9.02585e+00       2.24990e-01       6.09223e+00
  250  2.50e-03      9.02111e+00       2.74768e-01       6.10566e+00
  251  2.51e-03      9.16009e+00       3.31668e-01       6.21728e+00
  252  2.52e-03      9.20173e+00       2.98654e-01       6.23404e+00
  253  2.53e-03      9.12771e+00       3.07922e-01       6.18778e+00
  254  2.54e-03      9.23123e+00       3.26892e-01       6.26312e+00
  255  2.55e-03      9.18400e+00       3.23261e-01       6.23042e+00
  256  2.56e-03      8.98621e+00       3.05857e-01       6.09276e+00
  257  2.57e-03      9.05937e+00       3.53777e-01       6.15751e+00
  258  2.58e-03      9.16837e+00       3.20687e-01       6.21914e+00
  259  2.59e-03      9.27448e+00       2.59705e-01       6.26955e+00
  260  2.60e-03      9.37522e+00       2.97214e-01       6.34921e+00
  261  2.61e-03      9.52827e+00       2.99897e-01       6.45215e+00
  262  2.62e-03      9.54679e+00       2.51635e-01       6.44840e+00
  263  2.63e-03      9.50356e+00       2.42629e-01       6.41658e+00
  264  2.64e-03      9.46137e+00       2.77909e-01       6.40022e+00
  265  2.65e-03      9.49770e+00       2.76008e-01       6.42381e+00
  266  2.66e-03      9.51416e+00       3.01158e-01       6.44316e+00
  267  2.67e-03      9.50592e+00       2.53143e-01       6.42166e+00
  268  2.68e-03      9.50118e+00       3.59592e-01       6.45398e+00
  269  2.69e-03      9.47265e+00       2.54862e-01       6.40005e+00
  270  2.70e-03      9.50432e+00       2.73820e-01       6.42749e+00
  271  2.71e-03      9.58447e+00       2.51955e-01       6.47363e+00
  272  2.72e-03      9.57821e+00       2.36263e-01       6.46423e+00
  273  2.73e-03      9.69663e+00       2.47114e-01       6.54679e+00
  274  2.74e-03      9.67319e+00       2.78574e-01       6.54165e+00
  275  2.75e-03      9.83324e+00       2.20744e-01       6.62908e+00
  276  2.76e-03      9.89940e+00       2.89083e-01       6.69596e+00
  277  2.77e-03      1.00744e+01       2.85144e-01       6.81130e+00
  278  2.78e-03      1.00493e+01       2.54133e-01       6.78422e+00
  279  2.79e-03      1.01082e+01       2.61369e-01       6.82591e+00
  280  2.80e-03      1.01678e+01       2.45175e-01       6.86029e+00
  281  2.81e-03      1.02146e+01       2.92820e-01       6.90732e+00
  282  2.82e-03      1.01423e+01       2.63964e-01       6.84955e+00
  283  2.83e-03      1.02302e+01       2.58165e-01       6.90617e+00
  284  2.84e-03      1.03581e+01       3.23236e-01       7.01312e+00
  285  2.85e-03      1.02881e+01       3.16986e-01       6.96443e+00
  286  2.86e-03      1.05097e+01       2.86125e-01       7.10187e+00
  287  2.87e-03      1.06551e+01       2.49289e-01       7.18652e+00
  288  2.88e-03      1.07048e+01       3.23252e-01       7.24428e+00
  289  2.89e-03      1.08119e+01       3.19247e-01       7.31434e+00
  290  2.90e-03      1.08819e+01       2.79311e-01       7.34767e+00
  291  2.91e-03      1.09168e+01       3.03013e-01       7.37889e+00
  292  2.92e-03      1.08620e+01       3.11761e-01       7.34526e+00
  293  2.93e-03      1.10440e+01       3.18857e-01       7.46896e+00
  294  2.94e-03      1.10658e+01       3.18192e-01       7.48330e+00
  295  2.95e-03      1.11749e+01       3.06353e-01       7.55203e+00
  296  2.96e-03      1.12639e+01       2.89893e-01       7.60590e+00
  297  2.97e-03      1.13372e+01       3.39073e-01       7.67119e+00
  298  2.98e-03      1.12891e+01       2.90010e-01       7.62275e+00
  299  2.99e-03      1.13428e+01       3.29371e-01       7.67167e+00
  300  3.00e-03      1.13960e+01       3.13278e-01       7.70179e+00
  301  3.01e-03      1.13678e+01       2.82889e-01       7.67280e+00
  302  3.02e-03      1.14402e+01       2.84969e-01       7.72180e+00
  303  3.03e-03      1.13778e+01       3.07160e-01       7.68762e+00
  304  3.04e-03      1.14945e+01       3.13449e-01       7.76746e+00
  305  3.05e-03      1.14419e+01       3.70317e-01       7.75138e+00
  306  3.06e-03      1.15554e+01       2.85798e-01       7.79888e+00
  307  3.07e-03      1.15985e+01       3.43003e-01       7.84666e+00
  308  3.08e-03      1.15658e+01       2.65537e-01       7.79905e+00
  309  3.09e-03      1.15164e+01       3.12345e-01       7.78170e+00
  310  3.10e-03      1.15441e+01       2.64398e-01       7.78422e+00
  311  3.11e-03      1.16005e+01       2.76940e-01       7.82601e+00
  312  3.12e-03      1.16019e+01       3.33241e-01       7.84571e+00
  313  3.13e-03      1.16975e+01       3.08021e-01       7.90100e+00
  314  3.14e-03      1.17264e+01       3.20418e-01       7.92439e+00
  315  3.15e-03      1.17045e+01       3.16953e-01       7.90866e+00
  316  3.16e-03      1.17496e+01       3.01262e-01       7.93347e+00
  317  3.17e-03      1.17771e+01       2.90900e-01       7.94835e+00
  318  3.18e-03      1.17613e+01       2.88782e-01       7.93710e+00
  319  3.19e-03      1.17525e+01       3.00180e-01       7.93504e+00
  320  3.20e-03      1.17375e+01       3.37051e-01       7.93732e+00
  321  3.21e-03      1.16653e+01       2.94269e-01       7.87498e+00
  322  3.22e-03      1.16984e+01       3.30502e-01       7.90907e+00
  323  3.23e-03      1.17505e+01       3.63894e-01       7.95496e+00
  324  3.24e-03      1.18568e+01       3.25241e-01       8.01294e+00
  325  3.25e-03      1.19086e+01       2.72160e-01       8.02981e+00
  326  3.26e-03      1.20441e+01       3.05128e-01       8.13114e+00
  327  3.27e-03      1.20700e+01       3.59306e-01       8.16643e+00
  328  3.28e-03      1.21054e+01       3.15202e-01       8.17537e+00
  329  3.29e-03      1.21242e+01       3.33271e-01       8.19388e+00
  330  3.30e-03      1.20039e+01       3.35033e-01       8.11427e+00
  331  3.31e-03      1.21208e+01       3.71976e-01       8.20450e+00
  332  3.32e-03      1.21534e+01       2.82939e-01       8.19655e+00
  333  3.33e-03      1.24211e+01       3.09972e-01       8.38405e+00
  334  3.34e-03      1.25456e+01       3.33597e-01       8.47494e+00
  335  3.35e-03      1.27391e+01       3.27736e-01       8.60195e+00
  336  3.36e-03      1.27735e+01       3.00784e-01       8.61594e+00
  337  3.37e-03      1.28908e+01       3.27385e-01       8.70303e+00
  338  3.38e-03      1.30715e+01       3.05585e-01       8.81619e+00
  339  3.39e-03      1.30310e+01       3.54563e-01       8.80555e+00
  340  3.40e-03      1.31347e+01       3.06913e-01       8.85875e+00
  341  3.41e-03      1.29784e+01       3.99305e-01       8.78539e+00
  342  3.42e-03      1.30851e+01       3.54459e-01       8.84153e+00
  343  3.43e-03      1.30717e+01       3.68163e-01       8.83721e+00
  344  3.44e-03      1.31328e+01       3.22645e-01       8.86277e+00
  345  3.45e-03      1.31018e+01       3.33385e-01       8.84569e+00
  346  3.46e-03      1.31786e+01       2.82080e-01       8.87974e+00
  347  3.47e-03      1.30259e+01       3.09940e-01       8.78727e+00
  348  3.48e-03      1.31144e+01       2.95950e-01       8.84158e+00
  349  3.49e-03      1.32662e+01       2.23075e-01       8.91847e+00
  350  3.50e-03      1.32824e+01       2.52146e-01       8.93896e+00
  351  3.51e-03      1.35463e+01       2.55734e-01       9.11610e+00
  352  3.52e-03      1.36674e+01       3.35665e-01       9.22351e+00
  353  3.53e-03      1.37104e+01       2.30606e-01       9.21715e+00
  354  3.54e-03      1.37621e+01       2.74241e-01       9.26612e+00
  355  3.55e-03      1.38308e+01       2.81518e-01       9.31435e+00
  356  3.56e-03      1.38184e+01       2.99616e-01       9.31214e+00
  357  3.57e-03      1.38350e+01       2.48911e-01       9.30630e+00
  358  3.58e-03      1.38483e+01       2.66346e-01       9.32098e+00
  359  3.59e-03      1.38207e+01       2.43222e-01       9.29489e+00
  360  3.60e-03      1.39787e+01       2.68915e-01       9.40875e+00
  361  3.61e-03      1.39812e+01       2.40173e-01       9.40083e+00
  362  3.62e-03      1.39596e+01       2.59550e-01       9.39293e+00
  363  3.63e-03      1.38972e+01       2.34719e-01       9.34303e+00
  364  3.64e-03      1.39737e+01       2.70112e-01       9.40587e+00
  365  3.65e-03      1.38709e+01       3.27679e-01       9.35651e+00
  366  3.66e-03      1.39141e+01       3.07930e-01       9.37871e+00
  367  3.67e-03      1.40259e+01       2.89624e-01       9.44712e+00
  368  3.68e-03      1.39080e+01       3.51840e-01       9.38931e+00
  369  3.69e-03      1.40508e+01       3.33398e-01       9.47834e+00
  370  3.70e-03      1.41590e+01       2.68024e-01       9.52866e+00
  371  3.71e-03      1.43921e+01       3.14967e-01       9.69974e+00
  372  3.72e-03      1.43005e+01       2.94294e-01       9.63179e+00
  373  3.73e-03      1.44311e+01       2.39846e-01       9.70069e+00
  374  3.74e-03      1.45525e+01       3.23553e-01       9.80951e+00
  375  3.75e-03      1.44932e+01       2.73536e-01       9.75330e+00
  376  3.76e-03      1.46604e+01       2.97085e-01       9.87260e+00
  377  3.77e-03      1.46663e+01       3.48149e-01       9.89358e+00
  378  3.78e-03      1.47432e+01       3.41217e-01       9.94252e+00
  379  3.79e-03      1.46327e+01       3.01405e-01       9.85563e+00
  380  3.80e-03      1.46022e+01       2.81337e-01       9.82855e+00
  381  3.81e-03      1.47954e+01       3.48439e-01       9.97976e+00
  382  3.82e-03      1.50238e+01       3.40594e-01       1.01294e+01
  383  3.83e-03      1.49661e+01       2.58320e-01       1.00635e+01
  384  3.84e-03      1.51705e+01       3.08864e-01       1.02166e+01
  385  3.85e-03      1.51834e+01       2.88448e-01       1.02184e+01
  386  3.86e-03      1.51893e+01       2.57297e-01       1.02119e+01
  387  3.87e-03      1.52867e+01       3.06216e-01       1.02932e+01
  388  3.88e-03      1.53908e+01       2.78309e-01       1.03533e+01
  389  3.89e-03      1.54358e+01       3.16352e-01       1.03960e+01
  390  3.90e-03      1.54654e+01       2.44829e-01       1.03919e+01
  391  3.91e-03      1.56354e+01       2.63025e-01       1.05113e+01
  392  3.92e-03      1.56091e+01       2.85110e-01       1.05011e+01
  393  3.93e-03      1.56905e+01       2.85104e-01       1.05553e+01
  394  3.94e-03      1.57181e+01       3.07069e-01       1.05811e+01
  395  3.95e-03      1.57717e+01       2.60587e-01       1.06013e+01
  396  3.96e-03      1.58753e+01       2.45128e-01       1.06653e+01
  397  3.97e-03      1.57443e+01       2.98478e-01       1.05957e+01
  398  3.98e-03      1.58397e+01       2.99079e-01       1.06595e+01
  399  3.99e-03      1.56795e+01       3.53719e-01       1.05709e+01
  400  4.00e-03      1.57589e+01       3.31244e-01       1.06163e+01
  401  4.01e-03      1.57449e+01       3.06713e-01       1.05988e+01
  402  4.02e-03      1.59234e+01       3.53930e-01       1.07336e+01
  403  4.03e-03      1.60144e+01       3.19255e-01       1.07827e+01
  404  4.04e-03      1.60129e+01       3.04285e-01       1.07767e+01
  405  4.05e-03      1.60996e+01       2.90184e-01       1.08298e+01
  406  4.06e-03      1.60742e+01       2.71858e-01       1.08068e+01
  407  4.07e-03      1.61548e+01       3.15157e-01       1.08749e+01
  408  4.08e-03      1.61506e+01       2.93136e-01       1.08648e+01
  409  4.09e-03      1.62497e+01       3.06864e-01       1.09354e+01
  410  4.10e-03      1.62316e+01       3.24633e-01       1.09293e+01
  411  4.11e-03      1.63885e+01       2.95065e-01       1.10240e+01
  412  4.12e-03      1.61479e+01       2.93066e-01       1.08630e+01
  413  4.13e-03      1.61065e+01       2.76177e-01       1.08298e+01
  414  4.14e-03      1.60744e+01       3.10142e-01       1.08197e+01
  415  4.15e-03      1.61508e+01       3.30440e-01       1.08774e+01
  416  4.16e-03      1.62595e+01       3.08630e-01       1.09426e+01
  417  4.17e-03      1.61294e+01       3.03797e-01       1.08542e+01
  418  4.18e-03      1.59606e+01       2.51782e-01       1.07244e+01
  419  4.19e-03      1.58372e+01       2.70327e-01       1.06483e+01
  420  4.20e-03      1.58737e+01       3.14667e-01       1.06874e+01
  421  4.21e-03      1.58579e+01       3.33913e-01       1.06832e+01
  422  4.22e-03      1.59737e+01       3.24686e-01       1.07574e+01
  423  4.23e-03      1.60769e+01       2.99157e-01       1.08177e+01
  424  4.24e-03      1.60718e+01       3.21165e-01       1.08216e+01
  425  4.25e-03      1.61599e+01       3.06323e-01       1.08754e+01
  426  4.26e-03      1.62336e+01       3.29502e-01       1.09322e+01
  427  4.27e-03      1.64276e+01       3.16711e-01       1.10573e+01
  428  4.28e-03      1.62464e+01       2.35935e-01       1.09096e+01
  429  4.29e-03      1.64944e+01       3.18750e-01       1.11025e+01
  430  4.30e-03      1.63358e+01       3.38468e-01       1.10033e+01
  431  4.31e-03      1.63850e+01       3.16522e-01       1.10288e+01
  432  4.32e-03      1.62200e+01       3.19760e-01       1.09199e+01
  433  4.33e-03      1.62241e+01       3.04065e-01       1.09174e+01
  434  4.34e-03      1.64104e+01       2.87882e-01       1.10362e+01
  435  4.35e-03      1.64509e+01       3.45031e-01       1.10823e+01
  436  4.36e-03      1.65708e+01       2.95556e-01       1.11457e+01
  437  4.37e-03      1.64400e+01       2.90331e-01       1.10568e+01
  438  4.38e-03      1.66091e+01       2.76098e-01       1.11647e+01
  439  4.39e-03      1.65539e+01       2.98873e-01       1.11356e+01
  440  4.40e-03      1.68065e+01       2.98889e-01       1.13040e+01
  441  4.41e-03      1.66797e+01       2.72973e-01       1.12108e+01
  442  4.42e-03      1.67307e+01       2.95797e-01       1.12524e+01
  443  4.43e-03      1.67923e+01       3.55875e-01       1.13135e+01
  444  4.44e-03      1.68798e+01       2.85854e-01       1.13485e+01
  445  4.45e-03      1.69113e+01       3.92124e-01       1.14049e+01
  446  4.46e-03      1.69169e+01       3.35729e-01       1.13898e+01
  447  4.47e-03      1.70601e+01       3.15103e-01       1.14784e+01
  448  4.48e-03      1.70225e+01       3.18605e-01       1.14546e+01
  449  4.49e-03      1.73904e+01       2.78170e-01       1.16863e+01
  450  4.50e-03      1.71760e+01       2.98152e-01       1.15501e+01
  451  4.51e-03      1.73109e+01       2.55860e-01       1.16259e+01
  452  4.52e-03      1.73112e+01       2.87017e-01       1.16365e+01
  453  4.53e-03      1.74501e+01       3.37071e-01       1.17457e+01
  454  4.54e-03      1.75908e+01       2.99090e-01       1.18269e+01
  455  4.55e-03      1.74621e+01       2.82209e-01       1.17354e+01
  456  4.56e-03      1.75027e+01       3.58557e-01       1.17880e+01
  457  4.57e-03      1.73164e+01       3.35658e-01       1.16562e+01
  458  4.58e-03      1.74826e+01       3.12686e-01       1.17593e+01
  459  4.59e-03      1.72808e+01       3.25420e-01       1.16290e+01
  460  4.60e-03      1.73189e+01       3.05252e-01       1.16477e+01
  461  4.61e-03      1.74158e+01       2.78251e-01       1.17033e+01
  462  4.62e-03      1.74974e+01       2.64819e-01       1.17532e+01
  463  4.63e-03      1.74853e+01       2.75991e-01       1.17488e+01
  464  4.64e-03      1.73511e+01       2.54810e-01       1.16524e+01
  465  4.65e-03      1.74794e+01       2.51867e-01       1.17369e+01
  466  4.66e-03      1.73882e+01       2.84567e-01       1.16870e+01
  467  4.67e-03      1.77002e+01       2.67230e-01       1.18892e+01
  468  4.68e-03      1.75384e+01       2.53396e-01       1.17768e+01
  469  4.69e-03      1.77029e+01       2.64951e-01       1.18903e+01
  470  4.70e-03      1.78014e+01       2.87274e-01       1.19634e+01
  471  4.71e-03      1.77614e+01       2.67623e-01       1.19302e+01
  472  4.72e-03      1.76478e+01       3.34913e-01       1.18768e+01
  473  4.73e-03      1.75573e+01       3.06847e-01       1.18072e+01
  474  4.74e-03      1.76414e+01       3.77321e-01       1.18867e+01
  475  4.75e-03      1.73484e+01       2.96362e-01       1.16644e+01
  476  4.76e-03      1.75907e+01       3.82201e-01       1.18545e+01
  477  4.77e-03      1.76050e+01       3.55823e-01       1.18553e+01
  478  4.78e-03      1.77651e+01       3.07508e-01       1.19459e+01
  479  4.79e-03      1.76743e+01       3.18806e-01       1.18891e+01
  480  4.80e-03      1.77922e+01       3.17167e-01       1.19672e+01
  481  4.81e-03      1.79597e+01       3.35326e-01       1.20849e+01
  482  4.82e-03      1.78998e+01       3.57102e-01       1.20523e+01
  483  4.83e-03      1.79335e+01       3.41575e-01       1.20695e+01
  484  4.84e-03      1.78541e+01       3.07354e-01       1.20052e+01
  485  4.85e-03      1.81643e+01       3.31413e-01       1.22200e+01
  486  4.86e-03      1.81569e+01       3.26594e-01       1.22135e+01
  487  4.87e-03      1.81756e+01       3.20490e-01       1.22239e+01
  488  4.88e-03      1.81373e+01       3.71254e-01       1.22153e+01
  489  4.89e-03      1.83788e+01       2.77246e-01       1.23450e+01
  490  4.90e-03      1.84159e+01       3.20022e-01       1.23840e+01
  491  4.91e-03      1.82815e+01       3.60486e-01       1.23078e+01
  492  4.92e-03      1.81236e+01       3.47699e-01       1.21983e+01
  493  4.93e-03      1.79972e+01       3.01215e-01       1.20986e+01
  494  4.94e-03      1.83012e+01       3.46475e-01       1.23163e+01
  495  4.95e-03      1.81169e+01       3.24714e-01       1.21862e+01
  496  4.96e-03      1.83421e+01       2.98548e-01       1.23276e+01
  497  4.97e-03      1.83228e+01       3.31104e-01       1.23256e+01
  498  4.98e-03      1.83726e+01       2.99842e-01       1.23483e+01
  499  4.99e-03      1.83071e+01       3.70866e-01       1.23283e+01
  500  5.00e-03      1.83383e+01       3.21154e-01       1.23326e+01
  501  5.01e-03      1.83145e+01       3.89572e-01       1.23395e+01
  502  5.02e-03      1.82351e+01       3.47694e-01       1.22726e+01
  503  5.03e-03      1.83328e+01       3.77663e-01       1.23478e+01
  504  5.04e-03      1.83141e+01       3.65789e-01       1.23313e+01
  505  5.05e-03      1.86685e+01       3.36474e-01       1.25579e+01
  506  5.06e-03      1.87670e+01       3.14118e-01       1.26160e+01
  507  5.07e-03      1.89943e+01       3.01865e-01       1.27635e+01
  508  5.08e-03      1.90966e+01       3.08740e-01       1.28340e+01
  509  5.09e-03      1.91546e+01       2.76307e-01       1.28618e+01
  510  5.10e-03      1.93925e+01       2.96819e-01       1.30273e+01
  511  5.11e-03      1.94162e+01       2.77967e-01       1.30368e+01
  512  5.12e-03      1.95900e+01       2.57695e-01       1.31459e+01
  513  5.13e-03      1.93462e+01       3.49836e-01       1.30141e+01
  514  5.14e-03      1.93902e+01       2.85722e-01       1.30220e+01
  515  5.15e-03      1.93730e+01       2.70177e-01       1.30054e+01
  516  5.16e-03      1.94868e+01       3.34780e-01       1.31028e+01
  517  5.17e-03      1.95213e+01       2.34509e-01       1.30924e+01
  518  5.18e-03      1.94648e+01       3.21092e-01       1.30836e+01
  519  5.19e-03      1.96129e+01       3.09763e-01       1.31785e+01
  520  5.20e-03      1.93188e+01       2.90055e-01       1.29759e+01
  521  5.21e-03      1.95318e+01       3.56701e-01       1.31401e+01
  522  5.22e-03      1.92851e+01       3.26260e-01       1.29655e+01
  523  5.23e-03      1.92862e+01       3.23793e-01       1.29654e+01
  524  5.24e-03      1.91724e+01       3.58501e-01       1.29011e+01
  525  5.25e-03      1.95528e+01       3.33411e-01       1.31464e+01
  526  5.26e-03      1.94606e+01       2.62636e-01       1.30612e+01
  527  5.27e-03      1.96615e+01       3.18098e-01       1.32137e+01
  528  5.28e-03      1.97542e+01       3.15902e-01       1.32747e+01
  529  5.29e-03      1.97459e+01       2.95725e-01       1.32625e+01
  530  5.30e-03      2.00745e+01       2.61307e-01       1.34701e+01
  531  5.31e-03      1.98972e+01       2.59710e-01       1.33514e+01
  532  5.32e-03      2.02127e+01       2.21931e-01       1.35491e+01
  533  5.33e-03      2.01480e+01       3.19161e-01       1.35384e+01
  534  5.34e-03      2.04282e+01       2.50294e-01       1.37023e+01
  535  5.35e-03      2.02615e+01       2.65128e-01       1.35961e+01
  536  5.36e-03      2.03287e+01       3.44401e-01       1.36673e+01
  537  5.37e-03      2.03822e+01       2.88089e-01       1.36842e+01
  538  5.38e-03      2.03651e+01       2.93545e-01       1.36746e+01
  539  5.39e-03      2.03642e+01       3.51181e-01       1.36932e+01
  540  5.40e-03      2.02192e+01       2.61975e-01       1.35668e+01
  541  5.41e-03      2.05030e+01       3.11356e-01       1.37725e+01
  542  5.42e-03      2.04654e+01       2.86937e-01       1.37393e+01
  543  5.43e-03      2.07206e+01       3.38481e-01       1.39266e+01
  544  5.44e-03      2.06259e+01       3.28410e-01       1.38600e+01
  545  5.45e-03      2.05577e+01       3.19879e-01       1.38118e+01
  546  5.46e-03      2.06543e+01       3.04621e-01       1.38710e+01
  547  5.47e-03      2.06736e+01       3.42223e-01       1.38965e+01
  548  5.48e-03      2.08181e+01       2.99572e-01       1.39786e+01
  549  5.49e-03      2.07002e+01       3.08250e-01       1.39029e+01
  550  5.50e-03      2.12449e+01       3.20858e-01       1.42702e+01
  551  5.51e-03      2.09509e+01       3.55448e-01       1.40857e+01
  552  5.52e-03      2.12360e+01       4.03703e-01       1.42919e+01
  553  5.53e-03      2.12995e+01       3.07867e-01       1.43023e+01
  554  5.54e-03      2.15424e+01       3.06030e-01       1.44636e+01
  555  5.55e-03      2.15508e+01       3.18963e-01       1.44735e+01
  556  5.56e-03      2.16403e+01       3.16573e-01       1.45324e+01
  557  5.57e-03      2.16262e+01       3.45899e-01       1.45327e+01
  558  5.58e-03      2.15430e+01       3.17517e-01       1.44678e+01
  559  5.59e-03      2.16879e+01       2.72648e-01       1.45495e+01
  560  5.60e-03      2.14594e+01       3.40656e-01       1.44198e+01
  561  5.61e-03      2.16058e+01       3.11485e-01       1.45077e+01
  562  5.62e-03      2.14817e+01       2.75013e-01       1.44128e+01
  563  5.63e-03      2.15564e+01       2.46175e-01       1.44530e+01
  564  5.64e-03      2.15172e+01       2.98860e-01       1.44444e+01
  565  5.65e-03      2.15368e+01       3.17849e-01       1.44638e+01
  566  5.66e-03      2.17057e+01       2.99464e-01       1.45703e+01
  567  5.67e-03      2.13175e+01       2.43008e-01       1.42927e+01
  568  5.68e-03      2.16541e+01       2.91167e-01       1.45331e+01
  569  5.69e-03      2.15278e+01       2.47724e-01       1.44344e+01
  570  5.70e-03      2.18202e+01       2.99894e-01       1.46467e+01
  571  5.71e-03      2.16848e+01       2.66652e-01       1.45454e+01
  572  5.72e-03      2.20282e+01       2.86258e-01       1.47809e+01
  573  5.73e-03      2.18966e+01       2.77843e-01       1.46904e+01
  574  5.74e-03      2.20483e+01       3.24157e-01       1.48069e+01
  575  5.75e-03      2.23716e+01       2.59246e-01       1.50008e+01
  576  5.76e-03      2.22657e+01       3.38855e-01       1.49568e+01
  577  5.77e-03      2.24811e+01       3.05191e-01       1.50892e+01
  578  5.78e-03      2.24497e+01       3.22107e-01       1.50738e+01
  579  5.79e-03      2.25350e+01       3.12459e-01       1.51275e+01
  580  5.80e-03      2.23733e+01       3.04206e-01       1.50169e+01
  581  5.81e-03      2.25275e+01       3.33672e-01       1.51295e+01
  582  5.82e-03      2.23680e+01       2.95880e-01       1.50106e+01
  583  5.83e-03      2.24382e+01       3.48735e-01       1.50750e+01
  584  5.84e-03      2.25337e+01       3.32546e-01       1.51333e+01
  585  5.85e-03      2.24230e+01       3.01454e-01       1.50491e+01
  586  5.86e-03      2.24884e+01       3.26659e-01       1.51012e+01
  587  5.87e-03      2.22851e+01       2.74725e-01       1.49483e+01
  588  5.88e-03      2.25313e+01       2.74189e-01       1.51123e+01
  589  5.89e-03      2.23643e+01       3.16851e-01       1.50151e+01
  590  5.90e-03      2.25949e+01       3.03735e-01       1.51645e+01
  591  5.91e-03      2.22985e+01       2.73206e-01       1.49568e+01
  592  5.92e-03      2.24675e+01       3.34924e-01       1.50900e+01
  593  5.93e-03      2.24498e+01       3.03992e-01       1.50679e+01
  594  5.94e-03      2.23830e+01       3.11435e-01       1.50258e+01
  595  5.95e-03      2.26513e+01       3.68263e-01       1.52236e+01
  596  5.96e-03      2.24169e+01       3.46236e-01       1.50600e+01
  597  5.97e-03      2.24639e+01       2.72598e-01       1.50668e+01
  598  5.98e-03      2.21315e+01       2.86714e-01       1.48499e+01
  599  5.99e-03      2.22671e+01       3.09359e-01       1.49479e+01
  600  6.00e-03      2.23570e+01       3.50948e-01       1.50217e+01
  601  6.01e-03      2.24031e+01       2.48258e-01       1.50182e+01
  602  6.02e-03      2.22776e+01       3.26359e-01       1.49605e+01
  603  6.03e-03      2.23527e+01       2.90440e-01       1.49986e+01
  604  6.04e-03      2.24183e+01       2.55061e-01       1.50306e+01
  605  6.05e-03      2.22821e+01       2.52048e-01       1.49387e+01
  606  6.06e-03      2.24786e+01       2.84095e-01       1.50804e+01
  607  6.07e-03      2.24378e+01       2.25088e-01       1.50335e+01
  608  6.08e-03      2.26870e+01       2.14638e-01       1.51962e+01
  609  6.09e-03      2.26107e+01       2.20642e-01       1.51473e+01
  610  6.10e-03      2.28599e+01       2.53402e-01       1.53244e+01
  611  6.11e-03      2.27213e+01       2.91019e-01       1.52446e+01
  612  6.12e-03      2.27757e+01       2.35815e-01       1.52624e+01
  613  6.13e-03      2.29977e+01       2.65230e-01       1.54202e+01
  614  6.14e-03      2.28423e+01       2.89608e-01       1.53247e+01
  615  6.15e-03      2.29009e+01       3.02363e-01       1.53681e+01
  616  6.16e-03      2.29546e+01       2.94165e-01       1.54011e+01
  617  6.17e-03      2.30690e+01       2.82670e-01       1.54736e+01
  618  6.18e-03      2.29267e+01       3.49693e-01       1.54010e+01
  619  6.19e-03      2.32077e+01       2.68231e-01       1.55612e+01
  620  6.20e-03      2.31360e+01       2.99236e-01       1.55237e+01
  621  6.21e-03      2.33589e+01       3.23955e-01       1.56806e+01
  622  6.22e-03      2.33649e+01       3.41042e-01       1.56903e+01
  623  6.23e-03      2.31300e+01       3.36188e-01       1.55321e+01
  624  6.24e-03      2.33801e+01       3.41422e-01       1.57005e+01
  625  6.25e-03      2.31391e+01       3.49450e-01       1.55426e+01
  626  6.26e-03      2.35053e+01       2.61087e-01       1.57572e+01
  627  6.27e-03      2.32401e+01       2.76102e-01       1.55854e+01
  628  6.28e-03      2.33319e+01       3.39725e-01       1.56678e+01
  629  6.29e-03      2.30832e+01       3.55848e-01       1.55074e+01
  630  6.30e-03      2.34160e+01       2.69494e-01       1.57005e+01
  631  6.31e-03      2.33661e+01       2.83538e-01       1.56719e+01
  632  6.32e-03      2.34694e+01       2.74397e-01       1.57378e+01
  633  6.33e-03      2.33746e+01       2.92191e-01       1.56805e+01
  634  6.34e-03      2.30441e+01       2.72386e-01       1.54536e+01
  635  6.35e-03      2.32674e+01       3.22494e-01       1.56191e+01
  636  6.36e-03      2.30714e+01       2.59263e-01       1.54674e+01
  637  6.37e-03      2.33057e+01       2.74626e-01       1.56287e+01
  638  6.38e-03      2.31772e+01       2.60509e-01       1.55383e+01
  639  6.39e-03      2.30593e+01       2.21570e-01       1.54467e+01
  640  6.40e-03      2.31990e+01       2.40360e-01       1.55461e+01
  641  6.41e-03      2.32341e+01       2.36302e-01       1.55682e+01
  642  6.42e-03      2.33904e+01       2.92408e-01       1.56911e+01
  643  6.43e-03      2.33367e+01       2.44058e-01       1.56392e+01
  644  6.44e-03      2.36541e+01       2.39661e-01       1.58493e+01
  645  6.45e-03      2.34220e+01       3.37513e-01       1.57272e+01
  646  6.46e-03      2.35112e+01       3.29166e-01       1.57839e+01
  647  6.47e-03      2.36316e+01       3.13457e-01       1.58589e+01
  648  6.48e-03      2.41331e+01       2.69110e-01       1.61784e+01
  649  6.49e-03      2.39735e+01       2.90734e-01       1.60792e+01
  650  6.50e-03      2.42342e+01       2.79143e-01       1.62491e+01
  651  6.51e-03      2.43915e+01       2.76921e-01       1.63533e+01
  652  6.52e-03      2.45947e+01       2.67490e-01       1.64857e+01
  653  6.53e-03      2.48241e+01       3.29036e-01       1.66590e+01
  654  6.54e-03      2.45383e+01       3.16192e-01       1.64643e+01
  655  6.55e-03      2.50430e+01       2.91200e-01       1.67924e+01
  656  6.56e-03      2.49854e+01       2.80522e-01       1.67504e+01
  657  6.57e-03      2.51367e+01       2.77287e-01       1.68502e+01
  658  6.58e-03      2.50371e+01       3.27389e-01       1.68005e+01
  659  6.59e-03      2.47583e+01       3.20157e-01       1.66123e+01
  660  6.60e-03      2.47305e+01       3.33316e-01       1.65981e+01
  661  6.61e-03      2.46184e+01       2.86783e-01       1.65079e+01
  662  6.62e-03      2.50510e+01       3.22822e-01       1.68083e+01
  663  6.63e-03      2.48567e+01       2.93496e-01       1.66690e+01
  664  6.64e-03      2.51134e+01       3.48935e-01       1.68586e+01
  665  6.65e-03      2.47864e+01       3.19715e-01       1.66309e+01
  666  6.66e-03      2.48858e+01       3.44096e-01       1.67052e+01
  667  6.67e-03      2.48837e+01       3.10311e-01       1.66926e+01
  668  6.68e-03      2.48055e+01       2.83397e-01       1.66314e+01
  669  6.69e-03      2.48279e+01       2.89166e-01       1.66483e+01
  670  6.70e-03      2.48392e+01       3.29828e-01       1.66694e+01
  671  6.71e-03      2.50869e+01       3.02809e-01       1.68255e+01
  672  6.72e-03      2.47664e+01       3.02815e-01       1.66119e+01
  673  6.73e-03      2.52161e+01       3.20843e-01       1.69177e+01
  674  6.74e-03      2.49397e+01       3.21912e-01       1.67338e+01
  675  6.75e-03      2.49613e+01       2.93984e-01       1.67389e+01
  676  6.76e-03      2.49373e+01       2.75276e-01       1.67166e+01
  677  6.77e-03      2.51973e+01       2.37637e-01       1.68774e+01
  678  6.78e-03      2.51070e+01       3.22712e-01       1.68456e+01
  679  6.79e-03      2.51462e+01       2.71158e-01       1.68545e+01
  680  6.80e-03      2.52015e+01       3.11267e-01       1.69047e+01
  681  6.81e-03      2.51491e+01       3.22653e-01       1.68736e+01
  682  6.82e-03      2.54367e+01       3.27009e-01       1.70668e+01
  683  6.83e-03      2.51516e+01       2.48669e-01       1.68506e+01
  684  6.84e-03      2.52535e+01       2.66731e-01       1.69246e+01
  685  6.85e-03      2.51002e+01       3.30385e-01       1.68436e+01
  686  6.86e-03      2.51548e+01       2.80305e-01       1.68633e+01
  687  6.87e-03      2.51652e+01       2.64717e-01       1.68651e+01
  688  6.88e-03      2.51761e+01       3.32950e-01       1.68950e+01
  689  6.89e-03      2.52086e+01       2.80978e-01       1.68994e+01
  690  6.90e-03      2.51790e+01       2.82975e-01       1.68803e+01
  691  6.91e-03      2.56265e+01       3.04080e-01       1.71857e+01
  692  6.92e-03      2.54084e+01       2.87361e-01       1.70347e+01
  693  6.93e-03      2.58727e+01       3.16490e-01       1.73540e+01
  694  6.94e-03      2.56326e+01       2.78203e-01       1.71811e+01
  695  6.95e-03      2.60460e+01       3.35830e-01       1.74760e+01
  696  6.96e-03      2.60683e+01       3.48420e-01       1.74950e+01
  697  6.97e-03      2.60767e+01       2.47947e-01       1.74671e+01
  698  6.98e-03      2.62507e+01       2.80342e-01       1.75939e+01
  699  6.99e-03      2.62520e+01       2.79279e-01       1.75944e+01
  700  7.00e-03      2.63741e+01       2.73977e-01       1.76741e+01
  701  7.01e-03      2.61602e+01       2.33699e-01       1.75180e+01
  702  7.02e-03      2.66535e+01       3.01356e-01       1.78694e+01
  703  7.03e-03      2.65201e+01       2.93004e-01       1.77777e+01
  704  7.04e-03      2.68619e+01       2.58530e-01       1.79941e+01
  705  7.05e-03      2.66528e+01       2.72745e-01       1.78594e+01
  706  7.06e-03      2.66388e+01       2.78131e-01       1.78519e+01
  707  7.07e-03      2.66749e+01       2.78333e-01       1.78761e+01
  708  7.08e-03      2.63922e+01       2.50112e-01       1.76781e+01
  709  7.09e-03      2.67353e+01       2.66199e-01       1.79123e+01
  710  7.10e-03      2.63806e+01       2.76269e-01       1.76791e+01
  711  7.11e-03      2.66208e+01       3.37465e-01       1.78597e+01
  712  7.12e-03      2.64291e+01       3.13959e-01       1.77240e+01
  713  7.13e-03      2.68032e+01       2.69452e-01       1.79586e+01
  714  7.14e-03      2.65695e+01       2.87620e-01       1.78089e+01
  715  7.15e-03      2.68175e+01       3.07925e-01       1.79810e+01
  716  7.16e-03      2.69436e+01       3.54935e-01       1.80807e+01
  717  7.17e-03      2.66586e+01       3.19183e-01       1.78788e+01
  718  7.18e-03      2.69241e+01       2.82758e-01       1.80437e+01
  719  7.19e-03      2.66674e+01       2.87849e-01       1.78742e+01
  720  7.20e-03      2.70120e+01       2.82543e-01       1.81022e+01
  721  7.21e-03      2.68320e+01       2.63730e-01       1.79759e+01
  722  7.22e-03      2.71997e+01       2.85104e-01       1.82282e+01
  723  7.23e-03      2.71664e+01       2.55959e-01       1.81963e+01
  724  7.24e-03      2.76034e+01       2.70341e-01       1.84924e+01
  725  7.25e-03      2.75665e+01       2.79108e-01       1.84707e+01
  726  7.26e-03      2.78258e+01       2.79704e-01       1.86438e+01
  727  7.27e-03      2.82531e+01       2.93267e-01       1.89332e+01
  728  7.28e-03      2.80444e+01       3.64758e-01       1.88179e+01
  729  7.29e-03      2.84410e+01       3.69562e-01       1.90839e+01
  730  7.30e-03      2.83474e+01       3.46863e-01       1.90139e+01
  731  7.31e-03      2.86839e+01       3.44506e-01       1.92374e+01
  732  7.32e-03      2.83800e+01       2.79370e-01       1.90131e+01
  733  7.33e-03      2.84882e+01       3.33093e-01       1.91032e+01
  734  7.34e-03      2.83065e+01       2.94809e-01       1.89692e+01
  735  7.35e-03      2.82901e+01       3.38144e-01       1.89728e+01
  736  7.36e-03      2.83632e+01       3.92163e-01       1.90395e+01
  737  7.37e-03      2.79809e+01       3.25087e-01       1.87623e+01
  738  7.38e-03      2.85302e+01       3.40838e-01       1.91338e+01
  739  7.39e-03      2.83534e+01       4.34263e-01       1.90470e+01
  740  7.40e-03      2.87150e+01       3.90931e-01       1.92736e+01
  741  7.41e-03      2.88668e+01       3.10697e-01       1.93481e+01
  742  7.42e-03      2.88912e+01       3.50071e-01       1.93775e+01
  743  7.43e-03      2.88243e+01       3.18045e-01       1.93222e+01
  744  7.44e-03      2.88960e+01       2.90974e-01       1.93610e+01
  745  7.45e-03      2.91297e+01       3.13715e-01       1.95244e+01
  746  7.46e-03      2.90605e+01       3.63842e-01       1.94950e+01
  747  7.47e-03      2.94194e+01       2.37170e-01       1.96920e+01
  748  7.48e-03      2.92701e+01       3.50233e-01       1.96301e+01
  749  7.49e-03      2.95957e+01       3.23514e-01       1.98383e+01
  750  7.50e-03      2.93162e+01       3.03507e-01       1.96453e+01
  751  7.51e-03      2.96451e+01       3.50381e-01       1.98802e+01
  752  7.52e-03      2.95050e+01       3.15257e-01       1.97751e+01
  753  7.53e-03      2.96196e+01       3.16391e-01       1.98519e+01
  754  7.54e-03      2.97210e+01       3.28592e-01       1.99235e+01
  755  7.55e-03      2.94044e+01       3.11784e-01       1.97068e+01
  756  7.56e-03      2.97848e+01       3.17103e-01       1.99622e+01
  757  7.57e-03      2.94749e+01       3.29685e-01       1.97598e+01
  758  7.58e-03      2.99716e+01       2.78418e-01       2.00739e+01
  759  7.59e-03      2.95683e+01       3.22270e-01       1.98197e+01
  760  7.60e-03      2.97348e+01       2.94709e-01       1.99214e+01
  761  7.61e-03      2.98651e+01       3.05689e-01       2.00120e+01
  762  7.62e-03      2.99536e+01       2.93352e-01       2.00668e+01
  763  7.63e-03      3.01895e+01       2.44106e-01       2.02077e+01
  764  7.64e-03      3.01213e+01       2.39880e-01       2.01608e+01
  765  7.65e-03      3.03861e+01       3.02517e-01       2.03582e+01
  766  7.66e-03      3.02091e+01       2.42573e-01       2.02202e+01
  767  7.67e-03      3.06384e+01       2.70377e-01       2.05158e+01
  768  7.68e-03      3.04507e+01       2.91159e-01       2.03976e+01
  769  7.69e-03      3.07043e+01       2.89645e-01       2.05661e+01
  770  7.70e-03      3.05024e+01       2.80380e-01       2.04284e+01
  771  7.71e-03      3.06621e+01       2.56589e-01       2.05269e+01
  772  7.72e-03      3.06388e+01       2.75393e-01       2.05177e+01
  773  7.73e-03      3.07993e+01       2.61843e-01       2.06201e+01
  774  7.74e-03      3.09422e+01       2.78813e-01       2.07211e+01
  775  7.75e-03      3.07343e+01       2.74203e-01       2.05810e+01
  776  7.76e-03      3.11044e+01       2.87018e-01       2.08319e+01
  777  7.77e-03      3.07313e+01       2.11305e-01       2.05579e+01
  778  7.78e-03      3.11064e+01       2.54305e-01       2.08224e+01
  779  7.79e-03      3.10466e+01       2.80691e-01       2.07913e+01
  780  7.80e-03      3.12186e+01       2.93875e-01       2.09104e+01
  781  7.81e-03      3.12125e+01       3.00634e-01       2.09086e+01
  782  7.82e-03      3.12135e+01       2.89799e-01       2.09056e+01
  783  7.83e-03      3.13576e+01       3.17302e-01       2.10108e+01
  784  7.84e-03      3.08452e+01       2.74432e-01       2.06549e+01
  785  7.85e-03      3.11854e+01       3.31738e-01       2.09008e+01
  786  7.86e-03      3.07926e+01       3.37486e-01       2.06409e+01
  787  7.87e-03      3.08916e+01       3.67755e-01       2.07170e+01
  788  7.88e-03      3.09403e+01       3.09358e-01       2.07300e+01
  789  7.89e-03      3.11727e+01       2.93171e-01       2.08795e+01
  790  7.90e-03      3.08817e+01       3.15567e-01       2.06930e+01
  791  7.91e-03      3.10806e+01       2.78343e-01       2.08132e+01
  792  7.92e-03      3.10786e+01       2.46391e-01       2.08012e+01
  793  7.93e-03      3.09709e+01       2.61736e-01       2.07345e+01
  794  7.94e-03      3.14233e+01       3.16913e-01       2.10545e+01
  795  7.95e-03      3.09621e+01       3.01674e-01       2.07419e+01
  796  7.96e-03      3.13627e+01       2.69274e-01       2.09983e+01
  797  7.97e-03      3.11755e+01       3.04274e-01       2.08851e+01
  798  7.98e-03      3.16055e+01       3.43812e-01       2.11850e+01
  799  7.99e-03      3.13946e+01       2.71764e-01       2.10203e+01
  800  8.00e-03      3.14611e+01       3.35753e-01       2.10860e+01
  801  8.01e-03      3.16104e+01       3.37655e-01       2.11862e+01
  802  8.02e-03      3.17178e+01       2.42248e-01       2.12260e+01
  803  8.03e-03      3.20853e+01       2.60823e-01       2.14771e+01
  804  8.04e-03      3.17810e+01       2.61090e-01       2.12743e+01
  805  8.05e-03      3.22726e+01       2.24535e-01       2.15899e+01
  806  8.06e-03      3.19151e+01       2.56382e-01       2.13622e+01
  807  8.07e-03      3.21009e+01       3.01801e-01       2.15012e+01
  808  8.08e-03      3.18725e+01       2.93270e-01       2.13461e+01
  809  8.09e-03      3.20429e+01       2.32403e-01       2.14394e+01
  810  8.10e-03      3.20013e+01       2.73055e-01       2.14252e+01
  811  8.11e-03      3.20358e+01       2.82027e-01       2.14512e+01
  812  8.12e-03      3.23564e+01       2.30864e-01       2.16479e+01
  813  8.13e-03      3.22198e+01       2.79535e-01       2.15731e+01
  814  8.14e-03      3.23838e+01       2.86541e-01       2.16847e+01
  815  8.15e-03      3.23241e+01       2.83325e-01       2.16438e+01
  816  8.16e-03      3.26229e+01       2.86678e-01       2.18442e+01
  817  8.17e-03      3.22378e+01       2.62710e-01       2.15794e+01
  818  8.18e-03      3.23268e+01       2.49598e-01       2.16344e+01
  819  8.19e-03      3.22932e+01       2.81437e-01       2.16226e+01
  820  8.20e-03      3.20390e+01       2.80913e-01       2.14530e+01
  821  8.21e-03      3.22859e+01       2.62706e-01       2.16115e+01
  822  8.22e-03      3.23279e+01       2.96262e-01       2.16507e+01
  823  8.23e-03      3.25321e+01       2.52281e-01       2.17722e+01
  824  8.24e-03      3.24198e+01       2.75241e-01       2.17049e+01
  825  8.25e-03      3.27705e+01       3.25392e-01       2.19555e+01
  826  8.26e-03      3.27045e+01       3.12707e-01       2.19073e+01
  827  8.27e-03      3.31449e+01       2.41815e-01       2.21772e+01
  828  8.28e-03      3.28724e+01       2.74038e-01       2.20063e+01
  829  8.29e-03      3.29933e+01       3.14675e-01       2.21004e+01
  830  8.30e-03      3.32389e+01       2.38674e-01       2.22388e+01
  831  8.31e-03      3.31498e+01       2.90169e-01       2.21966e+01
  832  8.32e-03      3.34591e+01       2.60474e-01       2.23929e+01
  833  8.33e-03      3.33556e+01       3.20823e-01       2.23440e+01
  834  8.34e-03      3.38764e+01       3.18326e-01       2.26904e+01
  835  8.35e-03      3.37490e+01       3.34120e-01       2.26107e+01
  836  8.36e-03      3.39510e+01       3.02808e-01       2.27350e+01
  837  8.37e-03      3.41611e+01       2.78349e-01       2.28668e+01
  838  8.38e-03      3.38670e+01       2.97758e-01       2.26772e+01
  839  8.39e-03      3.40155e+01       3.62308e-01       2.27978e+01
  840  8.40e-03      3.36743e+01       3.40060e-01       2.25629e+01
  841  8.41e-03      3.40668e+01       3.29903e-01       2.28212e+01
  842  8.42e-03      3.36365e+01       3.47248e-01       2.25401e+01
  843  8.43e-03      3.39818e+01       2.92853e-01       2.27521e+01
  844  8.44e-03      3.37786e+01       3.45154e-01       2.26341e+01
  845  8.45e-03      3.40938e+01       3.13624e-01       2.28337e+01
  846  8.46e-03      3.37120e+01       3.24223e-01       2.25827e+01
  847  8.47e-03      3.39441e+01       3.58383e-01       2.27489e+01
  848  8.48e-03      3.40775e+01       3.07315e-01       2.28208e+01
  849  8.49e-03      3.38877e+01       3.64008e-01       2.27131e+01
  850  8.50e-03      3.42004e+01       3.77612e-01       2.29262e+01
  851  8.51e-03      3.39441e+01       3.38908e-01       2.27424e+01
  852  8.52e-03      3.42353e+01       3.25885e-01       2.29322e+01
  853  8.53e-03      3.38037e+01       3.82633e-01       2.26633e+01
  854  8.54e-03      3.38863e+01       4.12456e-01       2.27283e+01
  855  8.55e-03      3.35217e+01       3.29864e-01       2.24578e+01
  856  8.56e-03      3.36326e+01       3.78707e-01       2.25480e+01
  857  8.57e-03      3.35359e+01       3.11974e-01       2.24613e+01
  858  8.58e-03      3.33014e+01       3.17741e-01       2.23068e+01
  859  8.59e-03      3.34046e+01       2.98283e-01       2.23691e+01
  860  8.60e-03      3.26586e+01       2.96550e-01       2.18712e+01
  861  8.61e-03      3.27067e+01       3.18410e-01       2.19106e+01
  862  8.62e-03      3.25728e+01       3.10769e-01       2.18188e+01
  863  8.63e-03      3.28234e+01       3.56860e-01       2.20012e+01
  864  8.64e-03      3.25243e+01       3.23603e-01       2.17907e+01
  865  8.65e-03      3.25431e+01       2.81668e-01       2.17893e+01
  866  8.66e-03      3.27082e+01       3.02782e-01       2.19064e+01
  867  8.67e-03      3.25485e+01       2.93100e-01       2.17967e+01
  868  8.68e-03      3.30407e+01       2.98993e-01       2.21268e+01
  869  8.69e-03      3.27909e+01       2.88832e-01       2.19569e+01
  870  8.70e-03      3.31962e+01       3.17973e-01       2.22368e+01
  871  8.71e-03      3.28531e+01       2.49396e-01       2.19852e+01
  872  8.72e-03      3.32495e+01       3.15965e-01       2.22716e+01
  873  8.73e-03      3.28623e+01       3.04502e-01       2.20097e+01
  874  8.74e-03      3.31791e+01       2.82741e-01       2.22136e+01
  875  8.75e-03      3.33445e+01       2.89925e-01       2.23263e+01
  876  8.76e-03      3.32004e+01       2.59624e-01       2.22201e+01
  877  8.77e-03      3.36276e+01       2.93146e-01       2.25161e+01
  878  8.78e-03      3.32861e+01       2.69680e-01       2.22806e+01
  879  8.79e-03      3.37470e+01       2.70053e-01       2.25880e+01
  880  8.80e-03      3.33186e+01       2.81232e-01       2.23061e+01
  881  8.81e-03      3.38937e+01       2.44868e-01       2.26774e+01
  882  8.82e-03      3.34866e+01       2.83424e-01       2.24189e+01
  883  8.83e-03      3.34822e+01       3.22521e-01       2.24289e+01
  884  8.84e-03      3.33673e+01       2.91627e-01       2.23421e+01
  885  8.85e-03      3.34009e+01       2.55803e-01       2.23525e+01
  886  8.86e-03      3.34541e+01       2.69316e-01       2.23925e+01
  887  8.87e-03      3.33790e+01       3.12866e-01       2.23570e+01
  888  8.88e-03      3.38992e+01       2.92207e-01       2.26969e+01
  889  8.89e-03      3.34212e+01       2.81700e-01       2.23747e+01
  890  8.90e-03      3.38001e+01       3.47881e-01       2.26494e+01
  891  8.91e-03      3.33603e+01       3.06857e-01       2.23425e+01
  892  8.92e-03      3.34368e+01       3.22748e-01       2.23988e+01
  893  8.93e-03      3.33831e+01       3.65214e-01       2.23771e+01
  894  8.94e-03      3.34688e+01       3.79302e-01       2.24390e+01
  895  8.95e-03      3.36186e+01       3.12159e-01       2.25164e+01
  896  8.96e-03      3.32977e+01       3.28927e-01       2.23081e+01
  897  8.97e-03      3.40335e+01       3.63089e-01       2.28101e+01
  898  8.98e-03      3.37315e+01       3.11653e-01       2.25916e+01
  899  8.99e-03      3.39923e+01       2.95628e-01       2.27600e+01
  900  9.00e-03      3.37438e+01       2.89421e-01       2.25924e+01
  901  9.01e-03      3.40527e+01       2.45544e-01       2.27836e+01
  902  9.02e-03      3.38038e+01       3.37859e-01       2.26485e+01
  903  9.03e-03      3.39342e+01       3.51319e-01       2.27399e+01
  904  9.04e-03      3.40793e+01       3.12806e-01       2.28238e+01
  905  9.05e-03      3.36661e+01       3.43818e-01       2.25587e+01
  906  9.06e-03      3.40251e+01       3.56644e-01       2.28023e+01
  907  9.07e-03      3.36637e+01       3.47320e-01       2.25583e+01
  908  9.08e-03      3.42047e+01       2.94509e-01       2.29013e+01
  909  9.09e-03      3.39794e+01       3.37785e-01       2.27655e+01
  910  9.10e-03      3.41263e+01       3.97667e-01       2.28834e+01
  911  9.11e-03      3.40814e+01       3.90287e-01       2.28510e+01
  912  9.12e-03      3.41443e+01       3.08328e-01       2.28656e+01
  913  9.13e-03      3.43907e+01       4.03141e-01       2.30615e+01
  914  9.14e-03      3.43224e+01       3.09620e-01       2.29848e+01
  915  9.15e-03      3.48611e+01       3.49758e-01       2.33573e+01
  916  9.16e-03      3.47455e+01       3.12997e-01       2.32680e+01
  917  9.17e-03      3.52350e+01       2.94133e-01       2.35880e+01
  918  9.18e-03      3.51406e+01       3.11963e-01       2.35311e+01
  919  9.19e-03      3.56109e+01       3.13998e-01       2.38453e+01
  920  9.20e-03      3.54389e+01       3.38983e-01       2.37389e+01
  921  9.21e-03      3.54561e+01       2.83507e-01       2.37319e+01
  922  9.22e-03      3.56471e+01       2.49137e-01       2.38478e+01
  923  9.23e-03      3.51231e+01       2.91168e-01       2.35124e+01
  924  9.24e-03      3.50728e+01       2.68927e-01       2.34715e+01
  925  9.25e-03      3.45190e+01       2.64519e-01       2.31008e+01
  926  9.26e-03      3.51058e+01       2.86598e-01       2.34994e+01
  927  9.27e-03      3.45979e+01       3.10154e-01       2.31687e+01
  928  9.28e-03      3.51313e+01       2.89545e-01       2.35174e+01
  929  9.29e-03      3.50588e+01       3.34509e-01       2.34840e+01
  930  9.30e-03      3.50019e+01       2.69268e-01       2.34243e+01
  931  9.31e-03      3.49158e+01       2.60902e-01       2.33641e+01
  932  9.32e-03      3.49516e+01       3.40883e-01       2.34147e+01
  933  9.33e-03      3.51723e+01       2.70991e-01       2.35385e+01
  934  9.34e-03      3.47860e+01       3.26463e-01       2.32995e+01
  935  9.35e-03      3.52829e+01       2.56355e-01       2.36074e+01
  936  9.36e-03      3.50586e+01       2.43095e-01       2.34534e+01
  937  9.37e-03      3.56943e+01       3.15888e-01       2.39015e+01
  938  9.38e-03      3.52472e+01       3.01661e-01       2.35987e+01
  939  9.39e-03      3.55546e+01       2.53292e-01       2.37875e+01
  940  9.40e-03      3.55125e+01       2.57570e-01       2.37608e+01
  941  9.41e-03      3.54593e+01       2.88952e-01       2.37358e+01
  942  9.42e-03      3.54174e+01       2.69550e-01       2.37014e+01
  943  9.43e-03      3.54126e+01       2.31714e-01       2.36856e+01
  944  9.44e-03      3.58967e+01       3.33206e-01       2.40422e+01
  945  9.45e-03      3.56971e+01       3.11274e-01       2.39018e+01
  946  9.46e-03      3.59940e+01       3.14595e-01       2.41009e+01
  947  9.47e-03      3.58552e+01       3.02173e-01       2.40042e+01
  948  9.48e-03      3.62886e+01       2.21616e-01       2.42662e+01
  949  9.49e-03      3.63453e+01       2.34358e-01       2.43083e+01
  950  9.50e-03      3.65943e+01       2.41376e-01       2.44767e+01
  951  9.51e-03      3.68377e+01       3.51609e-01       2.46757e+01
  952  9.52e-03      3.67547e+01       2.89670e-01       2.45997e+01
  953  9.53e-03      3.72792e+01       2.53279e-01       2.49372e+01
  954  9.54e-03      3.69832e+01       2.76896e-01       2.47478e+01
  955  9.55e-03      3.74774e+01       2.83905e-01       2.50796e+01
  956  9.56e-03      3.72431e+01       3.15755e-01       2.49340e+01
  957  9.57e-03      3.72323e+01       2.84879e-01       2.49165e+01
  958  9.58e-03      3.71241e+01       2.65691e-01       2.48380e+01
  959  9.59e-03      3.68898e+01       2.41917e-01       2.46738e+01
  960  9.60e-03      3.72500e+01       3.09301e-01       2.49364e+01
  961  9.61e-03      3.70061e+01       3.83895e-01       2.47987e+01
  962  9.62e-03      3.76391e+01       3.15147e-01       2.51978e+01
  963  9.63e-03      3.73784e+01       4.00166e-01       2.50523e+01
  964  9.64e-03      3.77382e+01       2.83783e-01       2.52534e+01
  965  9.65e-03      3.75876e+01       2.76009e-01       2.51504e+01
  966  9.66e-03      3.77740e+01       2.81995e-01       2.52766e+01
  967  9.67e-03      3.76364e+01       3.30784e-01       2.52012e+01
  968  9.68e-03      3.77767e+01       3.45190e-01       2.52996e+01
  969  9.69e-03      3.81827e+01       3.23109e-01       2.55628e+01
  970  9.70e-03      3.80609e+01       3.43433e-01       2.54884e+01
  971  9.71e-03      3.85781e+01       3.68068e-01       2.58414e+01
  972  9.72e-03      3.79900e+01       2.96602e-01       2.54255e+01
  973  9.73e-03      3.85757e+01       3.77497e-01       2.58429e+01
  974  9.74e-03      3.83755e+01       3.67476e-01       2.57061e+01
  975  9.75e-03      3.87893e+01       3.13303e-01       2.59640e+01
  976  9.76e-03      3.89350e+01       3.48964e-01       2.60730e+01
  977  9.77e-03      3.89680e+01       3.29504e-01       2.60885e+01
  978  9.78e-03      3.89391e+01       3.25841e-01       2.60680e+01
  979  9.79e-03      3.88449e+01       3.51042e-01       2.60136e+01
  980  9.80e-03      3.91892e+01       2.88311e-01       2.62223e+01
  981  9.81e-03      3.87358e+01       3.01528e-01       2.59244e+01
  982  9.82e-03      3.90395e+01       2.26321e-01       2.61018e+01
  983  9.83e-03      3.89856e+01       3.15584e-01       2.60956e+01
  984  9.84e-03      3.92994e+01       3.07921e-01       2.63023e+01
  985  9.85e-03      3.92192e+01       3.18843e-01       2.62524e+01
  986  9.86e-03      3.92740e+01       2.53040e-01       2.62670e+01
  987  9.87e-03      3.93659e+01       2.70779e-01       2.63342e+01
  988  9.88e-03      3.93026e+01       3.42531e-01       2.63159e+01
  989  9.89e-03      3.96715e+01       3.21622e-01       2.65549e+01
  990  9.90e-03      3.96357e+01       2.57834e-01       2.65098e+01
  991  9.91e-03      4.01443e+01       2.51552e-01       2.68467e+01
  992  9.92e-03      3.95204e+01       2.67297e-01       2.64361e+01
  993  9.93e-03      3.99120e+01       2.22947e-01       2.66823e+01
  994  9.94e-03      3.96284e+01       2.68131e-01       2.65083e+01
  995  9.95e-03      3.97659e+01       2.99694e-01       2.66105e+01
  996  9.96e-03      3.96878e+01       2.49271e-01       2.65416e+01
  997  9.97e-03      3.95507e+01       2.71990e-01       2.64578e+01
  998  9.98e-03      3.99544e+01       3.14378e-01       2.67411e+01
  999  9.99e-03      3.97111e+01       2.10918e-01       2.65444e+01
