Delta = -7.755e-01 gamma
 step      t        T_in_plane/mK   T_out_of_plane/mK   T_tot/mK
    0  0.00e+00      1.88638e-29       0.00000e+00       1.25759e-29
    1  1.00e-06      2.58450e-03       4.60620e-03       3.25840e-03
    2  2.00e-06      5.24046e-03       8.04203e-03       6.17432e-03
    3  3.00e-06      8.26456e-03       1.29550e-02       9.82805e-03
    4  4.00e-06      1.13814e-02       1.59368e-02       1.28999e-02
    5  5.00e-06      1.38905e-02       2.11747e-02       1.63186e-02
    6  6.00e-06      1.65967e-02       2.72149e-02       2.01361e-02
    7  7.00e-06      1.95493e-02       3.28858e-02       2.39948e-02
    8  8.00e-06      2.45822e-02       3.28821e-02       2.73488e-02
    9  9.00e-06      2.86067e-02       3.30874e-02       3.01002e-02
   10  1.00e-05      3.07299e-02       3.89854e-02       3.34817e-02
   11  1.10e-05      3.40734e-02       3.98637e-02       3.60035e-02
   12  1.20e-05      3.70936e-02       5.22807e-02       4.21560e-02
   13  1.30e-05      3.96572e-02       5.38384e-02       4.43843e-02
   14  1.40e-05      4.33097e-02       5.59802e-02       4.75332e-02
   15  1.50e-05      4.71946e-02       5.55942e-02       4.99944e-02
   16  1.60e-05      5.15261e-02       6.60039e-02       5.63520e-02
   17  1.70e-05      5.13693e-02       6.54159e-02       5.60515e-02
   18  1.80e-05      5.33153e-02       7.60236e-02       6.08847e-02
   19  1.90e-05      5.59690e-02       7.74587e-02       6.31322e-02
   20  2.00e-05      5.96937e-02       7.45142e-02       6.46339e-02
   21  2.10e-05      6.29526e-02       8.05996e-02       6.88349e-02
   22  2.20e-05      6.79370e-02       8.60666e-02       7.39802e-02
   23  2.30e-05      7.33462e-02       9.31205e-02       7.99376e-02
   24  2.40e-05      8.00004e-02       9.04567e-02       8.34858e-02
   25  2.50e-05      8.48786e-02       9.88733e-02       8.95435e-02
   26  2.60e-05      8.68412e-02       9.35395e-02       8.90740e-02
   27  2.70e-05      9.01084e-02       1.11191e-01       9.71361e-02
   28  2.80e-05      9.56760e-02       1.22529e-01       1.04627e-01
   29  2.90e-05      9.79226e-02       1.05989e-01       1.00611e-01
   30  3.00e-05      9.73848e-02       1.16567e-01       1.03779e-01
   31  3.10e-05      9.93868e-02       1.24978e-01       1.07917e-01
   32  3.20e-05      1.02143e-01       1.07563e-01       1.03950e-01
   33  3.30e-05      1.06411e-01       1.16749e-01       1.09857e-01
   34  3.40e-05      1.13460e-01       1.07873e-01       1.11598e-01
   35  3.50e-05      1.16942e-01       1.11514e-01       1.15133e-01
   36  3.60e-05      1.19977e-01       1.08815e-01       1.16256e-01
   37  3.70e-05      1.19392e-01       1.30250e-01       1.23011e-01
   38  3.80e-05      1.27210e-01       1.01849e-01       1.18756e-01
   39  3.90e-05      1.29104e-01       1.15002e-01       1.24404e-01
   40  4.00e-05      1.33817e-01       1.45915e-01       1.37850e-01
   41  4.10e-05      1.37340e-01       1.39531e-01       1.38070e-01
   42  4.20e-05      1.43027e-01       1.49385e-01       1.45146e-01
   43  4.30e-05      1.47537e-01       1.37732e-01       1.44269e-01
   44  4.40e-05      1.47694e-01       1.43150e-01       1.46179e-01
   45  4.50e-05      1.55087e-01       1.61694e-01       1.57289e-01
   46  4.60e-05      1.62215e-01       1.57228e-01       1.60553e-01
   47  4.70e-05      1.68650e-01       1.57252e-01       1.64851e-01
   48  4.80e-05      1.73401e-01       1.94143e-01       1.80315e-01
   49  4.90e-05      1.76571e-01       1.70775e-01       1.74639e-01
   50  5.00e-05      1.79588e-01       1.92945e-01       1.84040e-01
   51  5.10e-05      1.74259e-01       2.25873e-01       1.91464e-01
   52  5.20e-05      1.78697e-01       1.92289e-01       1.83228e-01
   53  5.30e-05      1.82278e-01       1.60903e-01       1.75153e-01
   54  5.40e-05      1.84278e-01       2.07259e-01       1.91938e-01
   55  5.50e-05      1.91790e-01       1.72163e-01       1.85248e-01
   56  5.60e-05      1.92447e-01       1.97519e-01       1.94137e-01
   57  5.70e-05      2.02410e-01       1.99972e-01       2.01598e-01
   58  5.80e-05      2.12807e-01       1.24194e-01       1.83269e-01
   59  5.90e-05      2.13093e-01       2.02950e-01       2.09712e-01
   60  6.00e-05      2.14234e-01       2.12374e-01       2.13614e-01
   61  6.10e-05      2.15780e-01       1.70548e-01       2.00703e-01
   62  6.20e-05      2.12578e-01       2.41891e-01       2.22349e-01
   63  6.30e-05      2.17471e-01       1.85517e-01       2.06820e-01
   64  6.40e-05      2.19805e-01       2.21363e-01       2.20324e-01
   65  6.50e-05      2.25326e-01       2.27317e-01       2.25990e-01
   66  6.60e-05      2.38223e-01       2.10900e-01       2.29115e-01
   67  6.70e-05      2.40806e-01       2.25672e-01       2.35761e-01
   68  6.80e-05      2.43296e-01       2.12422e-01       2.33004e-01
   69  6.90e-05      2.43714e-01       2.40910e-01       2.42779e-01
   70  7.00e-05      2.51261e-01       2.81429e-01       2.61317e-01
   71  7.10e-05      2.60752e-01       1.98138e-01       2.39881e-01
   72  7.20e-05      2.63630e-01       2.47122e-01       2.58127e-01
   73  7.30e-05      2.63869e-01       2.11908e-01       2.46549e-01
   74  7.40e-05      2.73140e-01       2.24119e-01       2.56799e-01
   75  7.50e-05      2.74749e-01       2.40097e-01       2.63198e-01
   76  7.60e-05      2.78806e-01       2.60079e-01       2.72564e-01
   77  7.70e-05      2.85041e-01       2.30003e-01       2.66695e-01
   78  7.80e-05      2.95869e-01       2.24675e-01       2.72138e-01
   79  7.90e-05      2.96571e-01       2.35915e-01       2.76352e-01
   80  8.00e-05      3.02255e-01       2.63339e-01       2.89283e-01
   81  8.10e-05      3.06371e-01       2.49100e-01       2.87280e-01
   82  8.20e-05      3.07872e-01       2.56307e-01       2.90684e-01
   83  8.30e-05      3.09270e-01       2.44891e-01       2.87810e-01
   84  8.40e-05      3.15396e-01       2.69571e-01       3.00121e-01
   85  8.50e-05      3.23116e-01       2.63832e-01       3.03355e-01
   86  8.60e-05      3.27345e-01       2.65486e-01       3.06725e-01
   87  8.70e-05      3.31735e-01       2.60113e-01       3.07861e-01
   88  8.80e-05      3.38058e-01       2.88672e-01       3.21596e-01
   89  8.90e-05      3.42801e-01       2.88984e-01       3.24862e-01
   90  9.00e-05      3.51053e-01       2.84416e-01       3.28840e-01
   91  9.10e-05      3.50798e-01       2.88573e-01       3.30056e-01
   92  9.20e-05      3.54158e-01       2.45793e-01       3.18036e-01
   93  9.30e-05      3.56264e-01       2.38790e-01       3.17106e-01
   94  9.40e-05      3.64090e-01       2.93543e-01       3.40575e-01
   95  9.50e-05      3.62467e-01       2.55518e-01       3.26818e-01
   96  9.60e-05      3.62083e-01       3.29471e-01       3.51212e-01
   97  9.70e-05      3.67419e-01       3.00220e-01       3.45020e-01
   98  9.80e-05      3.78661e-01       3.11815e-01       3.56379e-01
   99  9.90e-05      3.86029e-01       2.95892e-01       3.55984e-01
  100  1.00e-04      3.93781e-01       3.03742e-01       3.63768e-01
  101  1.01e-04      3.97585e-01       3.25436e-01       3.73535e-01
  102  1.02e-04      3.99164e-01       2.84505e-01       3.60944e-01
  103  1.03e-04      4.02005e-01       3.20436e-01       3.74816e-01
  104  1.04e-04      4.11019e-01       2.87497e-01       3.69845e-01
  105  1.05e-04      4.19869e-01       2.81456e-01       3.73732e-01
  106  1.06e-04      4.27173e-01       2.95915e-01       3.83420e-01
  107  1.07e-04      4.32802e-01       2.46366e-01       3.70657e-01
  108  1.08e-04      4.44349e-01       3.28607e-01       4.05769e-01
  109  1.09e-04      4.44668e-01       3.03649e-01       3.97661e-01
  110  1.10e-04      4.40007e-01       3.48795e-01       4.09603e-01
  111  1.11e-04      4.36801e-01       2.68836e-01       3.80813e-01
  112  1.12e-04      4.42424e-01       2.87677e-01       3.90842e-01
  113  1.13e-04      4.42772e-01       2.73052e-01       3.86199e-01
  114  1.14e-04      4.52636e-01       3.39131e-01       4.14801e-01
  115  1.15e-04      4.59942e-01       3.40985e-01       4.20290e-01
  116  1.16e-04      4.77289e-01       3.13629e-01       4.22736e-01
  117  1.17e-04      4.76678e-01       3.00005e-01       4.17787e-01
  118  1.18e-04      4.71076e-01       2.92919e-01       4.11690e-01
  119  1.19e-04      4.69985e-01       3.17683e-01       4.19218e-01
  120  1.20e-04      4.67899e-01       3.19722e-01       4.18507e-01
  121  1.21e-04      4.78737e-01       3.22882e-01       4.26786e-01
  122  1.22e-04      4.71954e-01       2.90819e-01       4.11576e-01
  123  1.23e-04      4.76089e-01       3.27105e-01       4.26428e-01
  124  1.24e-04      4.81078e-01       3.07868e-01       4.23341e-01
  125  1.25e-04      4.75326e-01       3.33225e-01       4.27959e-01
  126  1.26e-04      4.81805e-01       2.95992e-01       4.19867e-01
  127  1.27e-04      4.87007e-01       3.61558e-01       4.45190e-01
  128  1.28e-04      4.86513e-01       3.29811e-01       4.34279e-01
  129  1.29e-04      4.88623e-01       3.42308e-01       4.39851e-01
  130  1.30e-04      4.94381e-01       3.18727e-01       4.35830e-01
  131  1.31e-04      5.01595e-01       3.47210e-01       4.50133e-01
  132  1.32e-04      5.04707e-01       2.45522e-01       4.18312e-01
  133  1.33e-04      5.03460e-01       3.07034e-01       4.37985e-01
  134  1.34e-04      5.15495e-01       3.77622e-01       4.69537e-01
  135  1.35e-04      5.19003e-01       3.05275e-01       4.47760e-01
  136  1.36e-04      5.18309e-01       3.06745e-01       4.47787e-01
  137  1.37e-04      5.20881e-01       3.06819e-01       4.49527e-01
  138  1.38e-04      5.20802e-01       3.47750e-01       4.63118e-01
  139  1.39e-04      5.21114e-01       3.83434e-01       4.75221e-01
  140  1.40e-04      5.32399e-01       3.36077e-01       4.66958e-01
  141  1.41e-04      5.35846e-01       3.40506e-01       4.70732e-01
  142  1.42e-04      5.33354e-01       3.72409e-01       4.79705e-01
  143  1.43e-04      5.38863e-01       3.17002e-01       4.64909e-01
  144  1.44e-04      5.50815e-01       3.85665e-01       4.95765e-01
  145  1.45e-04      5.47918e-01       3.88569e-01       4.94801e-01
  146  1.46e-04      5.57626e-01       3.38597e-01       4.84616e-01
  147  1.47e-04      5.60667e-01       3.33816e-01       4.85050e-01
  148  1.48e-04      5.71183e-01       3.89225e-01       5.10530e-01
  149  1.49e-04      5.68692e-01       3.43612e-01       4.93665e-01
  150  1.50e-04      5.82234e-01       3.30754e-01       4.98407e-01
  151  1.51e-04      5.79016e-01       2.99800e-01       4.85944e-01
  152  1.52e-04      5.77767e-01       3.66817e-01       5.07450e-01
  153  1.53e-04      5.84053e-01       3.11211e-01       4.93105e-01
  154  1.54e-04      5.87244e-01       3.96741e-01       5.23743e-01
  155  1.55e-04      5.93031e-01       3.32543e-01       5.06202e-01
  156  1.56e-04      5.96447e-01       3.06762e-01       4.99886e-01
  157  1.57e-04      6.08388e-01       3.53896e-01       5.23557e-01
  158  1.58e-04      6.15231e-01       3.36476e-01       5.22312e-01
  159  1.59e-04      6.13757e-01       3.08661e-01       5.12059e-01
  160  1.60e-04      6.09378e-01       3.35369e-01       5.18042e-01
  161  1.61e-04      6.13548e-01       2.82592e-01       5.03229e-01
  162  1.62e-04      6.03014e-01       2.98272e-01       5.01433e-01
  163  1.63e-04      6.09487e-01       3.63322e-01       5.27432e-01
  164  1.64e-04      6.09043e-01       2.59092e-01       4.92393e-01
  165  1.65e-04      6.13260e-01       2.86981e-01       5.04501e-01
  166  1.66e-04      6.17215e-01       3.16822e-01       5.17084e-01
  167  1.67e-04      6.12131e-01       3.11909e-01       5.12057e-01
  168  1.68e-04      6.13722e-01       3.34162e-01       5.20535e-01
  169  1.69e-04      6.09197e-01       3.18425e-01       5.12273e-01
  170  1.70e-04      6.05283e-01       2.84826e-01       4.98464e-01
  171  1.71e-04      6.18552e-01       2.75471e-01       5.04192e-01
  172  1.72e-04      6.16487e-01       3.19650e-01       5.17541e-01
  173  1.73e-04      6.24564e-01       2.96384e-01       5.15171e-01
  174  1.74e-04      6.19100e-01       3.00647e-01       5.12949e-01
  175  1.75e-04      6.29533e-01       3.26917e-01       5.28661e-01
  176  1.76e-04      6.28619e-01       3.06639e-01       5.21292e-01
  177  1.77e-04      6.23841e-01       3.11883e-01       5.19855e-01
  178  1.78e-04      6.27237e-01       3.37222e-01       5.30565e-01
  179  1.79e-04      6.34495e-01       3.30809e-01       5.33266e-01
  180  1.80e-04      6.42728e-01       2.26895e-01       5.04117e-01
  181  1.81e-04      6.48512e-01       2.81154e-01       5.26060e-01
  182  1.82e-04      6.50345e-01       2.78778e-01       5.26489e-01
  183  1.83e-04      6.40232e-01       2.88795e-01       5.23086e-01
  184  1.84e-04      6.39159e-01       2.71768e-01       5.16695e-01
  185  1.85e-04      6.44997e-01       2.60065e-01       5.16686e-01
  186  1.86e-04      6.57047e-01       2.93145e-01       5.35746e-01
  187  1.87e-04      6.63806e-01       2.78830e-01       5.35481e-01
  188  1.88e-04      6.64219e-01       2.96961e-01       5.41800e-01
  189  1.89e-04      6.66416e-01       3.05655e-01       5.46162e-01
  190  1.90e-04      6.72618e-01       2.78355e-01       5.41197e-01
  191  1.91e-04      6.75429e-01       3.58504e-01       5.69787e-01
  192  1.92e-04      6.80860e-01       2.80374e-01       5.47365e-01
  193  1.93e-04      6.81470e-01       3.17489e-01       5.60143e-01
  194  1.94e-04      6.85121e-01       2.79523e-01       5.49922e-01
  195  1.95e-04      6.93415e-01       3.23967e-01       5.70265e-01
  196  1.96e-04      7.04188e-01       3.23665e-01       5.77347e-01
  197  1.97e-04      7.15074e-01       3.26758e-01       5.85636e-01
  198  1.98e-04      7.31640e-01       2.97644e-01       5.86975e-01
  199  1.99e-04      7.34853e-01       3.67309e-01       6.12338e-01
  200  2.00e-04      7.36973e-01       3.49427e-01       6.07791e-01
  201  2.01e-04      7.35909e-01       3.20877e-01       5.97565e-01
  202  2.02e-04      7.46889e-01       3.08692e-01       6.00823e-01
  203  2.03e-04      7.47676e-01       3.40953e-01       6.12102e-01
  204  2.04e-04      7.54840e-01       2.46780e-01       5.85487e-01
  205  2.05e-04      7.52363e-01       3.20048e-01       6.08258e-01
  206  2.06e-04      7.60488e-01       3.43000e-01       6.21326e-01
  207  2.07e-04      7.71767e-01       2.48933e-01       5.97489e-01
  208  2.08e-04      7.78563e-01       3.52789e-01       6.36638e-01
  209  2.09e-04      7.79207e-01       2.93811e-01       6.17408e-01
  210  2.10e-04      7.89466e-01       3.00684e-01       6.26539e-01
  211  2.11e-04      7.93869e-01       3.40844e-01       6.42861e-01
  212  2.12e-04      7.83718e-01       2.90321e-01       6.19252e-01
  213  2.13e-04      7.92876e-01       2.89458e-01       6.25070e-01
  214  2.14e-04      8.00119e-01       2.77072e-01       6.25770e-01
  215  2.15e-04      8.07263e-01       2.79038e-01       6.31188e-01
  216  2.16e-04      8.00955e-01       2.99574e-01       6.33828e-01
  217  2.17e-04      8.03170e-01       3.27038e-01       6.44460e-01
  218  2.18e-04      8.07604e-01       2.85755e-01       6.33654e-01
  219  2.19e-04      8.21769e-01       2.63232e-01       6.35590e-01
  220  2.20e-04      8.30779e-01       3.57868e-01       6.73142e-01
  221  2.21e-04      8.40985e-01       2.94786e-01       6.58918e-01
  222  2.22e-04      8.38875e-01       2.76016e-01       6.51255e-01
  223  2.23e-04      8.40087e-01       3.22571e-01       6.67582e-01
  224  2.24e-04      8.54791e-01       3.32590e-01       6.80724e-01
  225  2.25e-04      8.55685e-01       2.84352e-01       6.65240e-01
  226  2.26e-04      8.64680e-01       3.39173e-01       6.89511e-01
  227  2.27e-04      8.74285e-01       3.01399e-01       6.83323e-01
  228  2.28e-04      8.77866e-01       3.16137e-01       6.90623e-01
  229  2.29e-04      8.82897e-01       3.50152e-01       7.05315e-01
  230  2.30e-04      8.81076e-01       3.06869e-01       6.89674e-01
  231  2.31e-04      8.97983e-01       3.50438e-01       7.15468e-01
  232  2.32e-04      9.03888e-01       3.21915e-01       7.09897e-01
  233  2.33e-04      9.05513e-01       3.39451e-01       7.16826e-01
  234  2.34e-04      9.07461e-01       2.68662e-01       6.94528e-01
  235  2.35e-04      9.12277e-01       3.12314e-01       7.12289e-01
  236  2.36e-04      9.12973e-01       2.93649e-01       7.06531e-01
  237  2.37e-04      9.12907e-01       3.39138e-01       7.21651e-01
  238  2.38e-04      9.13365e-01       3.11379e-01       7.12703e-01
  239  2.39e-04      9.28923e-01       2.95619e-01       7.17822e-01
  240  2.40e-04      9.40813e-01       3.30942e-01       7.37523e-01
  241  2.41e-04      9.38756e-01       2.65708e-01       7.14406e-01
  242  2.42e-04      9.40674e-01       2.98080e-01       7.26476e-01
  243  2.43e-04      9.55708e-01       2.76214e-01       7.29210e-01
  244  2.44e-04      9.66235e-01       2.90006e-01       7.40825e-01
  245  2.45e-04      9.62390e-01       3.03259e-01       7.42679e-01
  246  2.46e-04      9.60003e-01       3.05055e-01       7.41687e-01
  247  2.47e-04      9.48602e-01       2.68364e-01       7.21856e-01
  248  2.48e-04      9.49064e-01       3.63706e-01       7.53945e-01
  249  2.49e-04      9.61701e-01       2.83139e-01       7.35514e-01
  250  2.50e-04      9.62436e-01       2.95177e-01       7.40016e-01
  251  2.51e-04      9.55390e-01       3.03241e-01       7.38007e-01
  252  2.52e-04      9.53213e-01       2.69557e-01       7.25328e-01
  253  2.53e-04      9.74414e-01       3.19295e-01       7.56041e-01
  254  2.54e-04      9.63108e-01       3.20230e-01       7.48816e-01
  255  2.55e-04      9.66970e-01       3.50958e-01       7.61633e-01
  256  2.56e-04      9.59621e-01       3.34906e-01       7.51382e-01
  257  2.57e-04      9.57486e-01       3.17946e-01       7.44306e-01
  258  2.58e-04      9.57010e-01       3.33093e-01       7.49038e-01
  259  2.59e-04      9.57359e-01       2.89456e-01       7.34725e-01
  260  2.60e-04      9.61893e-01       3.04826e-01       7.42871e-01
  261  2.61e-04      9.57200e-01       3.09048e-01       7.41149e-01
  262  2.62e-04      9.53990e-01       3.08752e-01       7.38911e-01
  263  2.63e-04      9.66010e-01       3.20547e-01       7.50855e-01
  264  2.64e-04      9.62201e-01       2.94446e-01       7.39616e-01
  265  2.65e-04      9.71064e-01       3.41223e-01       7.61117e-01
  266  2.66e-04      9.76433e-01       3.31810e-01       7.61559e-01
  267  2.67e-04      9.81863e-01       2.97783e-01       7.53836e-01
  268  2.68e-04      9.89757e-01       3.17966e-01       7.65827e-01
  269  2.69e-04      9.88980e-01       2.95529e-01       7.57830e-01
  270  2.70e-04      9.92816e-01       2.74206e-01       7.53279e-01
  271  2.71e-04      9.97409e-01       3.11832e-01       7.68883e-01
  272  2.72e-04      9.96640e-01       2.40645e-01       7.44642e-01
  273  2.73e-04      9.92952e-01       2.48690e-01       7.44865e-01
  274  2.74e-04      1.00200e+00       2.82607e-01       7.62202e-01
  275  2.75e-04      9.92741e-01       2.93718e-01       7.59734e-01
  276  2.76e-04      9.86763e-01       2.76548e-01       7.50025e-01
  277  2.77e-04      1.00088e+00       3.06427e-01       7.69393e-01
  278  2.78e-04      1.00858e+00       2.73976e-01       7.63712e-01
  279  2.79e-04      1.01230e+00       2.84389e-01       7.69661e-01
  280  2.80e-04      1.01178e+00       2.83559e-01       7.69040e-01
  281  2.81e-04      1.00460e+00       2.48638e-01       7.52615e-01
  282  2.82e-04      1.00603e+00       2.98704e-01       7.70256e-01
  283  2.83e-04      1.01989e+00       2.74453e-01       7.71409e-01
  284  2.84e-04      1.02560e+00       2.57315e-01       7.69507e-01
  285  2.85e-04      1.02763e+00       2.73316e-01       7.76194e-01
  286  2.86e-04      1.03444e+00       3.20652e-01       7.96510e-01
  287  2.87e-04      1.03676e+00       2.81055e-01       7.84860e-01
  288  2.88e-04      1.03368e+00       3.36093e-01       8.01153e-01
  289  2.89e-04      1.04303e+00       2.94473e-01       7.93513e-01
  290  2.90e-04      1.03701e+00       3.27488e-01       8.00500e-01
  291  2.91e-04      1.03712e+00       3.12961e-01       7.95733e-01
  292  2.92e-04      1.04014e+00       3.17760e-01       7.99349e-01
  293  2.93e-04      1.04086e+00       3.24081e-01       8.01935e-01
  294  2.94e-04      1.03877e+00       3.29265e-01       8.02269e-01
  295  2.95e-04      1.04754e+00       3.36620e-01       8.10564e-01
  296  2.96e-04      1.04605e+00       2.86165e-01       7.92752e-01
  297  2.97e-04      1.05263e+00       3.45265e-01       8.16843e-01
  298  2.98e-04      1.05164e+00       3.04609e-01       8.02628e-01
  299  2.99e-04      1.04244e+00       2.53899e-01       7.79591e-01
  300  3.00e-04      1.04805e+00       3.63606e-01       8.19900e-01
  301  3.01e-04      1.04100e+00       3.17627e-01       7.99877e-01
  302  3.02e-04      1.04089e+00       2.89050e-01       7.90277e-01
  303  3.03e-04      1.04455e+00       3.72639e-01       8.20580e-01
  304  3.04e-04      1.03852e+00       2.93558e-01       7.90201e-01
  305  3.05e-04      1.04273e+00       3.13691e-01       7.99716e-01
  306  3.06e-04      1.03766e+00       3.64210e-01       8.13180e-01
  307  3.07e-04      1.03519e+00       2.67747e-01       7.79378e-01
  308  3.08e-04      1.04032e+00       3.33594e-01       8.04746e-01
  309  3.09e-04      1.03207e+00       3.04726e-01       7.89620e-01
  310  3.10e-04      1.03072e+00       3.07747e-01       7.89727e-01
  311  3.11e-04      1.02830e+00       3.49583e-01       8.02060e-01
  312  3.12e-04      1.04702e+00       3.40127e-01       8.11389e-01
  313  3.13e-04      1.05954e+00       3.31227e-01       8.16768e-01
  314  3.14e-04      1.06273e+00       3.12615e-01       8.12691e-01
  315  3.15e-04      1.05190e+00       3.54222e-01       8.19338e-01
  316  3.16e-04      1.06513e+00       3.12123e-01       8.14124e-01
  317  3.17e-04      1.07572e+00       3.01778e-01       8.17742e-01
  318  3.18e-04      1.07831e+00       3.08200e-01       8.21604e-01
  319  3.19e-04      1.06584e+00       3.24062e-01       8.18580e-01
  320  3.20e-04      1.08142e+00       3.24487e-01       8.29112e-01
  321  3.21e-04      1.08428e+00       3.92291e-01       8.53616e-01
  322  3.22e-04      1.08846e+00       3.44319e-01       8.40415e-01
  323  3.23e-04      1.10101e+00       3.44366e-01       8.48798e-01
  324  3.24e-04      1.11244e+00       3.68069e-01       8.64314e-01
  325  3.25e-04      1.12222e+00       3.14065e-01       8.52832e-01
  326  3.26e-04      1.12530e+00       3.28217e-01       8.59608e-01
  327  3.27e-04      1.13080e+00       3.35570e-01       8.65725e-01
  328  3.28e-04      1.12152e+00       3.24950e-01       8.55994e-01
  329  3.29e-04      1.12442e+00       3.50031e-01       8.66293e-01
  330  3.30e-04      1.12215e+00       3.53395e-01       8.65901e-01
  331  3.31e-04      1.12760e+00       2.66807e-01       8.40667e-01
  332  3.32e-04      1.11990e+00       3.43065e-01       8.60953e-01
  333  3.33e-04      1.13094e+00       2.71360e-01       8.44412e-01
  334  3.34e-04      1.12151e+00       2.91822e-01       8.44948e-01
  335  3.35e-04      1.13913e+00       3.12122e-01       8.63461e-01
  336  3.36e-04      1.14570e+00       2.84763e-01       8.58720e-01
  337  3.37e-04      1.14188e+00       3.33842e-01       8.72533e-01
  338  3.38e-04      1.15344e+00       3.18193e-01       8.75026e-01
  339  3.39e-04      1.14799e+00       3.16401e-01       8.70795e-01
  340  3.40e-04      1.15095e+00       3.13487e-01       8.71798e-01
  341  3.41e-04      1.16259e+00       3.13338e-01       8.79506e-01
  342  3.42e-04      1.15172e+00       2.81237e-01       8.61562e-01
  343  3.43e-04      1.15680e+00       2.98027e-01       8.70542e-01
  344  3.44e-04      1.15557e+00       3.35746e-01       8.82292e-01
  345  3.45e-04      1.16658e+00       2.83625e-01       8.72260e-01
  346  3.46e-04      1.17326e+00       2.97492e-01       8.81339e-01
  347  3.47e-04      1.17885e+00       3.22095e-01       8.93265e-01
  348  3.48e-04      1.18041e+00       3.08329e-01       8.89715e-01
  349  3.49e-04      1.17841e+00       2.69747e-01       8.75520e-01
  350  3.50e-04      1.17870e+00       3.51248e-01       9.02885e-01
  351  3.51e-04      1.19197e+00       2.55418e-01       8.79783e-01
  352  3.52e-04      1.20041e+00       3.13962e-01       9.04930e-01
  353  3.53e-04      1.19901e+00       3.28932e-01       9.08981e-01
  354  3.54e-04      1.19041e+00       2.66942e-01       8.82589e-01
  355  3.55e-04      1.19311e+00       2.97504e-01       8.94573e-01
  356  3.56e-04      1.20497e+00       2.73235e-01       8.94392e-01
  357  3.57e-04      1.20544e+00       2.57236e-01       8.89371e-01
  358  3.58e-04      1.22640e+00       2.96411e-01       9.16402e-01
  359  3.59e-04      1.22073e+00       3.13820e-01       9.18426e-01
  360  3.60e-04      1.21365e+00       2.74732e-01       9.00678e-01
  361  3.61e-04      1.22473e+00       3.00965e-01       9.16810e-01
  362  3.62e-04      1.21577e+00       2.38310e-01       8.89951e-01
  363  3.63e-04      1.23287e+00       3.01980e-01       9.22576e-01
  364  3.64e-04      1.25044e+00       2.66200e-01       9.22358e-01
  365  3.65e-04      1.25034e+00       2.38771e-01       9.13154e-01
  366  3.66e-04      1.24139e+00       2.71935e-01       9.18241e-01
  367  3.67e-04      1.25585e+00       2.90940e-01       9.34216e-01
  368  3.68e-04      1.25433e+00       3.02129e-01       9.36928e-01
  369  3.69e-04      1.25130e+00       2.54393e-01       9.18999e-01
  370  3.70e-04      1.27675e+00       3.05419e-01       9.52975e-01
  371  3.71e-04      1.27104e+00       2.69777e-01       9.37286e-01
  372  3.72e-04      1.26112e+00       2.91843e-01       9.38027e-01
  373  3.73e-04      1.27039e+00       2.84922e-01       9.41898e-01
  374  3.74e-04      1.27527e+00       2.92953e-01       9.47833e-01
  375  3.75e-04      1.29341e+00       2.90050e-01       9.58959e-01
  376  3.76e-04      1.29213e+00       2.82182e-01       9.55483e-01
  377  3.77e-04      1.29820e+00       2.93263e-01       9.63224e-01
  378  3.78e-04      1.31448e+00       2.99050e-01       9.76004e-01
  379  3.79e-04      1.32010e+00       3.17432e-01       9.85880e-01
  380  3.80e-04      1.31357e+00       2.75753e-01       9.67634e-01
  381  3.81e-04      1.31434e+00       3.14992e-01       9.81226e-01
  382  3.82e-04      1.32338e+00       2.95853e-01       9.80868e-01
  383  3.83e-04      1.30834e+00       2.60713e-01       9.59133e-01
  384  3.84e-04      1.30934e+00       2.75304e-01       9.64661e-01
  385  3.85e-04      1.32685e+00       3.13129e-01       9.88944e-01
  386  3.86e-04      1.32692e+00       3.13667e-01       9.89172e-01
  387  3.87e-04      1.32685e+00       3.01833e-01       9.85179e-01
  388  3.88e-04      1.33492e+00       2.74604e-01       9.81479e-01
  389  3.89e-04      1.33897e+00       3.06585e-01       9.94839e-01
  390  3.90e-04      1.34076e+00       3.13709e-01       9.98407e-01
  391  3.91e-04      1.34266e+00       2.57655e-01       9.80994e-01
  392  3.92e-04      1.33700e+00       3.08302e-01       9.94101e-01
  393  3.93e-04      1.32615e+00       2.70244e-01       9.74182e-01
  394  3.94e-04      1.33670e+00       3.13362e-01       9.95586e-01
  395  3.95e-04      1.33366e+00       2.91056e-01       9.86126e-01
  396  3.96e-04      1.34375e+00       2.70386e-01       9.85959e-01
  397  3.97e-04      1.33705e+00       3.40234e-01       1.00477e+00
  398  3.98e-04      1.33772e+00       2.64145e-01       9.79860e-01
  399  3.99e-04      1.35520e+00       2.93873e-01       1.00142e+00
  400  4.00e-04      1.37076e+00       2.69502e-01       1.00367e+00
  401  4.01e-04      1.37422e+00       2.94610e-01       1.01435e+00
  402  4.02e-04      1.37853e+00       3.44149e-01       1.03373e+00
  403  4.03e-04      1.36513e+00       3.32036e-01       1.02077e+00
  404  4.04e-04      1.36910e+00       3.02212e-01       1.01347e+00
  405  4.05e-04      1.38740e+00       3.84374e-01       1.05306e+00
  406  4.06e-04      1.38762e+00       3.15875e-01       1.03037e+00
  407  4.07e-04      1.40343e+00       2.83306e-01       1.03005e+00
  408  4.08e-04      1.39844e+00       3.23887e-01       1.04026e+00
  409  4.09e-04      1.42170e+00       2.71814e-01       1.03841e+00
  410  4.10e-04      1.42290e+00       3.40166e-01       1.06199e+00
  411  4.11e-04      1.41551e+00       3.27711e-01       1.05291e+00
  412  4.12e-04      1.41333e+00       2.89079e-01       1.03858e+00
  413  4.13e-04      1.40905e+00       3.00346e-01       1.03948e+00
  414  4.14e-04      1.41434e+00       3.39709e-01       1.05613e+00
  415  4.15e-04      1.41270e+00       2.84982e-01       1.03680e+00
  416  4.16e-04      1.40679e+00       3.20387e-01       1.04465e+00
  417  4.17e-04      1.39681e+00       2.55126e-01       1.01625e+00
  418  4.18e-04      1.39734e+00       3.32610e-01       1.04243e+00
  419  4.19e-04      1.39263e+00       3.28516e-01       1.03793e+00
  420  4.20e-04      1.39837e+00       2.57370e-01       1.01804e+00
  421  4.21e-04      1.41062e+00       3.09477e-01       1.04357e+00
  422  4.22e-04      1.42799e+00       2.62522e-01       1.03950e+00
  423  4.23e-04      1.41512e+00       3.12164e-01       1.04747e+00
  424  4.24e-04      1.41414e+00       2.76563e-01       1.03495e+00
  425  4.25e-04      1.42801e+00       3.05093e-01       1.05370e+00
  426  4.26e-04      1.42625e+00       2.74708e-01       1.04241e+00
  427  4.27e-04      1.42807e+00       3.24973e-01       1.06037e+00
  428  4.28e-04      1.43076e+00       2.31185e-01       1.03090e+00
  429  4.29e-04      1.43336e+00       2.79218e-01       1.04864e+00
  430  4.30e-04      1.43805e+00       3.26770e-01       1.06762e+00
  431  4.31e-04      1.43415e+00       2.75391e-01       1.04790e+00
  432  4.32e-04      1.43845e+00       3.31998e-01       1.06963e+00
  433  4.33e-04      1.44399e+00       3.19082e-01       1.06902e+00
  434  4.34e-04      1.41782e+00       3.77434e-01       1.07103e+00
  435  4.35e-04      1.41707e+00       2.94609e-01       1.04291e+00
  436  4.36e-04      1.43274e+00       3.10828e-01       1.05877e+00
  437  4.37e-04      1.41619e+00       3.25478e-01       1.05262e+00
  438  4.38e-04      1.45085e+00       2.93212e-01       1.06497e+00
  439  4.39e-04      1.45868e+00       3.43468e-01       1.08694e+00
  440  4.40e-04      1.44424e+00       3.05671e-01       1.06472e+00
  441  4.41e-04      1.46521e+00       3.44036e-01       1.09149e+00
  442  4.42e-04      1.46331e+00       3.36668e-01       1.08776e+00
  443  4.43e-04      1.46411e+00       3.49892e-01       1.09271e+00
  444  4.44e-04      1.46427e+00       2.66233e-01       1.06492e+00
  445  4.45e-04      1.47175e+00       3.49248e-01       1.09758e+00
  446  4.46e-04      1.47435e+00       3.55335e-01       1.10135e+00
  447  4.47e-04      1.48869e+00       3.44340e-01       1.10724e+00
  448  4.48e-04      1.48944e+00       3.62132e-01       1.11367e+00
  449  4.49e-04      1.48108e+00       3.56403e-01       1.10619e+00
  450  4.50e-04      1.46651e+00       3.41435e-01       1.09149e+00
  451  4.51e-04      1.47049e+00       2.80279e-01       1.07375e+00
  452  4.52e-04      1.46980e+00       2.72604e-01       1.07073e+00
  453  4.53e-04      1.46460e+00       3.81668e-01       1.10362e+00
  454  4.54e-04      1.45379e+00       3.30423e-01       1.07934e+00
  455  4.55e-04      1.44424e+00       3.15279e-01       1.06792e+00
  456  4.56e-04      1.46494e+00       3.25635e-01       1.08517e+00
  457  4.57e-04      1.46552e+00       3.48781e-01       1.09328e+00
  458  4.58e-04      1.46049e+00       3.39573e-01       1.08685e+00
  459  4.59e-04      1.44210e+00       3.37249e-01       1.07382e+00
  460  4.60e-04      1.46170e+00       3.05797e-01       1.07640e+00
  461  4.61e-04      1.46958e+00       3.23458e-01       1.08754e+00
  462  4.62e-04      1.46646e+00       3.12729e-01       1.08188e+00
  463  4.63e-04      1.46013e+00       3.53692e-01       1.09131e+00
  464  4.64e-04      1.46448e+00       3.49475e-01       1.09281e+00
  465  4.65e-04      1.48032e+00       2.79832e-01       1.08016e+00
  466  4.66e-04      1.47164e+00       3.24761e-01       1.08935e+00
  467  4.67e-04      1.47237e+00       2.78726e-01       1.07449e+00
  468  4.68e-04      1.45818e+00       3.62298e-01       1.09289e+00
  469  4.69e-04      1.44171e+00       3.74234e-01       1.08589e+00
  470  4.70e-04      1.44901e+00       2.97049e-01       1.06502e+00
  471  4.71e-04      1.44191e+00       3.04071e-01       1.06263e+00
  472  4.72e-04      1.44779e+00       3.43297e-01       1.07963e+00
  473  4.73e-04      1.44366e+00       2.86439e-01       1.05792e+00
  474  4.74e-04      1.46072e+00       2.93840e-01       1.07176e+00
  475  4.75e-04      1.46963e+00       2.88073e-01       1.07578e+00
  476  4.76e-04      1.47058e+00       2.77673e-01       1.07294e+00
  477  4.77e-04      1.44288e+00       3.47442e-01       1.07774e+00
  478  4.78e-04      1.45559e+00       2.99638e-01       1.07027e+00
  479  4.79e-04      1.46559e+00       3.36717e-01       1.08930e+00
  480  4.80e-04      1.47686e+00       2.70628e-01       1.07479e+00
  481  4.81e-04      1.48337e+00       2.69578e-01       1.07877e+00
  482  4.82e-04      1.49456e+00       2.95554e-01       1.09489e+00
  483  4.83e-04      1.50898e+00       2.66462e-01       1.09481e+00
  484  4.84e-04      1.50505e+00       2.61031e-01       1.09038e+00
  485  4.85e-04      1.49566e+00       3.00307e-01       1.09721e+00
  486  4.86e-04      1.48724e+00       2.57991e-01       1.07749e+00
  487  4.87e-04      1.49128e+00       3.15866e-01       1.09947e+00
  488  4.88e-04      1.51021e+00       2.80993e-01       1.10047e+00
  489  4.89e-04      1.52173e+00       3.03326e-01       1.11559e+00
  490  4.90e-04      1.50532e+00       3.07503e-01       1.10605e+00
  491  4.91e-04      1.49969e+00       3.15825e-01       1.10507e+00
  492  4.92e-04      1.50059e+00       3.67381e-01       1.12285e+00
  493  4.93e-04      1.50589e+00       3.69234e-01       1.12701e+00
  494  4.94e-04      1.50998e+00       3.31383e-01       1.11711e+00
  495  4.95e-04      1.50260e+00       3.07342e-01       1.10418e+00
  496  4.96e-04      1.51077e+00       3.24245e-01       1.11526e+00
  497  4.97e-04      1.50999e+00       3.30104e-01       1.11670e+00
  498  4.98e-04      1.50925e+00       2.77666e-01       1.09872e+00
  499  4.99e-04      1.49091e+00       2.96629e-01       1.09282e+00
