Delta = 1.224e-01 gamma
 step      t        T_in_plane/mK   T_out_of_plane/mK   T_tot/mK
    0  0.00e+00      1.88638e-29       0.00000e+00       1.25759e-29
    1  1.00e-06      4.00162e-03       6.40139e-03       4.80154e-03
    2  2.00e-06      7.53781e-03       9.31239e-03       8.12934e-03
    3  3.00e-06      9.11263e-03       1.50993e-02       1.11082e-02
    4  4.00e-06      1.41929e-02       1.81235e-02       1.55031e-02
    5  5.00e-06      1.61480e-02       1.80432e-02       1.67797e-02
    6  6.00e-06      1.78628e-02       2.38766e-02       1.98674e-02
    7  7.00e-06      2.18019e-02       2.84905e-02       2.40314e-02
    8  8.00e-06      2.44353e-02       3.36682e-02       2.75130e-02
    9  9.00e-06      2.84662e-02       3.99042e-02       3.22788e-02
   10  1.00e-05      3.14171e-02       4.68534e-02       3.65625e-02
   11  1.10e-05      3.40294e-02       3.98072e-02       3.59553e-02
   12  1.20e-05      3.47650e-02       6.84477e-02       4.59926e-02
   13  1.30e-05      3.80069e-02       5.03307e-02       4.21148e-02
   14  1.40e-05      4.34439e-02       6.69202e-02       5.12693e-02
   15  1.50e-05      4.66084e-02       7.86696e-02       5.72955e-02
   16  1.60e-05      5.07211e-02       7.82732e-02       5.99051e-02
   17  1.70e-05      5.70847e-02       9.62170e-02       7.01288e-02
   18  1.80e-05      6.01115e-02       9.18728e-02       7.06986e-02
   19  1.90e-05      6.21603e-02       1.01839e-01       7.53866e-02
   20  2.00e-05      6.73808e-02       1.03815e-01       7.95256e-02
   21  2.10e-05      6.99172e-02       7.86419e-02       7.28254e-02
   22  2.20e-05      7.16140e-02       1.12032e-01       8.50866e-02
   23  2.30e-05      7.46618e-02       1.11418e-01       8.69138e-02
   24  2.40e-05      7.79959e-02       9.22813e-02       8.27577e-02
   25  2.50e-05      8.07501e-02       9.18883e-02       8.44628e-02
   26  2.60e-05      8.37736e-02       1.04516e-01       9.06877e-02
   27  2.70e-05      9.30793e-02       1.25143e-01       1.03767e-01
   28  2.80e-05      9.57182e-02       1.02586e-01       9.80076e-02
   29  2.90e-05      9.70984e-02       1.32357e-01       1.08851e-01
   30  3.00e-05      9.83277e-02       1.37265e-01       1.11307e-01
   31  3.10e-05      1.04476e-01       1.26017e-01       1.11657e-01
   32  3.20e-05      1.07932e-01       1.35879e-01       1.17248e-01
   33  3.30e-05      1.10839e-01       1.50439e-01       1.24039e-01
   34  3.40e-05      1.15544e-01       1.62451e-01       1.31179e-01
   35  3.50e-05      1.18186e-01       1.69889e-01       1.35421e-01
   36  3.60e-05      1.21724e-01       1.75184e-01       1.39544e-01
   37  3.70e-05      1.21837e-01       1.60460e-01       1.34711e-01
   38  3.80e-05      1.24690e-01       1.76126e-01       1.41835e-01
   39  3.90e-05      1.25704e-01       1.58791e-01       1.36733e-01
   40  4.00e-05      1.25166e-01       1.58463e-01       1.36265e-01
   41  4.10e-05      1.29858e-01       1.74360e-01       1.44692e-01
   42  4.20e-05      1.30888e-01       1.73972e-01       1.45249e-01
   43  4.30e-05      1.33023e-01       1.58858e-01       1.41634e-01
   44  4.40e-05      1.39438e-01       1.75024e-01       1.51300e-01
   45  4.50e-05      1.40388e-01       1.78351e-01       1.53042e-01
   46  4.60e-05      1.38047e-01       1.84509e-01       1.53535e-01
   47  4.70e-05      1.37452e-01       1.84664e-01       1.53189e-01
   48  4.80e-05      1.39554e-01       1.91081e-01       1.56730e-01
   49  4.90e-05      1.42935e-01       1.93060e-01       1.59643e-01
   50  5.00e-05      1.45418e-01       1.67116e-01       1.52651e-01
   51  5.10e-05      1.49193e-01       1.73346e-01       1.57244e-01
   52  5.20e-05      1.54306e-01       1.53799e-01       1.54137e-01
   53  5.30e-05      1.51871e-01       1.66849e-01       1.56864e-01
   54  5.40e-05      1.51641e-01       1.70918e-01       1.58067e-01
   55  5.50e-05      1.57709e-01       2.14247e-01       1.76555e-01
   56  5.60e-05      1.60561e-01       2.02781e-01       1.74634e-01
   57  5.70e-05      1.66314e-01       1.54135e-01       1.62255e-01
   58  5.80e-05      1.72896e-01       2.01059e-01       1.82283e-01
   59  5.90e-05      1.73491e-01       1.68931e-01       1.71971e-01
   60  6.00e-05      1.80740e-01       1.96722e-01       1.86067e-01
   61  6.10e-05      1.84924e-01       1.81162e-01       1.83670e-01
   62  6.20e-05      1.83972e-01       1.89747e-01       1.85897e-01
   63  6.30e-05      1.86612e-01       1.78279e-01       1.83834e-01
   64  6.40e-05      1.93862e-01       2.09214e-01       1.98979e-01
   65  6.50e-05      1.93094e-01       2.10170e-01       1.98786e-01
   66  6.60e-05      1.92830e-01       2.04902e-01       1.96854e-01
   67  6.70e-05      1.97885e-01       2.19240e-01       2.05003e-01
   68  6.80e-05      1.99839e-01       1.89685e-01       1.96454e-01
   69  6.90e-05      2.03757e-01       2.15071e-01       2.07529e-01
   70  7.00e-05      2.08890e-01       2.22555e-01       2.13445e-01
   71  7.10e-05      2.08348e-01       2.29521e-01       2.15406e-01
   72  7.20e-05      2.23754e-01       1.99177e-01       2.15562e-01
   73  7.30e-05      2.25629e-01       2.31818e-01       2.27692e-01
   74  7.40e-05      2.25115e-01       2.55016e-01       2.35082e-01
   75  7.50e-05      2.32962e-01       2.41143e-01       2.35689e-01
   76  7.60e-05      2.33794e-01       2.19183e-01       2.28924e-01
   77  7.70e-05      2.40309e-01       2.32626e-01       2.37748e-01
   78  7.80e-05      2.50282e-01       2.25023e-01       2.41863e-01
   79  7.90e-05      2.60588e-01       2.34358e-01       2.51845e-01
   80  8.00e-05      2.65323e-01       2.28002e-01       2.52883e-01
   81  8.10e-05      2.66203e-01       2.24221e-01       2.52209e-01
   82  8.20e-05      2.74907e-01       2.73128e-01       2.74314e-01
   83  8.30e-05      2.73696e-01       2.19892e-01       2.55761e-01
   84  8.40e-05      2.81726e-01       2.32150e-01       2.65201e-01
   85  8.50e-05      2.90686e-01       2.78781e-01       2.86718e-01
   86  8.60e-05      2.87894e-01       2.34813e-01       2.70200e-01
   87  8.70e-05      2.89425e-01       2.07924e-01       2.62258e-01
   88  8.80e-05      2.92926e-01       2.58199e-01       2.81350e-01
   89  8.90e-05      3.00234e-01       2.49922e-01       2.83463e-01
   90  9.00e-05      3.02033e-01       2.59393e-01       2.87820e-01
   91  9.10e-05      3.03796e-01       2.17300e-01       2.74964e-01
   92  9.20e-05      3.03236e-01       2.35239e-01       2.80570e-01
   93  9.30e-05      3.06854e-01       2.47309e-01       2.87006e-01
   94  9.40e-05      3.09888e-01       2.57321e-01       2.92365e-01
   95  9.50e-05      3.09989e-01       2.51986e-01       2.90655e-01
   96  9.60e-05      3.09422e-01       2.40712e-01       2.86519e-01
   97  9.70e-05      3.09604e-01       2.35835e-01       2.85014e-01
   98  9.80e-05      3.07163e-01       2.40853e-01       2.85060e-01
   99  9.90e-05      3.06984e-01       2.63101e-01       2.92356e-01
  100  1.00e-04      3.12080e-01       2.47058e-01       2.90406e-01
  101  1.01e-04      3.08577e-01       2.46375e-01       2.87843e-01
  102  1.02e-04      3.07024e-01       2.48583e-01       2.87544e-01
  103  1.03e-04      3.09555e-01       2.38597e-01       2.85902e-01
  104  1.04e-04      3.14325e-01       2.60275e-01       2.96308e-01
  105  1.05e-04      3.23158e-01       2.42533e-01       2.96283e-01
  106  1.06e-04      3.24881e-01       2.20520e-01       2.90094e-01
  107  1.07e-04      3.34799e-01       2.37304e-01       3.02301e-01
  108  1.08e-04      3.40460e-01       2.80923e-01       3.20614e-01
  109  1.09e-04      3.48831e-01       2.62097e-01       3.19919e-01
  110  1.10e-04      3.47989e-01       2.75899e-01       3.23959e-01
  111  1.11e-04      3.47816e-01       2.61176e-01       3.18936e-01
  112  1.12e-04      3.48642e-01       2.87684e-01       3.28322e-01
  113  1.13e-04      3.54847e-01       2.73208e-01       3.27634e-01
  114  1.14e-04      3.46026e-01       2.65254e-01       3.19102e-01
  115  1.15e-04      3.49029e-01       2.41575e-01       3.13211e-01
  116  1.16e-04      3.49503e-01       2.70187e-01       3.23064e-01
  117  1.17e-04      3.55682e-01       2.44371e-01       3.18579e-01
  118  1.18e-04      3.55766e-01       2.61089e-01       3.24207e-01
  119  1.19e-04      3.57629e-01       3.30198e-01       3.48485e-01
  120  1.20e-04      3.54104e-01       2.71846e-01       3.26685e-01
  121  1.21e-04      3.54224e-01       2.70601e-01       3.26350e-01
  122  1.22e-04      3.53992e-01       2.83676e-01       3.30553e-01
  123  1.23e-04      3.55884e-01       2.83840e-01       3.31869e-01
  124  1.24e-04      3.58035e-01       2.13609e-01       3.09893e-01
  125  1.25e-04      3.62680e-01       2.66668e-01       3.30676e-01
  126  1.26e-04      3.65677e-01       2.32296e-01       3.21216e-01
  127  1.27e-04      3.72220e-01       2.78830e-01       3.41090e-01
  128  1.28e-04      3.83452e-01       2.94919e-01       3.53941e-01
  129  1.29e-04      3.94542e-01       2.91869e-01       3.60318e-01
  130  1.30e-04      3.96387e-01       2.66930e-01       3.53235e-01
  131  1.31e-04      4.08409e-01       2.41005e-01       3.52608e-01
  132  1.32e-04      4.04165e-01       2.81396e-01       3.63242e-01
  133  1.33e-04      4.13894e-01       2.57255e-01       3.61681e-01
  134  1.34e-04      4.09335e-01       2.66583e-01       3.61751e-01
  135  1.35e-04      4.13157e-01       2.84498e-01       3.70270e-01
  136  1.36e-04      4.17949e-01       2.84948e-01       3.73615e-01
  137  1.37e-04      4.33732e-01       3.12311e-01       3.93258e-01
  138  1.38e-04      4.31580e-01       3.08321e-01       3.90494e-01
  139  1.39e-04      4.30655e-01       2.48176e-01       3.69828e-01
  140  1.40e-04      4.37768e-01       2.93556e-01       3.89698e-01
  141  1.41e-04      4.38044e-01       3.07913e-01       3.94667e-01
  142  1.42e-04      4.42364e-01       2.62753e-01       3.82494e-01
  143  1.43e-04      4.46152e-01       3.10966e-01       4.01090e-01
  144  1.44e-04      4.56734e-01       2.68284e-01       3.93917e-01
  145  1.45e-04      4.73327e-01       2.83524e-01       4.10060e-01
  146  1.46e-04      4.79320e-01       3.14879e-01       4.24506e-01
  147  1.47e-04      4.85494e-01       3.15529e-01       4.28839e-01
  148  1.48e-04      4.87833e-01       2.69981e-01       4.15216e-01
  149  1.49e-04      4.88197e-01       3.34824e-01       4.37073e-01
  150  1.50e-04      4.90114e-01       2.91160e-01       4.23796e-01
  151  1.51e-04      4.90335e-01       2.65364e-01       4.15345e-01
  152  1.52e-04      4.85016e-01       3.24735e-01       4.31589e-01
  153  1.53e-04      4.93025e-01       3.02645e-01       4.29565e-01
  154  1.54e-04      4.98498e-01       3.06619e-01       4.34539e-01
  155  1.55e-04      4.97078e-01       2.70072e-01       4.21410e-01
  156  1.56e-04      5.00664e-01       2.81350e-01       4.27559e-01
  157  1.57e-04      5.04948e-01       2.98991e-01       4.36296e-01
  158  1.58e-04      5.01091e-01       2.80443e-01       4.27542e-01
  159  1.59e-04      5.09390e-01       2.81076e-01       4.33285e-01
  160  1.60e-04      5.11602e-01       2.63240e-01       4.28815e-01
  161  1.61e-04      5.16170e-01       2.55483e-01       4.29275e-01
  162  1.62e-04      5.30628e-01       2.79401e-01       4.46886e-01
  163  1.63e-04      5.35549e-01       2.85904e-01       4.52334e-01
  164  1.64e-04      5.32149e-01       2.58640e-01       4.40979e-01
  165  1.65e-04      5.31015e-01       3.34696e-01       4.65575e-01
  166  1.66e-04      5.43478e-01       3.07918e-01       4.64958e-01
  167  1.67e-04      5.50993e-01       2.71821e-01       4.57936e-01
  168  1.68e-04      5.49593e-01       2.86284e-01       4.61823e-01
  169  1.69e-04      5.52600e-01       2.56976e-01       4.54059e-01
  170  1.70e-04      5.63890e-01       2.57728e-01       4.61836e-01
  171  1.71e-04      5.72202e-01       2.75266e-01       4.73223e-01
  172  1.72e-04      5.59036e-01       2.80065e-01       4.66045e-01
  173  1.73e-04      5.66841e-01       2.26096e-01       4.53259e-01
  174  1.74e-04      5.68590e-01       2.63273e-01       4.66818e-01
  175  1.75e-04      5.79663e-01       2.74506e-01       4.77944e-01
  176  1.76e-04      5.78769e-01       2.65687e-01       4.74408e-01
  177  1.77e-04      5.80254e-01       2.35997e-01       4.65502e-01
  178  1.78e-04      5.81426e-01       2.73936e-01       4.78930e-01
  179  1.79e-04      5.92158e-01       2.57984e-01       4.80766e-01
  180  1.80e-04      5.94869e-01       2.55796e-01       4.81845e-01
  181  1.81e-04      5.90515e-01       2.52804e-01       4.77944e-01
  182  1.82e-04      6.01196e-01       2.87550e-01       4.96647e-01
  183  1.83e-04      5.96513e-01       2.81173e-01       4.91400e-01
  184  1.84e-04      6.02411e-01       2.62299e-01       4.89040e-01
  185  1.85e-04      6.12558e-01       2.98585e-01       5.07900e-01
  186  1.86e-04      6.18840e-01       2.63060e-01       5.00247e-01
  187  1.87e-04      6.20612e-01       2.36206e-01       4.92477e-01
  188  1.88e-04      6.30489e-01       2.60254e-01       5.07077e-01
  189  1.89e-04      6.30862e-01       2.87834e-01       5.16519e-01
  190  1.90e-04      6.45314e-01       2.56319e-01       5.15649e-01
  191  1.91e-04      6.50302e-01       2.88043e-01       5.29549e-01
  192  1.92e-04      6.41133e-01       2.68326e-01       5.16864e-01
  193  1.93e-04      6.46408e-01       2.69875e-01       5.20897e-01
  194  1.94e-04      6.52228e-01       3.13048e-01       5.39168e-01
  195  1.95e-04      6.46391e-01       3.06800e-01       5.33194e-01
  196  1.96e-04      6.43672e-01       3.09882e-01       5.32409e-01
  197  1.97e-04      6.45564e-01       2.69746e-01       5.20292e-01
  198  1.98e-04      6.47175e-01       2.92402e-01       5.28917e-01
  199  1.99e-04      6.47409e-01       2.89106e-01       5.27975e-01
  200  2.00e-04      6.42888e-01       2.92470e-01       5.26082e-01
  201  2.01e-04      6.38107e-01       3.07314e-01       5.27843e-01
  202  2.02e-04      6.45073e-01       3.20633e-01       5.36926e-01
  203  2.03e-04      6.57341e-01       2.77246e-01       5.30643e-01
  204  2.04e-04      6.60544e-01       2.69741e-01       5.30277e-01
  205  2.05e-04      6.60643e-01       2.99652e-01       5.40313e-01
  206  2.06e-04      6.49513e-01       2.47387e-01       5.15471e-01
  207  2.07e-04      6.53448e-01       2.67829e-01       5.24909e-01
  208  2.08e-04      6.60036e-01       2.76655e-01       5.32242e-01
  209  2.09e-04      6.70383e-01       3.09234e-01       5.50000e-01
  210  2.10e-04      6.70676e-01       3.05183e-01       5.48845e-01
  211  2.11e-04      6.75909e-01       2.99898e-01       5.50572e-01
  212  2.12e-04      6.81882e-01       2.62338e-01       5.42034e-01
  213  2.13e-04      6.91423e-01       3.59900e-01       5.80915e-01
  214  2.14e-04      7.02223e-01       2.92962e-01       5.65803e-01
  215  2.15e-04      7.02688e-01       2.47765e-01       5.51047e-01
  216  2.16e-04      7.01695e-01       3.38165e-01       5.80518e-01
  217  2.17e-04      7.15916e-01       2.84520e-01       5.72117e-01
  218  2.18e-04      7.22199e-01       2.54392e-01       5.66263e-01
  219  2.19e-04      7.21745e-01       3.15589e-01       5.86360e-01
  220  2.20e-04      7.28725e-01       3.00886e-01       5.86112e-01
  221  2.21e-04      7.33695e-01       2.67863e-01       5.78418e-01
  222  2.22e-04      7.31711e-01       2.54201e-01       5.72541e-01
  223  2.23e-04      7.34538e-01       3.07205e-01       5.92094e-01
  224  2.24e-04      7.34786e-01       2.68011e-01       5.79194e-01
  225  2.25e-04      7.44299e-01       2.58212e-01       5.82270e-01
  226  2.26e-04      7.54593e-01       2.81877e-01       5.97021e-01
  227  2.27e-04      7.61439e-01       2.67431e-01       5.96770e-01
  228  2.28e-04      7.66931e-01       2.70979e-01       6.01613e-01
  229  2.29e-04      7.77075e-01       2.53228e-01       6.02459e-01
  230  2.30e-04      7.77263e-01       2.75341e-01       6.09956e-01
  231  2.31e-04      7.77696e-01       3.06944e-01       6.20779e-01
  232  2.32e-04      7.85641e-01       2.55524e-01       6.08935e-01
  233  2.33e-04      7.81819e-01       3.00421e-01       6.21353e-01
  234  2.34e-04      7.95811e-01       2.54583e-01       6.15401e-01
  235  2.35e-04      8.01409e-01       2.97459e-01       6.33426e-01
  236  2.36e-04      8.11498e-01       2.40306e-01       6.21101e-01
  237  2.37e-04      8.22297e-01       2.38344e-01       6.27646e-01
  238  2.38e-04      8.21931e-01       3.06250e-01       6.50037e-01
  239  2.39e-04      8.24508e-01       3.02458e-01       6.50492e-01
  240  2.40e-04      8.29864e-01       3.03614e-01       6.54448e-01
  241  2.41e-04      8.20443e-01       3.00767e-01       6.47217e-01
  242  2.42e-04      8.36016e-01       2.70008e-01       6.47347e-01
  243  2.43e-04      8.38810e-01       3.32498e-01       6.70039e-01
  244  2.44e-04      8.49902e-01       2.70205e-01       6.56670e-01
  245  2.45e-04      8.61555e-01       2.81982e-01       6.68364e-01
  246  2.46e-04      8.83797e-01       2.93366e-01       6.86987e-01
  247  2.47e-04      8.99983e-01       3.86462e-01       7.28810e-01
  248  2.48e-04      9.06541e-01       3.30271e-01       7.14451e-01
  249  2.49e-04      9.04646e-01       3.16241e-01       7.08511e-01
  250  2.50e-04      8.91175e-01       3.14114e-01       6.98822e-01
  251  2.51e-04      8.91768e-01       2.85821e-01       6.89786e-01
  252  2.52e-04      8.91879e-01       3.41020e-01       7.08260e-01
  253  2.53e-04      8.93432e-01       2.73235e-01       6.86700e-01
  254  2.54e-04      9.02992e-01       3.11841e-01       7.05942e-01
  255  2.55e-04      9.08572e-01       2.81084e-01       6.99409e-01
  256  2.56e-04      9.22410e-01       2.95955e-01       7.13592e-01
  257  2.57e-04      9.35229e-01       2.73028e-01       7.14495e-01
  258  2.58e-04      9.41351e-01       2.69035e-01       7.17246e-01
  259  2.59e-04      9.45390e-01       3.09058e-01       7.33279e-01
  260  2.60e-04      9.45489e-01       3.17968e-01       7.36315e-01
  261  2.61e-04      9.48860e-01       2.76069e-01       7.24596e-01
  262  2.62e-04      9.54639e-01       2.58068e-01       7.22448e-01
  263  2.63e-04      9.67165e-01       2.70636e-01       7.34988e-01
  264  2.64e-04      9.74327e-01       3.29305e-01       7.59320e-01
  265  2.65e-04      9.79696e-01       3.12702e-01       7.57365e-01
  266  2.66e-04      9.87572e-01       2.95593e-01       7.56913e-01
  267  2.67e-04      9.95004e-01       3.00166e-01       7.63392e-01
  268  2.68e-04      9.97956e-01       3.17668e-01       7.71193e-01
  269  2.69e-04      9.92618e-01       3.15388e-01       7.66874e-01
  270  2.70e-04      1.00802e+00       2.88230e-01       7.68091e-01
  271  2.71e-04      1.01331e+00       3.26588e-01       7.84403e-01
  272  2.72e-04      1.02779e+00       3.43741e-01       7.99772e-01
  273  2.73e-04      1.03128e+00       2.42931e-01       7.68494e-01
  274  2.74e-04      1.04512e+00       2.43729e-01       7.77993e-01
  275  2.75e-04      1.05740e+00       2.92826e-01       8.02539e-01
  276  2.76e-04      1.08655e+00       3.44005e-01       8.39032e-01
  277  2.77e-04      1.08070e+00       3.04138e-01       8.21844e-01
  278  2.78e-04      1.08774e+00       2.98708e-01       8.24729e-01
  279  2.79e-04      1.08536e+00       3.03537e-01       8.24754e-01
  280  2.80e-04      1.08547e+00       2.71812e-01       8.14251e-01
  281  2.81e-04      1.09846e+00       2.89145e-01       8.28692e-01
  282  2.82e-04      1.10901e+00       2.65697e-01       8.27903e-01
  283  2.83e-04      1.10158e+00       2.75812e-01       8.26324e-01
  284  2.84e-04      1.09736e+00       2.89173e-01       8.27963e-01
  285  2.85e-04      1.09676e+00       3.13172e-01       8.35561e-01
  286  2.86e-04      1.10880e+00       2.91795e-01       8.36462e-01
  287  2.87e-04      1.11584e+00       3.24161e-01       8.51945e-01
  288  2.88e-04      1.11547e+00       3.20371e-01       8.50434e-01
  289  2.89e-04      1.11356e+00       3.17625e-01       8.48246e-01
  290  2.90e-04      1.12931e+00       3.60597e-01       8.73072e-01
  291  2.91e-04      1.12664e+00       2.89888e-01       8.47723e-01
  292  2.92e-04      1.13060e+00       3.41764e-01       8.67656e-01
  293  2.93e-04      1.14656e+00       3.23348e-01       8.72158e-01
  294  2.94e-04      1.14330e+00       3.76716e-01       8.87775e-01
  295  2.95e-04      1.14288e+00       3.03278e-01       8.63011e-01
  296  2.96e-04      1.14103e+00       3.43390e-01       8.75150e-01
  297  2.97e-04      1.14755e+00       3.07136e-01       8.67411e-01
  298  2.98e-04      1.14761e+00       2.63528e-01       8.52914e-01
  299  2.99e-04      1.15322e+00       2.54259e-01       8.53564e-01
  300  3.00e-04      1.15882e+00       2.77105e-01       8.64916e-01
  301  3.01e-04      1.16595e+00       2.52235e-01       8.61380e-01
  302  3.02e-04      1.18349e+00       2.61923e-01       8.76299e-01
  303  3.03e-04      1.17670e+00       3.02087e-01       8.85164e-01
  304  3.04e-04      1.19228e+00       2.79272e-01       8.87941e-01
  305  3.05e-04      1.19763e+00       2.51825e-01       8.82364e-01
  306  3.06e-04      1.21745e+00       3.10873e-01       9.15258e-01
  307  3.07e-04      1.22473e+00       2.68994e-01       9.06153e-01
  308  3.08e-04      1.23065e+00       2.55621e-01       9.05641e-01
  309  3.09e-04      1.22177e+00       3.08457e-01       9.17331e-01
  310  3.10e-04      1.22403e+00       3.18138e-01       9.22065e-01
  311  3.11e-04      1.22579e+00       2.51134e-01       9.00905e-01
  312  3.12e-04      1.22409e+00       3.05108e-01       9.17763e-01
  313  3.13e-04      1.21367e+00       2.75228e-01       9.00854e-01
  314  3.14e-04      1.23054e+00       2.93041e-01       9.18043e-01
  315  3.15e-04      1.23346e+00       2.82032e-01       9.16321e-01
  316  3.16e-04      1.23992e+00       2.66056e-01       9.15298e-01
  317  3.17e-04      1.24690e+00       2.84208e-01       9.26005e-01
  318  3.18e-04      1.24138e+00       2.84347e-01       9.22370e-01
  319  3.19e-04      1.23814e+00       2.89384e-01       9.21888e-01
  320  3.20e-04      1.23814e+00       2.90025e-01       9.22098e-01
  321  3.21e-04      1.24918e+00       3.08752e-01       9.35702e-01
  322  3.22e-04      1.26072e+00       2.63414e-01       9.28283e-01
  323  3.23e-04      1.25598e+00       3.03131e-01       9.38361e-01
  324  3.24e-04      1.27650e+00       2.94687e-01       9.49228e-01
  325  3.25e-04      1.28032e+00       2.96082e-01       9.52239e-01
  326  3.26e-04      1.27188e+00       3.01233e-01       9.48329e-01
  327  3.27e-04      1.27313e+00       3.03165e-01       9.49807e-01
  328  3.28e-04      1.27958e+00       3.11338e-01       9.56831e-01
  329  3.29e-04      1.27648e+00       2.61107e-01       9.38021e-01
  330  3.30e-04      1.28302e+00       2.81234e-01       9.49094e-01
  331  3.31e-04      1.28226e+00       2.91939e-01       9.52154e-01
  332  3.32e-04      1.30245e+00       2.96989e-01       9.67293e-01
  333  3.33e-04      1.30680e+00       2.48674e-01       9.54093e-01
  334  3.34e-04      1.30361e+00       3.20748e-01       9.75992e-01
  335  3.35e-04      1.30215e+00       2.93788e-01       9.66028e-01
  336  3.36e-04      1.28888e+00       2.76823e-01       9.51526e-01
  337  3.37e-04      1.30167e+00       3.29501e-01       9.77612e-01
  338  3.38e-04      1.29747e+00       2.97760e-01       9.64232e-01
  339  3.39e-04      1.29788e+00       3.15052e-01       9.70267e-01
  340  3.40e-04      1.29605e+00       3.40249e-01       9.77451e-01
  341  3.41e-04      1.29193e+00       3.09398e-01       9.64420e-01
  342  3.42e-04      1.29570e+00       2.55623e-01       9.49005e-01
  343  3.43e-04      1.30794e+00       3.45730e-01       9.87205e-01
  344  3.44e-04      1.30208e+00       2.84244e-01       9.62802e-01
  345  3.45e-04      1.31453e+00       3.39373e-01       9.89479e-01
  346  3.46e-04      1.32808e+00       3.16496e-01       9.90883e-01
  347  3.47e-04      1.33329e+00       2.63247e-01       9.76612e-01
  348  3.48e-04      1.34765e+00       2.71764e-01       9.89024e-01
  349  3.49e-04      1.35679e+00       3.23234e-01       1.01227e+00
  350  3.50e-04      1.35452e+00       2.61956e-01       9.90335e-01
  351  3.51e-04      1.35851e+00       2.88138e-01       1.00172e+00
  352  3.52e-04      1.35977e+00       3.36148e-01       1.01856e+00
  353  3.53e-04      1.37105e+00       2.95663e-01       1.01259e+00
  354  3.54e-04      1.37543e+00       3.23963e-01       1.02494e+00
  355  3.55e-04      1.36610e+00       3.24364e-01       1.01886e+00
  356  3.56e-04      1.37177e+00       3.13678e-01       1.01907e+00
  357  3.57e-04      1.36886e+00       3.08898e-01       1.01554e+00
  358  3.58e-04      1.35055e+00       2.93369e-01       9.98154e-01
  359  3.59e-04      1.35008e+00       2.84569e-01       9.94907e-01
  360  3.60e-04      1.36104e+00       2.77956e-01       1.00001e+00
  361  3.61e-04      1.36368e+00       3.19640e-01       1.01567e+00
  362  3.62e-04      1.34816e+00       3.37844e-01       1.01139e+00
  363  3.63e-04      1.34459e+00       3.29225e-01       1.00614e+00
  364  3.64e-04      1.34216e+00       2.91583e-01       9.91968e-01
  365  3.65e-04      1.34297e+00       3.34299e-01       1.00675e+00
  366  3.66e-04      1.34593e+00       3.01293e-01       9.97716e-01
  367  3.67e-04      1.33558e+00       3.07040e-01       9.92733e-01
  368  3.68e-04      1.34891e+00       3.06100e-01       1.00131e+00
  369  3.69e-04      1.35189e+00       3.94336e-01       1.03270e+00
  370  3.70e-04      1.35580e+00       2.91508e-01       1.00103e+00
  371  3.71e-04      1.36859e+00       3.09891e-01       1.01569e+00
  372  3.72e-04      1.36944e+00       3.24792e-01       1.02122e+00
  373  3.73e-04      1.36046e+00       3.46968e-01       1.02263e+00
  374  3.74e-04      1.37628e+00       3.60688e-01       1.03775e+00
  375  3.75e-04      1.36812e+00       3.52966e-01       1.02973e+00
  376  3.76e-04      1.37167e+00       3.64534e-01       1.03596e+00
  377  3.77e-04      1.37644e+00       3.41906e-01       1.03159e+00
  378  3.78e-04      1.38201e+00       3.27826e-01       1.03061e+00
  379  3.79e-04      1.40171e+00       3.42479e-01       1.04864e+00
  380  3.80e-04      1.40847e+00       3.81441e-01       1.06613e+00
  381  3.81e-04      1.39979e+00       2.95386e-01       1.03166e+00
  382  3.82e-04      1.40630e+00       3.62578e-01       1.05839e+00
  383  3.83e-04      1.40154e+00       3.42377e-01       1.04849e+00
  384  3.84e-04      1.40134e+00       3.71576e-01       1.05809e+00
  385  3.85e-04      1.41109e+00       3.18317e-01       1.04683e+00
  386  3.86e-04      1.41154e+00       3.79907e-01       1.06766e+00
  387  3.87e-04      1.40739e+00       3.45475e-01       1.05342e+00
  388  3.88e-04      1.40013e+00       3.66647e-01       1.05563e+00
  389  3.89e-04      1.41810e+00       3.74818e-01       1.07034e+00
  390  3.90e-04      1.42772e+00       3.48172e-01       1.06787e+00
  391  3.91e-04      1.42180e+00       3.09509e-01       1.05104e+00
  392  3.92e-04      1.42230e+00       2.94284e-01       1.04630e+00
  393  3.93e-04      1.42366e+00       3.31303e-01       1.05954e+00
  394  3.94e-04      1.42785e+00       3.05255e-01       1.05365e+00
  395  3.95e-04      1.42618e+00       3.88152e-01       1.08017e+00
  396  3.96e-04      1.44102e+00       3.24131e-01       1.06873e+00
  397  3.97e-04      1.43998e+00       3.14388e-01       1.06478e+00
  398  3.98e-04      1.45041e+00       3.08662e-01       1.06983e+00
  399  3.99e-04      1.47603e+00       3.44373e-01       1.09881e+00
  400  4.00e-04      1.47045e+00       2.60778e-01       1.06722e+00
  401  4.01e-04      1.49046e+00       3.21052e-01       1.10066e+00
  402  4.02e-04      1.47896e+00       3.70772e-01       1.10957e+00
  403  4.03e-04      1.47070e+00       2.95114e-01       1.07884e+00
  404  4.04e-04      1.48558e+00       2.86131e-01       1.08576e+00
  405  4.05e-04      1.48144e+00       3.17762e-01       1.09355e+00
  406  4.06e-04      1.48951e+00       3.06872e-01       1.09529e+00
  407  4.07e-04      1.49548e+00       2.87148e-01       1.09270e+00
  408  4.08e-04      1.49600e+00       3.50806e-01       1.11427e+00
  409  4.09e-04      1.50268e+00       3.26553e-01       1.11064e+00
  410  4.10e-04      1.48952e+00       3.07336e-01       1.09546e+00
  411  4.11e-04      1.49897e+00       2.68965e-01       1.08897e+00
  412  4.12e-04      1.49563e+00       3.04132e-01       1.09846e+00
  413  4.13e-04      1.51082e+00       2.94081e-01       1.10524e+00
  414  4.14e-04      1.51127e+00       3.17873e-01       1.11347e+00
  415  4.15e-04      1.52109e+00       2.93188e-01       1.11179e+00
  416  4.16e-04      1.54847e+00       2.90264e-01       1.12907e+00
  417  4.17e-04      1.54316e+00       3.36171e-01       1.14083e+00
  418  4.18e-04      1.55175e+00       2.79073e-01       1.12753e+00
  419  4.19e-04      1.56167e+00       3.12592e-01       1.14531e+00
  420  4.20e-04      1.55501e+00       2.84462e-01       1.13149e+00
  421  4.21e-04      1.59152e+00       2.53920e-01       1.14565e+00
  422  4.22e-04      1.60361e+00       3.36007e-01       1.18107e+00
  423  4.23e-04      1.59269e+00       2.69776e-01       1.15172e+00
  424  4.24e-04      1.60415e+00       2.99177e-01       1.16916e+00
  425  4.25e-04      1.60191e+00       2.68261e-01       1.15736e+00
  426  4.26e-04      1.59979e+00       2.95687e-01       1.16509e+00
  427  4.27e-04      1.60673e+00       2.83556e-01       1.16567e+00
  428  4.28e-04      1.60094e+00       3.03282e-01       1.16839e+00
  429  4.29e-04      1.59437e+00       2.54288e-01       1.14767e+00
  430  4.30e-04      1.60054e+00       2.67794e-01       1.15629e+00
  431  4.31e-04      1.61334e+00       3.20972e-01       1.18255e+00
  432  4.32e-04      1.60804e+00       2.43999e-01       1.15336e+00
  433  4.33e-04      1.61460e+00       2.98015e-01       1.17574e+00
  434  4.34e-04      1.62544e+00       2.34463e-01       1.16178e+00
  435  4.35e-04      1.63855e+00       2.72919e-01       1.18334e+00
  436  4.36e-04      1.63855e+00       2.60010e-01       1.17903e+00
  437  4.37e-04      1.64324e+00       2.65292e-01       1.18392e+00
  438  4.38e-04      1.64625e+00       2.72298e-01       1.18827e+00
  439  4.39e-04      1.65380e+00       3.08484e-01       1.20536e+00
  440  4.40e-04      1.66656e+00       2.62770e-01       1.19863e+00
  441  4.41e-04      1.66644e+00       2.47194e-01       1.19336e+00
  442  4.42e-04      1.68741e+00       2.51241e-01       1.20869e+00
  443  4.43e-04      1.69718e+00       2.72498e-01       1.22229e+00
  444  4.44e-04      1.71130e+00       2.43905e-01       1.22217e+00
  445  4.45e-04      1.71132e+00       2.76403e-01       1.23301e+00
  446  4.46e-04      1.71768e+00       2.56852e-01       1.23073e+00
  447  4.47e-04      1.71495e+00       2.60664e-01       1.23019e+00
  448  4.48e-04      1.71955e+00       3.42083e-01       1.26039e+00
  449  4.49e-04      1.73803e+00       2.68832e-01       1.24830e+00
  450  4.50e-04      1.75008e+00       3.07040e-01       1.26907e+00
  451  4.51e-04      1.75402e+00       3.43834e-01       1.28396e+00
  452  4.52e-04      1.75327e+00       2.79623e-01       1.26205e+00
  453  4.53e-04      1.76156e+00       3.12119e-01       1.27842e+00
  454  4.54e-04      1.75929e+00       2.66912e-01       1.26183e+00
  455  4.55e-04      1.75876e+00       2.58915e-01       1.25881e+00
  456  4.56e-04      1.77353e+00       2.74278e-01       1.27378e+00
  457  4.57e-04      1.75640e+00       2.44194e-01       1.25233e+00
  458  4.58e-04      1.76689e+00       2.25004e-01       1.25293e+00
  459  4.59e-04      1.78237e+00       2.54140e-01       1.27296e+00
  460  4.60e-04      1.79164e+00       3.01203e-01       1.29483e+00
  461  4.61e-04      1.78133e+00       2.89854e-01       1.28417e+00
  462  4.62e-04      1.79538e+00       3.24492e-01       1.30508e+00
  463  4.63e-04      1.78808e+00       3.03673e-01       1.29328e+00
  464  4.64e-04      1.79632e+00       2.71868e-01       1.28817e+00
  465  4.65e-04      1.79880e+00       2.77552e-01       1.29172e+00
  466  4.66e-04      1.81177e+00       2.32135e-01       1.28522e+00
  467  4.67e-04      1.83433e+00       2.83618e-01       1.31742e+00
  468  4.68e-04      1.84526e+00       2.54260e-01       1.31492e+00
  469  4.69e-04      1.85075e+00       2.90979e-01       1.33083e+00
  470  4.70e-04      1.85365e+00       2.87003e-01       1.33143e+00
  471  4.71e-04      1.84691e+00       2.44498e-01       1.31278e+00
  472  4.72e-04      1.87506e+00       3.20967e-01       1.35703e+00
  473  4.73e-04      1.87669e+00       2.49828e-01       1.33441e+00
  474  4.74e-04      1.86570e+00       2.85762e-01       1.33905e+00
  475  4.75e-04      1.87698e+00       2.66098e-01       1.34002e+00
  476  4.76e-04      1.88386e+00       2.70371e-01       1.34603e+00
  477  4.77e-04      1.89343e+00       2.82483e-01       1.35645e+00
  478  4.78e-04      1.91457e+00       2.56954e-01       1.36203e+00
  479  4.79e-04      1.93047e+00       2.91181e-01       1.38404e+00
  480  4.80e-04      1.94879e+00       2.87661e-01       1.39508e+00
  481  4.81e-04      1.94034e+00       2.48576e-01       1.37642e+00
  482  4.82e-04      1.95233e+00       3.20516e-01       1.40839e+00
  483  4.83e-04      1.95993e+00       2.30782e-01       1.38355e+00
  484  4.84e-04      1.96654e+00       2.40707e-01       1.39126e+00
  485  4.85e-04      1.96701e+00       2.54994e-01       1.39634e+00
  486  4.86e-04      1.97628e+00       2.54032e-01       1.40219e+00
  487  4.87e-04      1.97035e+00       2.48233e-01       1.39631e+00
  488  4.88e-04      1.97398e+00       2.26992e-01       1.39165e+00
  489  4.89e-04      1.97150e+00       2.54443e-01       1.39915e+00
  490  4.90e-04      1.97909e+00       2.63642e-01       1.40728e+00
  491  4.91e-04      1.98570e+00       2.46338e-01       1.40591e+00
  492  4.92e-04      1.98633e+00       2.69914e-01       1.41419e+00
  493  4.93e-04      1.97121e+00       2.60399e-01       1.40094e+00
  494  4.94e-04      1.98676e+00       2.92940e-01       1.42215e+00
  495  4.95e-04      1.98443e+00       2.84590e-01       1.41781e+00
  496  4.96e-04      1.95782e+00       2.75292e-01       1.39698e+00
  497  4.97e-04      1.99999e+00       3.04190e-01       1.43472e+00
  498  4.98e-04      2.01665e+00       3.04055e-01       1.44578e+00
  499  4.99e-04      2.01365e+00       2.58652e-01       1.42865e+00
