Delta = 1.579e-01 gamma
 step      t        T_in_plane/mK   T_out_of_plane/mK   T_tot/mK
    0  0.00e+00      1.88638e-29       0.00000e+00       1.25759e-29
    1  1.00e-05      3.67476e-02       4.64224e-02       3.99725e-02
    2  2.00e-05      7.50403e-02       9.28505e-02       8.09770e-02
    3  3.00e-05      9.98226e-02       1.15450e-01       1.05032e-01
    4  4.00e-05      1.36169e-01       1.44663e-01       1.39000e-01
    5  5.00e-05      1.72744e-01       1.63477e-01       1.69655e-01
    6  6.00e-05      2.04914e-01       2.19750e-01       2.09860e-01
    7  7.00e-05      2.44727e-01       2.16167e-01       2.35207e-01
    8  8.00e-05      3.02830e-01       2.93223e-01       2.99628e-01
    9  9.00e-05      3.17139e-01       2.26074e-01       2.86784e-01
   10  1.00e-04      3.70730e-01       2.17496e-01       3.19652e-01
   11  1.10e-04      4.04020e-01       2.68703e-01       3.58914e-01
   12  1.20e-04      4.38304e-01       2.91071e-01       3.89227e-01
   13  1.30e-04      4.63825e-01       2.90072e-01       4.05908e-01
   14  1.40e-04      4.71949e-01       3.10780e-01       4.18226e-01
   15  1.50e-04      4.75292e-01       2.81180e-01       4.10588e-01
   16  1.60e-04      5.31735e-01       2.65049e-01       4.42840e-01
   17  1.70e-04      5.15869e-01       2.84121e-01       4.38620e-01
   18  1.80e-04      5.41484e-01       2.95830e-01       4.59600e-01
   19  1.90e-04      6.09686e-01       2.56043e-01       4.91805e-01
   20  2.00e-04      6.21431e-01       2.59779e-01       5.00880e-01
   21  2.10e-04      6.67138e-01       2.91136e-01       5.41804e-01
   22  2.20e-04      6.79096e-01       2.58622e-01       5.38938e-01
   23  2.30e-04      7.00917e-01       2.94709e-01       5.65514e-01
   24  2.40e-04      7.26597e-01       2.87302e-01       5.80165e-01
   25  2.50e-04      7.63165e-01       3.11148e-01       6.12492e-01
   26  2.60e-04      8.15918e-01       3.07954e-01       6.46597e-01
   27  2.70e-04      8.50879e-01       3.30245e-01       6.77335e-01
   28  2.80e-04      8.65965e-01       3.27159e-01       6.86363e-01
   29  2.90e-04      9.26069e-01       2.71501e-01       7.07880e-01
   30  3.00e-04      9.36151e-01       3.00555e-01       7.24286e-01
   31  3.10e-04      9.86674e-01       2.76679e-01       7.50009e-01
   32  3.20e-04      1.00901e+00       3.32445e-01       7.83487e-01
   33  3.30e-04      1.05046e+00       2.73117e-01       7.91346e-01
   34  3.40e-04      1.11739e+00       2.52779e-01       8.29188e-01
   35  3.50e-04      1.14838e+00       2.90079e-01       8.62283e-01
   36  3.60e-04      1.13594e+00       2.62342e-01       8.44738e-01
   37  3.70e-04      1.15575e+00       2.66135e-01       8.59209e-01
   38  3.80e-04      1.17749e+00       3.03631e-01       8.86206e-01
   39  3.90e-04      1.21040e+00       2.55782e-01       8.92196e-01
   40  4.00e-04      1.16978e+00       2.50629e-01       8.63394e-01
   41  4.10e-04      1.19271e+00       2.60600e-01       8.82007e-01
   42  4.20e-04      1.19876e+00       3.49800e-01       9.15772e-01
   43  4.30e-04      1.21702e+00       2.63959e-01       8.99331e-01
   44  4.40e-04      1.23534e+00       2.74570e-01       9.15085e-01
   45  4.50e-04      1.29126e+00       2.91200e-01       9.57910e-01
   46  4.60e-04      1.28652e+00       3.41536e-01       9.71526e-01
   47  4.70e-04      1.33378e+00       2.84637e-01       9.84066e-01
   48  4.80e-04      1.31750e+00       3.07323e-01       9.80776e-01
   49  4.90e-04      1.36220e+00       2.93891e-01       1.00609e+00
   50  5.00e-04      1.36160e+00       3.29584e-01       1.01759e+00
   51  5.10e-04      1.38839e+00       3.05622e-01       1.02747e+00
   52  5.20e-04      1.46814e+00       3.03090e-01       1.07979e+00
   53  5.30e-04      1.43790e+00       2.48777e-01       1.04152e+00
   54  5.40e-04      1.51320e+00       2.67459e-01       1.09795e+00
   55  5.50e-04      1.53089e+00       3.31776e-01       1.13119e+00
   56  5.60e-04      1.57500e+00       2.81787e-01       1.14393e+00
   57  5.70e-04      1.56956e+00       2.93116e-01       1.14408e+00
   58  5.80e-04      1.64229e+00       3.29701e-01       1.20476e+00
   59  5.90e-04      1.75539e+00       3.06659e-01       1.27248e+00
   60  6.00e-04      1.81634e+00       2.78298e-01       1.30366e+00
   61  6.10e-04      1.85304e+00       2.99819e-01       1.33530e+00
   62  6.20e-04      1.88120e+00       3.13276e-01       1.35856e+00
   63  6.30e-04      1.89740e+00       3.17413e-01       1.37074e+00
   64  6.40e-04      1.96105e+00       2.86195e-01       1.40277e+00
   65  6.50e-04      1.99784e+00       3.19720e-01       1.43847e+00
   66  6.60e-04      1.99659e+00       3.52165e-01       1.44845e+00
   67  6.70e-04      2.03841e+00       2.95770e-01       1.45753e+00
   68  6.80e-04      2.09527e+00       2.61374e-01       1.48397e+00
   69  6.90e-04      2.10310e+00       3.38197e-01       1.51480e+00
   70  7.00e-04      2.04937e+00       3.57437e-01       1.48539e+00
   71  7.10e-04      2.04884e+00       3.42259e-01       1.47998e+00
   72  7.20e-04      2.16613e+00       3.07550e-01       1.54660e+00
   73  7.30e-04      2.22713e+00       3.32761e-01       1.59567e+00
   74  7.40e-04      2.27108e+00       2.96578e-01       1.61291e+00
   75  7.50e-04      2.30356e+00       3.13850e-01       1.64032e+00
   76  7.60e-04      2.38249e+00       3.10607e-01       1.69186e+00
   77  7.70e-04      2.39263e+00       2.96853e-01       1.69404e+00
   78  7.80e-04      2.45485e+00       2.93950e-01       1.73455e+00
   79  7.90e-04      2.48991e+00       3.28402e-01       1.76940e+00
   80  8.00e-04      2.51890e+00       3.14995e-01       1.78426e+00
   81  8.10e-04      2.48409e+00       2.70006e-01       1.74606e+00
   82  8.20e-04      2.49476e+00       3.12133e-01       1.76722e+00
   83  8.30e-04      2.50000e+00       2.87140e-01       1.76238e+00
   84  8.40e-04      2.55161e+00       2.81906e-01       1.79504e+00
   85  8.50e-04      2.68684e+00       2.73538e-01       1.88241e+00
   86  8.60e-04      2.73403e+00       2.64933e-01       1.91100e+00
   87  8.70e-04      2.80776e+00       2.30373e-01       1.94863e+00
   88  8.80e-04      2.94428e+00       2.67279e-01       2.05195e+00
   89  8.90e-04      2.91319e+00       2.72467e-01       2.03295e+00
   90  9.00e-04      2.96703e+00       2.58944e-01       2.06433e+00
   91  9.10e-04      3.01638e+00       2.59225e-01       2.09733e+00
   92  9.20e-04      3.09558e+00       2.53940e-01       2.14837e+00
   93  9.30e-04      3.15458e+00       2.90517e-01       2.19989e+00
   94  9.40e-04      3.19547e+00       2.65753e-01       2.21890e+00
   95  9.50e-04      3.28152e+00       2.32196e-01       2.26508e+00
   96  9.60e-04      3.42634e+00       3.05846e-01       2.38618e+00
   97  9.70e-04      3.43768e+00       2.67400e-01       2.38092e+00
   98  9.80e-04      3.50021e+00       2.68342e-01       2.42292e+00
   99  9.90e-04      3.50373e+00       2.63095e-01       2.42352e+00
  100  1.00e-03      3.57126e+00       2.51536e-01       2.46468e+00
  101  1.01e-03      3.66100e+00       2.99542e-01       2.54051e+00
  102  1.02e-03      3.80201e+00       2.12277e-01       2.60543e+00
  103  1.03e-03      3.86236e+00       2.54430e-01       2.65972e+00
  104  1.04e-03      3.91582e+00       2.82613e-01       2.70475e+00
  105  1.05e-03      3.96679e+00       2.99858e-01       2.74448e+00
  106  1.06e-03      3.97903e+00       2.38680e-01       2.73225e+00
  107  1.07e-03      3.99132e+00       2.91964e-01       2.75820e+00
  108  1.08e-03      4.05296e+00       2.76147e-01       2.79402e+00
  109  1.09e-03      4.11935e+00       2.03840e-01       2.81418e+00
  110  1.10e-03      4.15020e+00       2.44309e-01       2.84823e+00
  111  1.11e-03      4.19830e+00       3.00209e-01       2.89894e+00
  112  1.12e-03      4.18616e+00       3.44806e-01       2.90571e+00
  113  1.13e-03      4.28189e+00       2.34397e-01       2.93273e+00
  114  1.14e-03      4.39481e+00       3.14252e-01       3.03463e+00
  115  1.15e-03      4.43928e+00       2.61287e-01       3.04662e+00
  116  1.16e-03      4.42580e+00       3.22513e-01       3.05804e+00
  117  1.17e-03      4.44622e+00       3.57818e-01       3.08342e+00
  118  1.18e-03      4.52025e+00       3.92113e-01       3.14421e+00
  119  1.19e-03      4.51368e+00       3.10667e-01       3.11268e+00
  120  1.20e-03      4.53794e+00       2.77092e-01       3.11766e+00
  121  1.21e-03      4.67431e+00       3.55791e-01       3.23480e+00
  122  1.22e-03      4.75391e+00       3.08617e-01       3.27214e+00
  123  1.23e-03      4.78187e+00       2.97875e-01       3.28720e+00
  124  1.24e-03      4.80999e+00       3.68601e-01       3.32953e+00
  125  1.25e-03      4.86103e+00       3.30411e-01       3.35082e+00
  126  1.26e-03      4.80917e+00       3.56240e-01       3.32486e+00
  127  1.27e-03      4.78738e+00       2.80710e-01       3.28515e+00
  128  1.28e-03      4.85162e+00       2.63397e-01       3.32221e+00
  129  1.29e-03      4.90013e+00       2.65075e-01       3.35511e+00
  130  1.30e-03      4.90423e+00       2.79886e-01       3.36278e+00
  131  1.31e-03      4.96165e+00       2.63298e-01       3.39553e+00
  132  1.32e-03      4.96427e+00       2.70523e-01       3.39969e+00
  133  1.33e-03      5.00995e+00       2.92062e-01       3.43732e+00
  134  1.34e-03      5.17525e+00       3.24213e-01       3.55824e+00
  135  1.35e-03      5.27010e+00       3.13345e-01       3.61785e+00
  136  1.36e-03      5.27892e+00       2.71269e-01       3.60971e+00
  137  1.37e-03      5.31527e+00       2.94123e-01       3.64155e+00
  138  1.38e-03      5.30329e+00       2.82428e-01       3.62967e+00
  139  1.39e-03      5.46054e+00       2.82591e-01       3.73456e+00
  140  1.40e-03      5.50115e+00       2.77596e-01       3.75996e+00
  141  1.41e-03      5.54510e+00       2.76315e-01       3.78884e+00
  142  1.42e-03      5.63448e+00       2.87847e-01       3.85227e+00
  143  1.43e-03      5.66721e+00       2.93518e-01       3.87598e+00
  144  1.44e-03      5.65220e+00       2.74466e-01       3.85962e+00
  145  1.45e-03      5.67937e+00       3.56324e-01       3.90502e+00
  146  1.46e-03      5.63195e+00       3.03533e-01       3.85581e+00
  147  1.47e-03      5.66983e+00       2.73716e-01       3.87113e+00
  148  1.48e-03      5.79410e+00       3.30685e-01       3.97296e+00
  149  1.49e-03      5.81915e+00       3.74541e-01       4.00428e+00
  150  1.50e-03      5.87260e+00       4.04516e-01       4.04991e+00
  151  1.51e-03      5.97242e+00       3.41724e-01       4.09552e+00
  152  1.52e-03      6.06188e+00       3.62704e-01       4.16216e+00
  153  1.53e-03      6.16061e+00       3.95693e-01       4.23897e+00
  154  1.54e-03      6.23489e+00       3.26836e-01       4.26554e+00
  155  1.55e-03      6.28890e+00       3.29756e-01       4.30252e+00
  156  1.56e-03      6.37331e+00       3.45922e-01       4.36418e+00
  157  1.57e-03      6.35267e+00       3.36793e-01       4.34738e+00
  158  1.58e-03      6.44541e+00       3.70761e-01       4.42053e+00
  159  1.59e-03      6.47364e+00       2.99206e-01       4.41550e+00
  160  1.60e-03      6.55261e+00       3.50653e-01       4.48529e+00
  161  1.61e-03      6.58639e+00       3.67813e-01       4.51353e+00
  162  1.62e-03      6.67234e+00       3.34440e-01       4.55970e+00
  163  1.63e-03      6.67134e+00       3.33519e-01       4.55873e+00
  164  1.64e-03      6.76018e+00       3.53380e-01       4.62458e+00
  165  1.65e-03      6.76884e+00       3.17225e-01       4.61830e+00
  166  1.66e-03      6.74715e+00       3.68495e-01       4.62093e+00
  167  1.67e-03      6.79757e+00       3.28784e-01       4.64131e+00
  168  1.68e-03      6.90101e+00       3.23305e-01       4.70844e+00
  169  1.69e-03      6.88952e+00       3.55717e-01       4.71159e+00
  170  1.70e-03      7.07849e+00       3.15118e-01       4.82403e+00
  171  1.71e-03      7.27918e+00       2.73528e-01       4.94397e+00
  172  1.72e-03      7.36281e+00       3.03574e-01       5.00973e+00
  173  1.73e-03      7.37618e+00       3.09124e-01       5.02049e+00
  174  1.74e-03      7.50422e+00       3.14972e-01       5.10780e+00
  175  1.75e-03      7.60096e+00       3.22959e-01       5.17496e+00
  176  1.76e-03      7.58823e+00       3.98996e-01       5.19182e+00
  177  1.77e-03      7.56950e+00       3.46973e-01       5.16199e+00
  178  1.78e-03      7.53386e+00       3.51145e-01       5.13962e+00
  179  1.79e-03      7.66643e+00       3.09667e-01       5.21417e+00
  180  1.80e-03      7.70496e+00       3.47747e-01       5.25255e+00
  181  1.81e-03      7.72616e+00       2.77094e-01       5.24314e+00
  182  1.82e-03      7.71722e+00       3.51433e-01       5.26196e+00
  183  1.83e-03      7.73030e+00       3.57368e-01       5.27266e+00
  184  1.84e-03      7.85574e+00       3.19689e-01       5.34372e+00
  185  1.85e-03      7.86303e+00       3.01710e-01       5.34259e+00
  186  1.86e-03      7.89883e+00       3.52190e-01       5.38328e+00
  187  1.87e-03      7.97744e+00       2.72504e-01       5.40913e+00
  188  1.88e-03      8.04084e+00       2.66448e-01       5.44937e+00
  189  1.89e-03      7.90960e+00       2.91587e-01       5.37026e+00
  190  1.90e-03      8.02912e+00       2.91053e-01       5.44976e+00
  191  1.91e-03      8.06630e+00       3.82934e-01       5.50517e+00
  192  1.92e-03      8.07291e+00       3.06823e-01       5.48421e+00
  193  1.93e-03      8.11604e+00       2.88932e-01       5.50701e+00
  194  1.94e-03      8.13022e+00       3.04791e-01       5.52174e+00
  195  1.95e-03      8.10521e+00       3.23603e-01       5.51134e+00
  196  1.96e-03      8.13763e+00       3.46874e-01       5.54071e+00
  197  1.97e-03      8.06847e+00       3.68673e-01       5.50187e+00
  198  1.98e-03      8.16975e+00       3.20450e-01       5.55332e+00
  199  1.99e-03      8.28625e+00       3.09308e-01       5.62727e+00
  200  2.00e-03      8.40024e+00       3.06735e-01       5.70241e+00
  201  2.01e-03      8.34893e+00       3.09002e-01       5.66895e+00
  202  2.02e-03      8.38842e+00       3.22314e-01       5.69972e+00
  203  2.03e-03      8.38425e+00       2.90235e-01       5.68624e+00
  204  2.04e-03      8.36243e+00       3.18836e-01       5.68123e+00
  205  2.05e-03      8.41703e+00       3.14989e-01       5.71635e+00
  206  2.06e-03      8.52355e+00       2.91750e-01       5.77962e+00
  207  2.07e-03      8.56480e+00       2.60158e-01       5.79659e+00
  208  2.08e-03      8.65985e+00       3.02976e-01       5.87423e+00
  209  2.09e-03      8.60616e+00       3.00434e-01       5.83759e+00
  210  2.10e-03      8.67874e+00       2.59184e-01       5.87222e+00
  211  2.11e-03      8.59286e+00       2.31916e-01       5.80588e+00
  212  2.12e-03      8.50951e+00       2.76377e-01       5.76513e+00
  213  2.13e-03      8.57689e+00       2.52786e-01       5.80219e+00
  214  2.14e-03      8.50587e+00       2.66652e-01       5.75946e+00
  215  2.15e-03      8.55391e+00       2.19522e-01       5.77578e+00
  216  2.16e-03      8.66079e+00       2.88015e-01       5.86987e+00
  217  2.17e-03      8.57033e+00       2.89435e-01       5.81003e+00
  218  2.18e-03      8.56394e+00       2.67133e-01       5.79834e+00
  219  2.19e-03      8.64305e+00       2.69034e-01       5.85171e+00
  220  2.20e-03      8.62516e+00       3.13536e-01       5.85462e+00
  221  2.21e-03      8.64126e+00       2.87994e-01       5.85684e+00
  222  2.22e-03      8.72245e+00       2.82729e-01       5.90921e+00
  223  2.23e-03      8.71207e+00       2.87769e-01       5.90397e+00
  224  2.24e-03      8.74873e+00       2.97346e-01       5.93160e+00
  225  2.25e-03      8.84385e+00       2.62908e-01       5.98354e+00
  226  2.26e-03      8.86667e+00       2.89600e-01       6.00765e+00
  227  2.27e-03      8.82570e+00       2.79323e-01       5.97691e+00
  228  2.28e-03      8.85304e+00       3.07215e-01       6.00443e+00
  229  2.29e-03      8.94815e+00       2.67881e-01       6.05472e+00
  230  2.30e-03      8.95868e+00       2.73317e-01       6.06356e+00
  231  2.31e-03      9.05201e+00       2.87134e-01       6.13038e+00
  232  2.32e-03      9.16454e+00       2.84115e-01       6.20440e+00
  233  2.33e-03      9.09240e+00       2.86174e-01       6.15699e+00
  234  2.34e-03      8.98381e+00       2.39860e-01       6.06916e+00
  235  2.35e-03      9.13703e+00       2.94515e-01       6.18952e+00
  236  2.36e-03      9.14797e+00       2.56730e-01       6.18422e+00
  237  2.37e-03      9.08730e+00       2.68577e-01       6.14773e+00
  238  2.38e-03      9.06176e+00       3.30433e-01       6.15132e+00
  239  2.39e-03      9.06408e+00       2.99316e-01       6.14249e+00
  240  2.40e-03      9.09183e+00       3.44465e-01       6.17604e+00
  241  2.41e-03      9.06921e+00       3.17922e-01       6.15212e+00
  242  2.42e-03      9.11877e+00       3.48936e-01       6.19549e+00
  243  2.43e-03      8.98408e+00       3.29088e-01       6.09908e+00
  244  2.44e-03      9.11672e+00       3.29080e-01       6.18751e+00
  245  2.45e-03      9.21213e+00       3.41369e-01       6.25521e+00
  246  2.46e-03      9.30005e+00       3.28944e-01       6.30968e+00
  247  2.47e-03      9.33513e+00       3.41545e-01       6.33727e+00
  248  2.48e-03      9.36665e+00       3.35763e-01       6.35635e+00
  249  2.49e-03      9.26170e+00       3.16948e-01       6.28012e+00
  250  2.50e-03      9.27566e+00       2.81628e-01       6.27765e+00
  251  2.51e-03      9.31486e+00       3.35689e-01       6.32181e+00
  252  2.52e-03      9.28642e+00       2.85836e-01       6.28622e+00
  253  2.53e-03      9.36729e+00       3.08574e-01       6.34772e+00
  254  2.54e-03      9.47183e+00       3.56381e-01       6.43334e+00
  255  2.55e-03      9.56223e+00       2.64670e-01       6.46304e+00
  256  2.56e-03      9.55610e+00       3.02332e-01       6.47151e+00
  257  2.57e-03      9.56636e+00       3.29726e-01       6.48748e+00
  258  2.58e-03      9.64570e+00       3.04871e-01       6.53209e+00
  259  2.59e-03      9.66033e+00       3.27778e-01       6.54948e+00
  260  2.60e-03      9.66897e+00       3.15661e-01       6.55120e+00
  261  2.61e-03      9.70715e+00       2.86601e-01       6.56697e+00
  262  2.62e-03      9.70726e+00       3.21288e-01       6.57861e+00
  263  2.63e-03      9.58206e+00       3.01719e-01       6.48861e+00
  264  2.64e-03      9.65588e+00       2.84746e-01       6.53217e+00
  265  2.65e-03      9.82651e+00       2.66602e-01       6.63987e+00
  266  2.66e-03      9.88053e+00       2.97681e-01       6.68624e+00
  267  2.67e-03      9.91327e+00       2.85212e-01       6.70392e+00
  268  2.68e-03      9.88494e+00       2.75189e-01       6.68169e+00
  269  2.69e-03      9.90793e+00       3.36191e-01       6.71735e+00
  270  2.70e-03      1.00116e+01       3.18644e-01       6.78060e+00
  271  2.71e-03      9.99927e+00       2.58532e-01       6.75236e+00
  272  2.72e-03      9.93207e+00       3.28599e-01       6.73091e+00
  273  2.73e-03      9.98031e+00       3.01275e-01       6.75397e+00
  274  2.74e-03      9.84139e+00       2.37713e-01       6.64016e+00
  275  2.75e-03      9.87809e+00       3.48478e-01       6.70155e+00
  276  2.76e-03      9.94185e+00       2.99564e-01       6.72775e+00
  277  2.77e-03      9.96003e+00       2.69135e-01       6.72973e+00
  278  2.78e-03      1.00065e+01       3.05194e-01       6.77271e+00
  279  2.79e-03      9.98952e+00       2.76756e-01       6.75193e+00
  280  2.80e-03      1.02497e+01       2.69804e-01       6.92307e+00
  281  2.81e-03      1.03077e+01       3.03773e-01       6.97307e+00
  282  2.82e-03      1.03481e+01       3.12344e-01       7.00286e+00
  283  2.83e-03      1.05200e+01       2.78979e-01       7.10630e+00
  284  2.84e-03      1.04890e+01       2.99521e-01       7.09249e+00
  285  2.85e-03      1.05828e+01       2.52502e-01       7.13935e+00
  286  2.86e-03      1.05625e+01       2.77824e-01       7.13425e+00
  287  2.87e-03      1.07080e+01       3.08946e-01       7.24168e+00
  288  2.88e-03      1.06549e+01       2.42613e-01       7.18411e+00
  289  2.89e-03      1.08318e+01       3.38355e-01       7.33399e+00
  290  2.90e-03      1.07732e+01       3.24767e-01       7.29040e+00
  291  2.91e-03      1.09094e+01       3.23040e-01       7.38059e+00
  292  2.92e-03      1.07202e+01       3.04432e-01       7.24831e+00
  293  2.93e-03      1.06640e+01       2.92974e-01       7.20698e+00
  294  2.94e-03      1.07184e+01       3.40790e-01       7.25923e+00
  295  2.95e-03      1.07815e+01       3.28023e-01       7.29703e+00
  296  2.96e-03      1.08111e+01       2.79670e-01       7.30063e+00
  297  2.97e-03      1.08003e+01       3.21107e-01       7.30723e+00
  298  2.98e-03      1.09017e+01       2.65311e-01       7.35624e+00
  299  2.99e-03      1.08283e+01       2.42802e-01       7.29978e+00
  300  3.00e-03      1.10426e+01       2.94690e-01       7.45998e+00
  301  3.01e-03      1.11869e+01       2.67929e-01       7.54723e+00
  302  3.02e-03      1.12335e+01       2.54389e-01       7.57382e+00
  303  3.03e-03      1.11627e+01       2.30182e-01       7.51853e+00
  304  3.04e-03      1.10023e+01       2.53777e-01       7.41945e+00
  305  3.05e-03      1.09543e+01       2.65765e-01       7.39147e+00
  306  3.06e-03      1.09478e+01       2.29462e-01       7.37503e+00
  307  3.07e-03      1.09984e+01       1.95611e-01       7.39744e+00
  308  3.08e-03      1.11862e+01       2.13906e-01       7.52879e+00
  309  3.09e-03      1.12649e+01       2.03758e-01       7.57787e+00
  310  3.10e-03      1.12648e+01       2.87780e-01       7.60577e+00
  311  3.11e-03      1.12397e+01       2.68607e-01       7.58266e+00
  312  3.12e-03      1.13152e+01       2.27973e-01       7.61948e+00
  313  3.13e-03      1.14478e+01       2.22964e-01       7.70618e+00
  314  3.14e-03      1.14683e+01       2.19816e-01       7.71881e+00
  315  3.15e-03      1.15772e+01       2.21177e-01       7.79185e+00
  316  3.16e-03      1.17036e+01       2.39170e-01       7.88210e+00
  317  3.17e-03      1.17736e+01       1.84110e-01       7.91047e+00
  318  3.18e-03      1.17518e+01       2.01826e-01       7.90180e+00
  319  3.19e-03      1.16483e+01       2.39655e-01       7.84542e+00
  320  3.20e-03      1.17047e+01       2.25704e-01       7.87837e+00
  321  3.21e-03      1.18101e+01       2.44029e-01       7.95472e+00
  322  3.22e-03      1.17230e+01       2.50199e-01       7.89870e+00
  323  3.23e-03      1.18315e+01       2.71397e-01       7.97815e+00
  324  3.24e-03      1.18433e+01       2.73557e-01       7.98673e+00
  325  3.25e-03      1.19160e+01       2.16545e-01       8.01621e+00
  326  3.26e-03      1.19080e+01       3.20610e-01       8.04553e+00
  327  3.27e-03      1.20065e+01       3.46575e-01       8.11983e+00
  328  3.28e-03      1.20414e+01       3.33060e-01       8.13861e+00
  329  3.29e-03      1.20488e+01       3.09575e-01       8.13571e+00
  330  3.30e-03      1.21235e+01       3.46816e-01       8.19794e+00
  331  3.31e-03      1.21406e+01       2.70126e-01       8.18378e+00
  332  3.32e-03      1.20913e+01       2.73246e-01       8.15197e+00
  333  3.33e-03      1.20345e+01       2.98625e-01       8.12252e+00
  334  3.34e-03      1.21377e+01       2.72572e-01       8.18264e+00
  335  3.35e-03      1.22869e+01       3.07811e-01       8.29389e+00
  336  3.36e-03      1.24151e+01       2.81684e-01       8.37065e+00
  337  3.37e-03      1.23278e+01       3.25603e-01       8.32705e+00
  338  3.38e-03      1.22959e+01       2.54471e-01       8.28208e+00
  339  3.39e-03      1.23687e+01       3.22887e-01       8.35342e+00
  340  3.40e-03      1.25557e+01       3.45271e-01       8.48559e+00
  341  3.41e-03      1.27465e+01       3.04623e-01       8.59924e+00
  342  3.42e-03      1.26585e+01       2.81231e-01       8.53275e+00
  343  3.43e-03      1.26537e+01       3.15232e-01       8.54084e+00
  344  3.44e-03      1.26799e+01       2.83369e-01       8.54772e+00
  345  3.45e-03      1.28387e+01       2.55410e-01       8.64428e+00
  346  3.46e-03      1.28423e+01       3.24400e-01       8.66969e+00
  347  3.47e-03      1.29544e+01       2.76057e-01       8.72831e+00
  348  3.48e-03      1.27230e+01       2.86989e-01       8.57767e+00
  349  3.49e-03      1.28472e+01       2.76255e-01       8.65687e+00
  350  3.50e-03      1.28018e+01       3.52347e-01       8.65196e+00
  351  3.51e-03      1.28567e+01       3.31205e-01       8.68153e+00
  352  3.52e-03      1.28919e+01       2.88818e-01       8.69090e+00
  353  3.53e-03      1.27713e+01       2.85531e-01       8.60936e+00
  354  3.54e-03      1.30344e+01       2.43712e-01       8.77082e+00
  355  3.55e-03      1.28948e+01       2.42893e-01       8.67752e+00
  356  3.56e-03      1.30923e+01       2.43853e-01       8.80949e+00
  357  3.57e-03      1.30814e+01       3.25212e-01       8.82935e+00
  358  3.58e-03      1.30626e+01       2.38941e-01       8.78804e+00
  359  3.59e-03      1.30388e+01       2.78255e-01       8.78530e+00
  360  3.60e-03      1.32072e+01       2.88565e-01       8.90099e+00
  361  3.61e-03      1.32497e+01       2.75199e-01       8.92489e+00
  362  3.62e-03      1.32698e+01       2.97276e-01       8.94564e+00
  363  3.63e-03      1.34866e+01       2.68570e-01       9.08059e+00
  364  3.64e-03      1.33363e+01       2.93090e-01       8.98856e+00
  365  3.65e-03      1.34773e+01       3.12275e-01       9.08899e+00
  366  3.66e-03      1.34839e+01       3.04948e-01       9.09091e+00
  367  3.67e-03      1.35911e+01       3.47491e-01       9.17656e+00
  368  3.68e-03      1.35764e+01       2.82430e-01       9.14508e+00
  369  3.69e-03      1.35767e+01       2.89494e-01       9.14760e+00
  370  3.70e-03      1.36485e+01       2.93280e-01       9.19673e+00
  371  3.71e-03      1.35838e+01       2.97172e-01       9.15491e+00
  372  3.72e-03      1.36060e+01       2.69646e-01       9.16055e+00
  373  3.73e-03      1.36358e+01       2.54439e-01       9.17536e+00
  374  3.74e-03      1.36380e+01       2.90999e-01       9.18898e+00
  375  3.75e-03      1.35492e+01       2.73809e-01       9.12408e+00
  376  3.76e-03      1.37170e+01       3.34505e-01       9.25618e+00
  377  3.77e-03      1.37021e+01       3.22880e-01       9.24235e+00
  378  3.78e-03      1.37907e+01       2.83593e-01       9.28834e+00
  379  3.79e-03      1.38204e+01       3.01381e-01       9.31406e+00
  380  3.80e-03      1.38253e+01       3.28891e-01       9.32652e+00
  381  3.81e-03      1.39876e+01       3.35407e-01       9.43684e+00
  382  3.82e-03      1.39529e+01       2.92793e-01       9.39953e+00
  383  3.83e-03      1.41334e+01       2.99817e-01       9.52220e+00
  384  3.84e-03      1.41995e+01       3.09586e-01       9.56950e+00
  385  3.85e-03      1.42863e+01       2.61385e-01       9.61131e+00
  386  3.86e-03      1.42000e+01       2.67022e-01       9.55570e+00
  387  3.87e-03      1.43964e+01       3.04763e-01       9.69916e+00
  388  3.88e-03      1.45179e+01       2.80072e-01       9.77196e+00
  389  3.89e-03      1.45258e+01       2.73898e-01       9.77515e+00
  390  3.90e-03      1.46834e+01       2.66823e-01       9.87789e+00
  391  3.91e-03      1.46361e+01       2.97161e-01       9.85648e+00
  392  3.92e-03      1.47410e+01       3.60980e-01       9.94766e+00
  393  3.93e-03      1.47957e+01       2.95238e-01       9.96218e+00
  394  3.94e-03      1.49283e+01       2.83921e-01       1.00468e+01
  395  3.95e-03      1.47306e+01       3.20561e-01       9.92725e+00
  396  3.96e-03      1.47470e+01       3.62119e-01       9.95202e+00
  397  3.97e-03      1.48132e+01       3.10889e-01       9.97906e+00
  398  3.98e-03      1.48286e+01       2.91003e-01       9.98271e+00
  399  3.99e-03      1.48219e+01       3.32094e-01       9.99194e+00
  400  4.00e-03      1.48606e+01       2.62328e-01       9.99449e+00
  401  4.01e-03      1.49590e+01       3.19033e-01       1.00790e+01
  402  4.02e-03      1.49925e+01       2.53782e-01       1.00796e+01
  403  4.03e-03      1.53170e+01       2.88699e-01       1.03076e+01
  404  4.04e-03      1.51345e+01       3.34876e-01       1.02013e+01
  405  4.05e-03      1.52993e+01       2.72976e-01       1.02905e+01
  406  4.06e-03      1.53352e+01       3.14544e-01       1.03283e+01
  407  4.07e-03      1.53371e+01       3.08319e-01       1.03275e+01
  408  4.08e-03      1.54208e+01       3.01892e-01       1.03812e+01
  409  4.09e-03      1.54980e+01       3.11173e-01       1.04357e+01
  410  4.10e-03      1.55889e+01       2.58541e-01       1.04788e+01
  411  4.11e-03      1.55389e+01       2.57513e-01       1.04451e+01
  412  4.12e-03      1.55604e+01       3.07280e-01       1.04761e+01
  413  4.13e-03      1.53356e+01       2.71599e-01       1.03143e+01
  414  4.14e-03      1.55012e+01       2.64529e-01       1.04223e+01
  415  4.15e-03      1.54736e+01       3.00233e-01       1.04158e+01
  416  4.16e-03      1.55256e+01       3.09683e-01       1.04536e+01
  417  4.17e-03      1.56675e+01       3.15182e-01       1.05501e+01
  418  4.18e-03      1.57797e+01       2.93945e-01       1.06178e+01
  419  4.19e-03      1.58216e+01       2.88246e-01       1.06438e+01
  420  4.20e-03      1.56218e+01       3.06981e-01       1.05169e+01
  421  4.21e-03      1.57114e+01       2.72375e-01       1.05651e+01
  422  4.22e-03      1.56455e+01       2.70098e-01       1.05204e+01
  423  4.23e-03      1.59099e+01       2.49284e-01       1.06897e+01
  424  4.24e-03      1.59150e+01       2.94509e-01       1.07082e+01
  425  4.25e-03      1.60005e+01       3.31228e-01       1.07774e+01
  426  4.26e-03      1.58253e+01       3.52847e-01       1.06678e+01
  427  4.27e-03      1.58839e+01       3.54556e-01       1.07075e+01
  428  4.28e-03      1.61774e+01       3.18829e-01       1.08912e+01
  429  4.29e-03      1.61628e+01       3.20890e-01       1.08822e+01
  430  4.30e-03      1.64421e+01       3.29304e-01       1.10712e+01
  431  4.31e-03      1.63273e+01       3.21338e-01       1.09920e+01
  432  4.32e-03      1.64446e+01       3.01105e-01       1.10635e+01
  433  4.33e-03      1.64167e+01       3.20789e-01       1.10514e+01
  434  4.34e-03      1.65513e+01       3.25967e-01       1.11429e+01
  435  4.35e-03      1.64875e+01       2.91557e-01       1.10888e+01
  436  4.36e-03      1.65428e+01       3.60842e-01       1.11488e+01
  437  4.37e-03      1.67161e+01       3.29967e-01       1.12540e+01
  438  4.38e-03      1.66491e+01       3.60684e-01       1.12196e+01
  439  4.39e-03      1.68751e+01       3.71701e-01       1.13740e+01
  440  4.40e-03      1.67730e+01       3.20445e-01       1.12888e+01
  441  4.41e-03      1.69157e+01       3.68346e-01       1.13999e+01
  442  4.42e-03      1.67952e+01       3.67359e-01       1.13192e+01
  443  4.43e-03      1.69511e+01       3.36338e-01       1.14129e+01
  444  4.44e-03      1.68379e+01       3.47675e-01       1.13412e+01
  445  4.45e-03      1.69656e+01       2.69103e-01       1.14001e+01
  446  4.46e-03      1.69894e+01       2.79170e-01       1.14193e+01
  447  4.47e-03      1.69856e+01       3.23566e-01       1.14316e+01
  448  4.48e-03      1.71210e+01       3.38299e-01       1.15268e+01
  449  4.49e-03      1.69690e+01       3.16902e-01       1.14183e+01
  450  4.50e-03      1.73122e+01       3.36968e-01       1.16538e+01
  451  4.51e-03      1.72610e+01       3.78806e-01       1.16336e+01
  452  4.52e-03      1.75068e+01       3.21199e-01       1.17782e+01
  453  4.53e-03      1.74537e+01       2.96129e-01       1.17345e+01
  454  4.54e-03      1.74703e+01       2.69477e-01       1.17367e+01
  455  4.55e-03      1.75515e+01       3.34547e-01       1.18125e+01
  456  4.56e-03      1.76187e+01       3.06963e-01       1.18481e+01
  457  4.57e-03      1.76272e+01       2.73978e-01       1.18428e+01
  458  4.58e-03      1.76362e+01       2.32449e-01       1.18350e+01
  459  4.59e-03      1.78250e+01       2.67053e-01       1.19724e+01
  460  4.60e-03      1.77223e+01       3.07206e-01       1.19173e+01
  461  4.61e-03      1.79301e+01       2.78476e-01       1.20462e+01
  462  4.62e-03      1.76601e+01       3.19333e-01       1.18799e+01
  463  4.63e-03      1.78400e+01       2.62494e-01       1.19808e+01
  464  4.64e-03      1.79633e+01       2.66577e-01       1.20644e+01
  465  4.65e-03      1.80514e+01       3.07493e-01       1.21368e+01
  466  4.66e-03      1.80030e+01       2.63190e-01       1.20897e+01
  467  4.67e-03      1.79035e+01       3.01361e-01       1.20361e+01
  468  4.68e-03      1.79495e+01       2.82913e-01       1.20606e+01
  469  4.69e-03      1.78663e+01       2.58482e-01       1.19970e+01
  470  4.70e-03      1.78319e+01       2.63883e-01       1.19759e+01
  471  4.71e-03      1.78173e+01       2.66787e-01       1.19672e+01
  472  4.72e-03      1.78750e+01       2.72504e-01       1.20075e+01
  473  4.73e-03      1.77169e+01       3.09358e-01       1.19144e+01
  474  4.74e-03      1.77392e+01       2.47282e-01       1.19086e+01
  475  4.75e-03      1.76657e+01       3.27076e-01       1.18861e+01
  476  4.76e-03      1.76819e+01       3.35020e-01       1.18996e+01
  477  4.77e-03      1.78755e+01       3.30185e-01       1.20271e+01
  478  4.78e-03      1.76970e+01       3.22414e-01       1.19055e+01
  479  4.79e-03      1.78352e+01       3.04529e-01       1.19917e+01
  480  4.80e-03      1.75988e+01       3.08512e-01       1.18354e+01
  481  4.81e-03      1.78696e+01       2.84579e-01       1.20079e+01
  482  4.82e-03      1.78360e+01       2.83803e-01       1.19853e+01
  483  4.83e-03      1.78770e+01       2.61578e-01       1.20052e+01
  484  4.84e-03      1.80285e+01       2.37285e-01       1.20981e+01
  485  4.85e-03      1.80903e+01       2.77604e-01       1.21527e+01
  486  4.86e-03      1.79172e+01       3.03802e-01       1.20460e+01
  487  4.87e-03      1.78499e+01       2.29015e-01       1.19763e+01
  488  4.88e-03      1.80591e+01       2.26156e-01       1.21148e+01
  489  4.89e-03      1.80160e+01       2.36160e-01       1.20894e+01
  490  4.90e-03      1.81906e+01       2.72218e-01       1.22178e+01
  491  4.91e-03      1.82381e+01       2.76796e-01       1.22510e+01
  492  4.92e-03      1.84912e+01       2.69827e-01       1.24174e+01
  493  4.93e-03      1.85013e+01       2.76791e-01       1.24265e+01
  494  4.94e-03      1.85174e+01       3.06694e-01       1.24472e+01
  495  4.95e-03      1.85566e+01       2.57657e-01       1.24570e+01
  496  4.96e-03      1.86353e+01       2.47749e-01       1.25061e+01
  497  4.97e-03      1.88702e+01       3.54290e-01       1.26982e+01
  498  4.98e-03      1.88225e+01       3.72172e-01       1.26724e+01
  499  4.99e-03      1.89056e+01       2.71985e-01       1.26944e+01
  500  5.00e-03      1.87069e+01       3.07257e-01       1.25737e+01
  501  5.01e-03      1.88157e+01       2.83404e-01       1.26383e+01
  502  5.02e-03      1.88531e+01       2.71729e-01       1.26593e+01
  503  5.03e-03      1.88566e+01       3.28072e-01       1.26804e+01
  504  5.04e-03      1.89599e+01       2.84310e-01       1.27347e+01
  505  5.05e-03      1.88094e+01       3.00049e-01       1.26396e+01
  506  5.06e-03      1.91091e+01       3.11019e-01       1.28431e+01
  507  5.07e-03      1.90234e+01       3.10186e-01       1.27857e+01
  508  5.08e-03      1.91317e+01       2.76147e-01       1.28465e+01
  509  5.09e-03      1.90225e+01       3.27628e-01       1.27909e+01
  510  5.10e-03      1.92362e+01       3.20869e-01       1.29311e+01
  511  5.11e-03      1.91271e+01       2.66786e-01       1.28403e+01
  512  5.12e-03      1.93169e+01       3.30675e-01       1.29882e+01
  513  5.13e-03      1.95323e+01       2.87680e-01       1.31174e+01
  514  5.14e-03      1.94176e+01       3.28714e-01       1.30546e+01
  515  5.15e-03      1.96579e+01       3.48026e-01       1.32213e+01
  516  5.16e-03      1.92864e+01       2.68309e-01       1.29470e+01
  517  5.17e-03      1.97155e+01       2.74209e-01       1.32350e+01
  518  5.18e-03      1.94410e+01       3.09929e-01       1.30640e+01
  519  5.19e-03      1.97185e+01       3.35403e-01       1.32575e+01
  520  5.20e-03      1.97627e+01       2.63912e-01       1.32631e+01
  521  5.21e-03      1.96519e+01       2.60508e-01       1.31881e+01
  522  5.22e-03      1.97859e+01       3.10511e-01       1.32941e+01
  523  5.23e-03      1.97467e+01       2.80367e-01       1.32579e+01
  524  5.24e-03      1.99251e+01       2.79694e-01       1.33766e+01
  525  5.25e-03      1.98034e+01       2.74903e-01       1.32939e+01
  526  5.26e-03      2.00597e+01       2.64983e-01       1.34614e+01
  527  5.27e-03      1.99809e+01       2.47224e-01       1.34030e+01
  528  5.28e-03      2.02154e+01       2.78912e-01       1.35699e+01
  529  5.29e-03      2.03384e+01       2.83093e-01       1.36533e+01
  530  5.30e-03      2.07704e+01       2.94465e-01       1.39451e+01
  531  5.31e-03      2.08360e+01       2.48575e-01       1.39735e+01
  532  5.32e-03      2.08551e+01       2.43679e-01       1.39846e+01
  533  5.33e-03      2.10381e+01       2.98621e-01       1.41249e+01
  534  5.34e-03      2.08328e+01       2.96087e-01       1.39872e+01
  535  5.35e-03      2.10412e+01       2.78573e-01       1.41203e+01
  536  5.36e-03      2.07573e+01       3.29466e-01       1.39480e+01
  537  5.37e-03      2.11889e+01       3.27380e-01       1.42351e+01
  538  5.38e-03      2.09769e+01       3.67925e-01       1.41072e+01
  539  5.39e-03      2.10818e+01       3.55001e-01       1.41729e+01
  540  5.40e-03      2.11299e+01       3.67333e-01       1.42090e+01
  541  5.41e-03      2.12494e+01       3.15582e-01       1.42715e+01
  542  5.42e-03      2.14432e+01       2.30804e-01       1.43724e+01
  543  5.43e-03      2.12748e+01       3.55681e-01       1.43017e+01
  544  5.44e-03      2.15715e+01       3.36172e-01       1.44931e+01
  545  5.45e-03      2.14522e+01       3.10315e-01       1.44049e+01
  546  5.46e-03      2.17517e+01       3.66854e-01       1.46234e+01
  547  5.47e-03      2.15154e+01       3.30582e-01       1.44538e+01
  548  5.48e-03      2.15143e+01       3.47890e-01       1.44589e+01
  549  5.49e-03      2.13737e+01       3.26593e-01       1.43580e+01
  550  5.50e-03      2.14779e+01       3.62739e-01       1.44395e+01
  551  5.51e-03      2.17177e+01       3.51988e-01       1.45958e+01
  552  5.52e-03      2.16491e+01       3.55085e-01       1.45511e+01
  553  5.53e-03      2.19560e+01       3.05421e-01       1.47391e+01
  554  5.54e-03      2.17878e+01       2.68705e-01       1.46148e+01
  555  5.55e-03      2.20627e+01       2.83810e-01       1.48031e+01
  556  5.56e-03      2.16372e+01       2.93548e-01       1.45226e+01
  557  5.57e-03      2.18986e+01       2.68925e-01       1.46887e+01
  558  5.58e-03      2.16576e+01       2.38831e-01       1.45180e+01
  559  5.59e-03      2.16965e+01       2.90192e-01       1.45611e+01
  560  5.60e-03      2.18996e+01       2.98031e-01       1.46991e+01
  561  5.61e-03      2.17203e+01       2.38027e-01       1.45595e+01
  562  5.62e-03      2.19034e+01       3.37317e-01       1.47147e+01
  563  5.63e-03      2.17284e+01       2.81931e-01       1.45796e+01
  564  5.64e-03      2.21151e+01       3.08025e-01       1.48461e+01
  565  5.65e-03      2.17860e+01       2.87357e-01       1.46198e+01
  566  5.66e-03      2.21703e+01       2.56451e-01       1.48657e+01
  567  5.67e-03      2.19798e+01       3.28246e-01       1.47626e+01
  568  5.68e-03      2.21629e+01       3.34411e-01       1.48867e+01
  569  5.69e-03      2.21454e+01       3.27059e-01       1.48726e+01
  570  5.70e-03      2.20793e+01       3.04793e-01       1.48211e+01
  571  5.71e-03      2.23524e+01       3.32373e-01       1.50124e+01
  572  5.72e-03      2.21170e+01       3.64242e-01       1.48661e+01
  573  5.73e-03      2.25175e+01       3.31195e-01       1.51221e+01
  574  5.74e-03      2.24323e+01       2.99841e-01       1.50548e+01
  575  5.75e-03      2.27053e+01       3.69713e-01       1.52601e+01
  576  5.76e-03      2.25529e+01       3.31755e-01       1.51458e+01
  577  5.77e-03      2.28218e+01       2.98015e-01       1.53139e+01
  578  5.78e-03      2.27792e+01       2.96850e-01       1.52851e+01
  579  5.79e-03      2.28732e+01       3.12840e-01       1.53531e+01
  580  5.80e-03      2.30595e+01       2.88285e-01       1.54691e+01
  581  5.81e-03      2.29847e+01       3.36716e-01       1.54354e+01
  582  5.82e-03      2.31136e+01       3.74194e-01       1.55338e+01
  583  5.83e-03      2.28424e+01       4.02131e-01       1.53623e+01
  584  5.84e-03      2.30950e+01       3.44352e-01       1.55115e+01
  585  5.85e-03      2.28966e+01       3.54175e-01       1.53824e+01
  586  5.86e-03      2.32302e+01       3.41665e-01       1.56007e+01
  587  5.87e-03      2.29957e+01       2.89866e-01       1.54271e+01
  588  5.88e-03      2.32311e+01       3.14043e-01       1.55921e+01
  589  5.89e-03      2.31713e+01       3.41053e-01       1.55612e+01
  590  5.90e-03      2.30321e+01       2.63090e-01       1.54424e+01
  591  5.91e-03      2.34894e+01       2.92370e-01       1.57571e+01
  592  5.92e-03      2.30956e+01       2.65993e-01       1.54857e+01
  593  5.93e-03      2.34651e+01       2.73271e-01       1.57345e+01
  594  5.94e-03      2.31428e+01       3.01247e-01       1.55290e+01
  595  5.95e-03      2.34688e+01       3.17357e-01       1.57517e+01
  596  5.96e-03      2.33364e+01       2.92701e-01       1.56552e+01
  597  5.97e-03      2.33306e+01       2.93753e-01       1.56516e+01
  598  5.98e-03      2.34582e+01       2.91436e-01       1.57359e+01
  599  5.99e-03      2.33777e+01       2.80557e-01       1.56786e+01
  600  6.00e-03      2.34726e+01       3.64025e-01       1.57697e+01
  601  6.01e-03      2.32898e+01       3.37264e-01       1.56390e+01
  602  6.02e-03      2.36603e+01       3.05755e-01       1.58754e+01
  603  6.03e-03      2.34874e+01       3.18703e-01       1.57645e+01
  604  6.04e-03      2.39705e+01       3.25676e-01       1.60889e+01
  605  6.05e-03      2.37740e+01       3.54474e-01       1.59675e+01
  606  6.06e-03      2.38919e+01       3.70636e-01       1.60515e+01
  607  6.07e-03      2.40443e+01       3.39025e-01       1.61425e+01
  608  6.08e-03      2.40567e+01       3.29870e-01       1.61477e+01
  609  6.09e-03      2.41785e+01       3.42961e-01       1.62333e+01
  610  6.10e-03      2.38092e+01       3.02845e-01       1.59737e+01
  611  6.11e-03      2.42371e+01       3.08695e-01       1.62610e+01
  612  6.12e-03      2.39895e+01       3.53528e-01       1.61108e+01
  613  6.13e-03      2.45257e+01       3.97050e-01       1.64828e+01
  614  6.14e-03      2.42478e+01       3.33487e-01       1.62764e+01
  615  6.15e-03      2.44704e+01       3.36996e-01       1.64259e+01
  616  6.16e-03      2.44407e+01       3.24843e-01       1.64021e+01
  617  6.17e-03      2.44771e+01       2.82464e-01       1.64123e+01
  618  6.18e-03      2.44989e+01       2.91457e-01       1.64297e+01
  619  6.19e-03      2.43363e+01       2.80566e-01       1.63177e+01
  620  6.20e-03      2.46289e+01       2.93935e-01       1.65173e+01
  621  6.21e-03      2.44040e+01       3.07843e-01       1.63720e+01
  622  6.22e-03      2.47544e+01       2.86042e-01       1.65983e+01
  623  6.23e-03      2.42956e+01       2.68332e-01       1.62865e+01
  624  6.24e-03      2.45796e+01       2.44903e-01       1.64680e+01
  625  6.25e-03      2.45743e+01       2.51897e-01       1.64669e+01
  626  6.26e-03      2.46080e+01       2.71648e-01       1.64959e+01
  627  6.27e-03      2.45482e+01       2.42701e-01       1.64464e+01
  628  6.28e-03      2.44641e+01       2.54300e-01       1.63942e+01
  629  6.29e-03      2.46909e+01       3.04818e-01       1.65622e+01
  630  6.30e-03      2.45609e+01       2.97416e-01       1.64730e+01
  631  6.31e-03      2.52788e+01       3.05664e-01       1.69544e+01
  632  6.32e-03      2.48494e+01       3.14388e-01       1.66711e+01
  633  6.33e-03      2.52529e+01       3.04956e-01       1.69369e+01
  634  6.34e-03      2.50533e+01       3.02894e-01       1.68032e+01
  635  6.35e-03      2.53045e+01       3.14516e-01       1.69745e+01
  636  6.36e-03      2.54193e+01       2.85005e-01       1.70412e+01
  637  6.37e-03      2.54738e+01       3.43508e-01       1.70970e+01
  638  6.38e-03      2.56407e+01       3.25906e-01       1.72024e+01
  639  6.39e-03      2.54426e+01       3.43745e-01       1.70763e+01
  640  6.40e-03      2.55783e+01       3.12704e-01       1.71564e+01
  641  6.41e-03      2.52681e+01       3.40978e-01       1.69591e+01
  642  6.42e-03      2.55418e+01       3.20278e-01       1.71346e+01
  643  6.43e-03      2.54567e+01       2.78958e-01       1.70641e+01
  644  6.44e-03      2.55000e+01       2.93997e-01       1.70980e+01
  645  6.45e-03      2.55450e+01       2.81645e-01       1.71239e+01
  646  6.46e-03      2.55366e+01       3.21621e-01       1.71316e+01
  647  6.47e-03      2.58982e+01       3.04802e-01       1.73671e+01
  648  6.48e-03      2.57053e+01       3.49289e-01       1.72533e+01
  649  6.49e-03      2.63088e+01       3.28285e-01       1.76487e+01
  650  6.50e-03      2.60693e+01       3.49854e-01       1.74961e+01
  651  6.51e-03      2.63760e+01       2.89011e-01       1.76803e+01
  652  6.52e-03      2.59488e+01       3.00122e-01       1.73992e+01
  653  6.53e-03      2.61038e+01       3.54858e-01       1.75208e+01
  654  6.54e-03      2.58911e+01       3.12015e-01       1.73647e+01
  655  6.55e-03      2.61394e+01       2.99779e-01       1.75262e+01
  656  6.56e-03      2.63729e+01       2.96125e-01       1.76806e+01
  657  6.57e-03      2.63168e+01       2.92055e-01       1.76419e+01
  658  6.58e-03      2.66152e+01       2.48615e-01       1.78264e+01
  659  6.59e-03      2.65855e+01       3.26818e-01       1.78326e+01
  660  6.60e-03      2.70290e+01       2.70857e-01       1.81096e+01
  661  6.61e-03      2.67976e+01       2.76419e-01       1.79572e+01
  662  6.62e-03      2.71304e+01       2.17968e-01       1.81596e+01
  663  6.63e-03      2.72507e+01       2.30006e-01       1.82438e+01
  664  6.64e-03      2.71109e+01       2.94504e-01       1.81721e+01
  665  6.65e-03      2.74862e+01       2.57481e-01       1.84099e+01
  666  6.66e-03      2.71654e+01       2.43869e-01       1.81915e+01
  667  6.67e-03      2.75606e+01       2.83262e-01       1.84682e+01
  668  6.68e-03      2.73688e+01       3.08415e-01       1.83487e+01
  669  6.69e-03      2.78562e+01       3.49010e-01       1.86871e+01
  670  6.70e-03      2.75066e+01       2.52525e-01       1.84219e+01
  671  6.71e-03      2.76654e+01       3.32618e-01       1.85545e+01
  672  6.72e-03      2.75274e+01       2.37996e-01       1.84309e+01
  673  6.73e-03      2.75398e+01       2.58567e-01       1.84460e+01
  674  6.74e-03      2.77145e+01       2.61587e-01       1.85635e+01
  675  6.75e-03      2.75711e+01       2.59533e-01       1.84672e+01
  676  6.76e-03      2.77107e+01       2.71542e-01       1.85643e+01
  677  6.77e-03      2.73629e+01       3.05929e-01       1.83439e+01
  678  6.78e-03      2.78912e+01       3.21182e-01       1.87012e+01
  679  6.79e-03      2.74541e+01       2.94356e-01       1.84009e+01
  680  6.80e-03      2.79009e+01       2.81981e-01       1.86946e+01
  681  6.81e-03      2.76701e+01       2.68402e-01       1.85362e+01
  682  6.82e-03      2.77556e+01       2.26233e-01       1.85792e+01
  683  6.83e-03      2.76509e+01       2.78456e-01       1.85268e+01
  684  6.84e-03      2.75191e+01       2.48703e-01       1.84290e+01
  685  6.85e-03      2.77595e+01       2.55505e-01       1.85915e+01
  686  6.86e-03      2.73391e+01       3.15616e-01       1.83313e+01
  687  6.87e-03      2.77577e+01       2.55309e-01       1.85903e+01
  688  6.88e-03      2.74070e+01       2.24058e-01       1.83460e+01
  689  6.89e-03      2.77116e+01       2.51108e-01       1.85581e+01
  690  6.90e-03      2.73684e+01       2.47781e-01       1.83282e+01
  691  6.91e-03      2.74203e+01       2.52480e-01       1.83644e+01
  692  6.92e-03      2.74849e+01       2.93810e-01       1.84212e+01
  693  6.93e-03      2.75019e+01       2.60496e-01       1.84214e+01
  694  6.94e-03      2.79381e+01       3.36716e-01       1.87377e+01
  695  6.95e-03      2.75661e+01       3.39492e-01       1.84906e+01
  696  6.96e-03      2.80298e+01       3.42582e-01       1.88007e+01
  697  6.97e-03      2.75925e+01       3.20777e-01       1.85019e+01
  698  6.98e-03      2.79296e+01       3.74227e-01       1.87445e+01
  699  6.99e-03      2.76488e+01       3.33030e-01       1.85436e+01
  700  7.00e-03      2.77276e+01       2.99191e-01       1.85848e+01
  701  7.01e-03      2.78493e+01       2.47092e-01       1.86486e+01
  702  7.02e-03      2.79182e+01       2.51820e-01       1.86960e+01
  703  7.03e-03      2.81021e+01       2.91303e-01       1.88319e+01
  704  7.04e-03      2.76517e+01       3.28649e-01       1.85440e+01
  705  7.05e-03      2.80074e+01       3.31225e-01       1.87820e+01
  706  7.06e-03      2.75591e+01       3.09064e-01       1.84758e+01
  707  7.07e-03      2.78227e+01       3.41113e-01       1.86622e+01
  708  7.08e-03      2.76000e+01       3.33696e-01       1.85113e+01
  709  7.09e-03      2.80830e+01       2.85599e-01       1.88172e+01
  710  7.10e-03      2.81174e+01       3.15359e-01       1.88501e+01
  711  7.11e-03      2.80791e+01       3.22548e-01       1.88269e+01
  712  7.12e-03      2.83064e+01       3.13990e-01       1.89756e+01
  713  7.13e-03      2.81959e+01       3.40775e-01       1.89109e+01
  714  7.14e-03      2.88486e+01       3.27377e-01       1.93416e+01
  715  7.15e-03      2.83224e+01       2.69329e-01       1.89714e+01
  716  7.16e-03      2.89044e+01       3.12970e-01       1.93740e+01
  717  7.17e-03      2.83839e+01       2.92885e-01       1.90203e+01
  718  7.18e-03      2.87412e+01       2.59396e-01       1.92473e+01
  719  7.19e-03      2.82647e+01       2.90827e-01       1.89401e+01
  720  7.20e-03      2.82546e+01       3.38167e-01       1.89491e+01
  721  7.21e-03      2.84475e+01       2.74116e-01       1.90564e+01
  722  7.22e-03      2.80794e+01       3.09471e-01       1.88228e+01
  723  7.23e-03      2.84905e+01       3.20066e-01       1.91003e+01
  724  7.24e-03      2.79059e+01       3.46530e-01       1.87195e+01
  725  7.25e-03      2.81941e+01       3.12628e-01       1.89003e+01
  726  7.26e-03      2.78887e+01       2.51444e-01       1.86763e+01
  727  7.27e-03      2.81662e+01       3.37889e-01       1.88901e+01
  728  7.28e-03      2.81447e+01       2.96413e-01       1.88620e+01
  729  7.29e-03      2.82751e+01       3.09451e-01       1.89532e+01
  730  7.30e-03      2.84144e+01       3.05704e-01       1.90449e+01
  731  7.31e-03      2.83341e+01       2.35757e-01       1.89680e+01
  732  7.32e-03      2.88086e+01       2.99194e-01       1.93055e+01
  733  7.33e-03      2.83329e+01       3.04160e-01       1.89900e+01
  734  7.34e-03      2.89959e+01       2.96528e-01       1.94294e+01
  735  7.35e-03      2.84574e+01       2.95174e-01       1.90700e+01
  736  7.36e-03      2.88592e+01       3.16325e-01       1.93449e+01
  737  7.37e-03      2.85848e+01       2.40487e-01       1.91367e+01
  738  7.38e-03      2.89426e+01       2.71178e-01       1.93854e+01
  739  7.39e-03      2.88362e+01       2.80961e-01       1.93178e+01
  740  7.40e-03      2.88651e+01       3.11563e-01       1.93472e+01
  741  7.41e-03      2.92661e+01       2.92830e-01       1.96083e+01
  742  7.42e-03      2.89222e+01       2.81790e-01       1.93754e+01
  743  7.43e-03      2.96183e+01       2.58836e-01       1.98318e+01
  744  7.44e-03      2.90282e+01       3.18507e-01       1.94583e+01
  745  7.45e-03      2.92928e+01       2.98806e-01       1.96282e+01
  746  7.46e-03      2.90465e+01       2.42677e-01       1.94452e+01
  747  7.47e-03      2.92287e+01       3.42625e-01       1.96000e+01
  748  7.48e-03      2.91931e+01       3.06293e-01       1.95642e+01
  749  7.49e-03      2.90124e+01       2.19176e-01       1.94147e+01
  750  7.50e-03      2.93594e+01       2.12004e-01       1.96436e+01
  751  7.51e-03      2.88663e+01       2.53213e-01       1.93286e+01
  752  7.52e-03      2.94980e+01       2.85872e-01       1.97606e+01
  753  7.53e-03      2.88848e+01       2.80024e-01       1.93499e+01
  754  7.54e-03      2.94862e+01       2.77829e-01       1.97501e+01
  755  7.55e-03      2.91394e+01       2.88743e-01       1.95225e+01
  756  7.56e-03      2.92833e+01       2.46657e-01       1.96044e+01
  757  7.57e-03      2.92509e+01       2.43994e-01       1.95819e+01
  758  7.58e-03      2.93337e+01       3.08226e-01       1.96585e+01
  759  7.59e-03      2.94781e+01       2.19903e-01       1.97254e+01
  760  7.60e-03      2.93084e+01       2.84856e-01       1.96339e+01
  761  7.61e-03      2.96968e+01       2.98688e-01       1.98974e+01
  762  7.62e-03      2.91534e+01       2.65998e-01       1.95242e+01
  763  7.63e-03      2.97147e+01       2.65189e-01       1.98982e+01
  764  7.64e-03      2.96649e+01       2.51293e-01       1.98604e+01
  765  7.65e-03      3.01071e+01       2.49828e-01       2.01547e+01
  766  7.66e-03      2.98545e+01       2.99937e-01       2.00030e+01
  767  7.67e-03      3.02486e+01       2.82592e-01       2.02600e+01
  768  7.68e-03      3.01050e+01       2.90879e-01       2.01670e+01
  769  7.69e-03      2.97509e+01       2.82373e-01       1.99280e+01
  770  7.70e-03      3.03519e+01       2.82207e-01       2.03287e+01
  771  7.71e-03      2.98593e+01       3.03332e-01       2.00073e+01
  772  7.72e-03      3.02922e+01       2.96733e-01       2.02937e+01
  773  7.73e-03      2.96591e+01       3.30572e-01       1.98830e+01
  774  7.74e-03      3.00157e+01       3.40705e-01       2.01240e+01
  775  7.75e-03      2.98604e+01       2.68104e-01       1.99963e+01
  776  7.76e-03      3.00597e+01       2.52793e-01       2.01241e+01
  777  7.77e-03      3.01150e+01       2.84977e-01       2.01716e+01
  778  7.78e-03      2.99682e+01       2.57629e-01       2.00646e+01
  779  7.79e-03      3.02569e+01       2.59829e-01       2.02578e+01
  780  7.80e-03      3.01745e+01       3.34682e-01       2.02279e+01
  781  7.81e-03      3.05369e+01       2.58201e-01       2.04440e+01
  782  7.82e-03      3.02946e+01       2.60688e-01       2.02833e+01
  783  7.83e-03      3.05486e+01       3.33716e-01       2.04770e+01
  784  7.84e-03      3.03845e+01       3.07241e-01       2.03588e+01
  785  7.85e-03      3.05997e+01       3.31831e-01       2.05104e+01
  786  7.86e-03      3.03194e+01       3.14955e-01       2.03179e+01
  787  7.87e-03      3.01671e+01       2.64694e-01       2.01996e+01
  788  7.88e-03      3.06283e+01       2.69118e-01       2.05086e+01
  789  7.89e-03      3.01343e+01       3.20756e-01       2.01965e+01
  790  7.90e-03      3.06725e+01       2.71585e-01       2.05389e+01
  791  7.91e-03      3.01375e+01       3.38149e-01       2.02044e+01
  792  7.92e-03      3.04241e+01       3.75317e-01       2.04078e+01
  793  7.93e-03      2.98820e+01       2.91728e-01       2.00186e+01
  794  7.94e-03      3.00556e+01       3.21067e-01       2.01441e+01
  795  7.95e-03      2.99476e+01       3.42241e-01       2.00791e+01
  796  7.96e-03      3.00007e+01       3.20346e-01       2.01073e+01
  797  7.97e-03      3.03010e+01       3.65686e-01       2.03226e+01
  798  7.98e-03      2.98509e+01       2.63446e-01       1.99884e+01
  799  7.99e-03      3.03901e+01       3.21906e-01       2.03674e+01
  800  8.00e-03      3.03025e+01       3.28128e-01       2.03111e+01
  801  8.01e-03      3.05420e+01       2.80438e-01       2.04548e+01
  802  8.02e-03      3.02619e+01       2.97144e-01       2.02736e+01
  803  8.03e-03      3.09766e+01       2.45677e-01       2.07330e+01
  804  8.04e-03      3.08855e+01       2.69840e-01       2.06803e+01
  805  8.05e-03      3.07320e+01       3.36509e-01       2.06002e+01
  806  8.06e-03      3.06362e+01       2.96006e-01       2.05228e+01
  807  8.07e-03      3.04122e+01       3.20554e-01       2.03817e+01
  808  8.08e-03      3.07640e+01       2.95756e-01       2.06079e+01
  809  8.09e-03      3.03508e+01       2.95738e-01       2.03324e+01
  810  8.10e-03      3.09378e+01       3.17151e-01       2.07309e+01
  811  8.11e-03      3.03381e+01       3.55207e-01       2.03438e+01
  812  8.12e-03      3.04965e+01       3.18690e-01       2.04372e+01
  813  8.13e-03      3.03604e+01       2.93779e-01       2.03382e+01
  814  8.14e-03      3.06389e+01       3.20649e-01       2.05328e+01
  815  8.15e-03      3.10558e+01       2.37610e-01       2.07831e+01
  816  8.16e-03      3.06952e+01       2.49653e-01       2.05467e+01
  817  8.17e-03      3.11951e+01       2.83582e-01       2.08913e+01
  818  8.18e-03      3.10380e+01       2.93265e-01       2.07897e+01
  819  8.19e-03      3.17051e+01       2.77395e-01       2.12292e+01
  820  8.20e-03      3.11836e+01       3.18148e-01       2.08951e+01
  821  8.21e-03      3.16004e+01       3.27180e-01       2.11760e+01
  822  8.22e-03      3.11837e+01       2.80080e-01       2.08825e+01
  823  8.23e-03      3.15755e+01       2.79109e-01       2.11434e+01
  824  8.24e-03      3.16556e+01       3.14422e-01       2.12085e+01
  825  8.25e-03      3.13167e+01       2.60148e-01       2.09645e+01
  826  8.26e-03      3.18599e+01       2.31494e-01       2.13171e+01
  827  8.27e-03      3.14493e+01       2.47518e-01       2.10487e+01
  828  8.28e-03      3.20416e+01       2.60146e-01       2.14478e+01
  829  8.29e-03      3.15885e+01       2.27523e-01       2.11348e+01
  830  8.30e-03      3.21453e+01       2.15504e-01       2.15020e+01
  831  8.31e-03      3.16701e+01       3.22142e-01       2.12208e+01
  832  8.32e-03      3.18681e+01       2.62881e-01       2.13330e+01
  833  8.33e-03      3.21452e+01       2.81498e-01       2.15240e+01
  834  8.34e-03      3.21015e+01       2.47531e-01       2.14835e+01
  835  8.35e-03      3.24710e+01       3.00053e-01       2.17473e+01
  836  8.36e-03      3.20991e+01       2.77095e-01       2.14917e+01
  837  8.37e-03      3.25177e+01       2.92070e-01       2.17758e+01
  838  8.38e-03      3.18145e+01       3.23002e-01       2.13173e+01
  839  8.39e-03      3.23793e+01       3.53556e-01       2.17041e+01
  840  8.40e-03      3.21394e+01       3.16869e-01       2.15319e+01
  841  8.41e-03      3.27264e+01       2.45884e-01       2.18996e+01
  842  8.42e-03      3.25648e+01       2.37180e-01       2.17890e+01
  843  8.43e-03      3.23482e+01       2.48362e-01       2.16483e+01
  844  8.44e-03      3.25267e+01       2.72735e-01       2.17754e+01
  845  8.45e-03      3.21160e+01       2.51499e-01       2.14945e+01
  846  8.46e-03      3.27905e+01       2.59433e-01       2.19468e+01
  847  8.47e-03      3.24091e+01       3.14407e-01       2.17109e+01
  848  8.48e-03      3.32115e+01       2.68678e-01       2.22306e+01
  849  8.49e-03      3.25861e+01       2.35000e-01       2.18024e+01
  850  8.50e-03      3.31955e+01       2.74972e-01       2.22220e+01
  851  8.51e-03      3.30819e+01       2.59282e-01       2.21410e+01
  852  8.52e-03      3.31499e+01       3.37716e-01       2.22125e+01
  853  8.53e-03      3.34500e+01       2.96362e-01       2.23988e+01
  854  8.54e-03      3.31966e+01       2.80256e-01       2.22245e+01
  855  8.55e-03      3.38649e+01       3.16932e-01       2.26823e+01
  856  8.56e-03      3.33524e+01       3.08412e-01       2.23377e+01
  857  8.57e-03      3.38636e+01       3.48618e-01       2.26919e+01
  858  8.58e-03      3.34381e+01       3.56951e-01       2.24111e+01
  859  8.59e-03      3.38273e+01       3.60556e-01       2.26717e+01
  860  8.60e-03      3.37873e+01       3.60552e-01       2.26451e+01
  861  8.61e-03      3.39302e+01       3.12325e-01       2.27243e+01
  862  8.62e-03      3.42071e+01       2.34176e-01       2.28828e+01
  863  8.63e-03      3.37144e+01       2.56488e-01       2.25618e+01
  864  8.64e-03      3.41397e+01       2.59308e-01       2.28462e+01
  865  8.65e-03      3.36039e+01       2.85773e-01       2.24979e+01
  866  8.66e-03      3.46961e+01       2.78619e-01       2.32236e+01
  867  8.67e-03      3.46223e+01       3.14027e-01       2.31862e+01
  868  8.68e-03      3.47533e+01       3.20296e-01       2.32757e+01
  869  8.69e-03      3.47506e+01       3.11422e-01       2.32709e+01
  870  8.70e-03      3.47488e+01       2.78784e-01       2.32588e+01
  871  8.71e-03      3.52882e+01       2.76360e-01       2.36176e+01
  872  8.72e-03      3.47716e+01       2.98767e-01       2.32806e+01
  873  8.73e-03      3.52325e+01       3.43560e-01       2.36028e+01
  874  8.74e-03      3.48775e+01       2.87969e-01       2.33477e+01
  875  8.75e-03      3.56899e+01       3.49149e-01       2.39096e+01
  876  8.76e-03      3.53059e+01       2.60582e-01       2.36241e+01
  877  8.77e-03      3.60803e+01       2.87547e-01       2.41494e+01
  878  8.78e-03      3.60923e+01       2.71885e-01       2.41522e+01
  879  8.79e-03      3.62789e+01       2.82634e-01       2.42802e+01
  880  8.80e-03      3.64166e+01       2.89102e-01       2.43741e+01
  881  8.81e-03      3.64371e+01       3.11893e-01       2.43953e+01
  882  8.82e-03      3.66428e+01       3.20607e-01       2.45354e+01
  883  8.83e-03      3.63962e+01       2.89195e-01       2.43605e+01
  884  8.84e-03      3.69713e+01       2.37532e-01       2.47267e+01
  885  8.85e-03      3.66565e+01       2.93148e-01       2.45354e+01
  886  8.86e-03      3.71217e+01       2.96736e-01       2.48467e+01
  887  8.87e-03      3.70035e+01       2.59210e-01       2.47554e+01
  888  8.88e-03      3.75087e+01       2.53398e-01       2.50903e+01
  889  8.89e-03      3.76855e+01       3.09241e-01       2.52267e+01
  890  8.90e-03      3.75721e+01       2.44770e-01       2.51296e+01
  891  8.91e-03      3.78453e+01       3.13259e-01       2.53346e+01
  892  8.92e-03      3.72811e+01       2.51842e-01       2.49380e+01
  893  8.93e-03      3.79323e+01       2.60185e-01       2.53749e+01
  894  8.94e-03      3.74147e+01       2.97295e-01       2.50423e+01
  895  8.95e-03      3.81337e+01       3.11955e-01       2.55265e+01
  896  8.96e-03      3.77722e+01       2.82156e-01       2.52755e+01
  897  8.97e-03      3.78574e+01       3.13188e-01       2.53426e+01
  898  8.98e-03      3.77976e+01       3.01374e-01       2.52989e+01
  899  8.99e-03      3.77869e+01       3.00887e-01       2.52915e+01
  900  9.00e-03      3.81078e+01       2.61823e-01       2.54925e+01
  901  9.01e-03      3.75546e+01       3.49744e-01       2.51530e+01
  902  9.02e-03      3.82776e+01       2.97243e-01       2.56175e+01
  903  9.03e-03      3.78466e+01       3.02947e-01       2.53321e+01
  904  9.04e-03      3.85453e+01       3.21362e-01       2.58040e+01
  905  9.05e-03      3.79537e+01       3.05359e-01       2.54042e+01
  906  9.06e-03      3.83933e+01       3.30397e-01       2.57057e+01
  907  9.07e-03      3.82017e+01       2.75032e-01       2.55595e+01
  908  9.08e-03      3.81733e+01       2.79631e-01       2.55421e+01
  909  9.09e-03      3.82940e+01       3.17066e-01       2.56350e+01
  910  9.10e-03      3.77949e+01       2.77411e-01       2.52890e+01
  911  9.11e-03      3.87819e+01       2.55499e-01       2.59398e+01
  912  9.12e-03      3.80516e+01       2.52418e-01       2.54519e+01
  913  9.13e-03      3.90660e+01       2.93516e-01       2.61418e+01
  914  9.14e-03      3.86730e+01       3.21932e-01       2.58893e+01
  915  9.15e-03      3.89139e+01       3.08104e-01       2.60453e+01
  916  9.16e-03      3.88504e+01       2.55706e-01       2.59855e+01
  917  9.17e-03      3.85234e+01       2.44894e-01       2.57639e+01
  918  9.18e-03      3.88908e+01       2.83637e-01       2.60217e+01
  919  9.19e-03      3.84758e+01       3.31960e-01       2.57612e+01
  920  9.20e-03      3.90124e+01       3.57424e-01       2.61274e+01
  921  9.21e-03      3.87720e+01       3.08849e-01       2.59509e+01
  922  9.22e-03      3.94561e+01       2.59206e-01       2.63905e+01
  923  9.23e-03      3.87609e+01       2.80650e-01       2.59342e+01
  924  9.24e-03      3.90994e+01       2.75443e-01       2.61581e+01
  925  9.25e-03      3.85777e+01       2.72584e-01       2.58093e+01
  926  9.26e-03      3.85951e+01       2.48630e-01       2.58130e+01
  927  9.27e-03      3.85584e+01       3.04272e-01       2.58070e+01
  928  9.28e-03      3.84493e+01       3.70314e-01       2.57563e+01
  929  9.29e-03      3.89759e+01       3.42237e-01       2.60980e+01
  930  9.30e-03      3.85055e+01       3.50885e-01       2.57873e+01
  931  9.31e-03      3.89178e+01       3.14982e-01       2.60502e+01
  932  9.32e-03      3.86588e+01       2.99834e-01       2.58725e+01
  933  9.33e-03      3.92476e+01       3.11962e-01       2.62691e+01
  934  9.34e-03      3.91347e+01       3.23840e-01       2.61977e+01
  935  9.35e-03      3.93582e+01       3.38811e-01       2.63518e+01
  936  9.36e-03      3.94498e+01       2.83201e-01       2.63943e+01
  937  9.37e-03      3.90451e+01       3.37736e-01       2.61427e+01
  938  9.38e-03      3.94828e+01       3.01911e-01       2.64225e+01
  939  9.39e-03      3.91492e+01       2.83281e-01       2.61939e+01
  940  9.40e-03      3.96785e+01       3.52250e-01       2.65697e+01
  941  9.41e-03      3.92167e+01       2.94721e-01       2.62427e+01
  942  9.42e-03      4.01726e+01       3.17120e-01       2.68874e+01
  943  9.43e-03      3.97381e+01       3.29993e-01       2.66021e+01
  944  9.44e-03      3.99488e+01       2.85946e-01       2.67278e+01
  945  9.45e-03      4.02037e+01       2.46033e-01       2.68845e+01
  946  9.46e-03      3.98443e+01       2.68440e-01       2.66523e+01
  947  9.47e-03      4.01506e+01       2.75939e-01       2.68590e+01
  948  9.48e-03      3.95548e+01       2.90460e-01       2.64667e+01
  949  9.49e-03      4.02298e+01       2.95021e-01       2.69182e+01
  950  9.50e-03      4.00472e+01       2.69846e-01       2.67881e+01
  951  9.51e-03      4.05525e+01       2.67569e-01       2.71242e+01
  952  9.52e-03      4.00159e+01       2.57438e-01       2.67630e+01
  953  9.53e-03      4.01347e+01       2.80984e-01       2.68501e+01
  954  9.54e-03      4.03758e+01       2.99748e-01       2.70171e+01
  955  9.55e-03      4.02994e+01       2.89762e-01       2.69629e+01
  956  9.56e-03      4.09168e+01       2.90287e-01       2.73746e+01
  957  9.57e-03      4.01901e+01       3.08328e-01       2.68962e+01
  958  9.58e-03      4.07304e+01       3.49776e-01       2.72702e+01
  959  9.59e-03      4.00475e+01       3.01562e-01       2.67989e+01
  960  9.60e-03      4.06945e+01       2.99388e-01       2.72295e+01
  961  9.61e-03      4.01918e+01       3.35330e-01       2.69063e+01
  962  9.62e-03      4.03948e+01       2.71667e-01       2.70204e+01
  963  9.63e-03      4.06468e+01       3.36079e-01       2.72099e+01
  964  9.64e-03      4.06184e+01       2.81935e-01       2.71729e+01
  965  9.65e-03      4.08672e+01       2.76978e-01       2.73371e+01
  966  9.66e-03      4.01192e+01       2.62992e-01       2.68338e+01
  967  9.67e-03      4.09670e+01       2.96582e-01       2.74102e+01
  968  9.68e-03      4.01614e+01       2.63194e-01       2.68620e+01
  969  9.69e-03      4.07894e+01       2.49245e-01       2.72760e+01
  970  9.70e-03      4.06257e+01       3.09254e-01       2.71869e+01
  971  9.71e-03      4.09350e+01       2.61116e-01       2.73770e+01
  972  9.72e-03      4.06427e+01       2.58272e-01       2.71812e+01
  973  9.73e-03      4.05642e+01       3.08094e-01       2.71455e+01
  974  9.74e-03      4.09708e+01       2.73729e-01       2.74051e+01
  975  9.75e-03      4.04307e+01       2.76248e-01       2.70459e+01
  976  9.76e-03      4.08800e+01       2.61802e-01       2.73406e+01
  977  9.77e-03      4.02818e+01       2.54360e-01       2.69393e+01
  978  9.78e-03      4.08786e+01       2.60047e-01       2.73391e+01
  979  9.79e-03      4.06381e+01       3.17872e-01       2.71980e+01
  980  9.80e-03      4.13639e+01       2.63662e-01       2.76638e+01
  981  9.81e-03      4.12294e+01       2.48465e-01       2.75691e+01
  982  9.82e-03      4.12933e+01       2.98682e-01       2.76284e+01
  983  9.83e-03      4.15345e+01       2.60276e-01       2.77764e+01
  984  9.84e-03      4.10148e+01       3.11344e-01       2.74470e+01
  985  9.85e-03      4.15492e+01       3.41909e-01       2.78134e+01
  986  9.86e-03      4.06005e+01       2.70099e-01       2.71570e+01
  987  9.87e-03      4.14856e+01       2.72584e-01       2.77479e+01
  988  9.88e-03      4.09290e+01       3.04080e-01       2.73874e+01
  989  9.89e-03      4.13227e+01       3.08011e-01       2.76511e+01
  990  9.90e-03      4.10962e+01       2.83912e-01       2.74921e+01
  991  9.91e-03      4.12974e+01       3.16195e-01       2.76370e+01
  992  9.92e-03      4.14647e+01       3.07215e-01       2.77456e+01
  993  9.93e-03      4.11369e+01       3.40287e-01       2.75381e+01
  994  9.94e-03      4.18924e+01       3.58612e-01       2.80478e+01
  995  9.95e-03      4.11528e+01       3.32595e-01       2.75460e+01
  996  9.96e-03      4.18458e+01       2.92936e-01       2.79948e+01
  997  9.97e-03      4.11594e+01       2.85659e-01       2.75348e+01
  998  9.98e-03      4.20777e+01       3.03918e-01       2.81531e+01
  999  9.99e-03      4.15857e+01       3.70794e-01       2.78474e+01
