Delta = 1.000e+00 gamma
 step      t        T_in_plane/mK   T_out_of_plane/mK   T_tot/mK
    0  0.00e+00      1.88638e-29       0.00000e+00       1.25759e-29
    1  1.00e-05      3.43989e-02       5.35143e-02       4.07707e-02
    2  2.00e-05      6.70211e-02       7.99521e-02       7.13314e-02
    3  3.00e-05      1.15296e-01       7.93704e-02       1.03321e-01
    4  4.00e-05      1.30324e-01       1.32161e-01       1.30936e-01
    5  5.00e-05      1.58985e-01       1.56098e-01       1.58023e-01
    6  6.00e-05      1.73862e-01       1.92254e-01       1.79993e-01
    7  7.00e-05      1.83227e-01       1.29869e-01       1.65441e-01
    8  8.00e-05      1.91809e-01       2.20421e-01       2.01346e-01
    9  9.00e-05      2.03183e-01       2.22652e-01       2.09673e-01
   10  1.00e-04      2.34867e-01       2.31571e-01       2.33768e-01
   11  1.10e-04      2.50518e-01       1.86105e-01       2.29047e-01
   12  1.20e-04      2.88495e-01       2.35907e-01       2.70966e-01
   13  1.30e-04      3.37091e-01       2.71768e-01       3.15317e-01
   14  1.40e-04      3.87485e-01       2.72107e-01       3.49026e-01
   15  1.50e-04      4.10989e-01       3.12435e-01       3.78138e-01
   16  1.60e-04      4.53914e-01       3.14349e-01       4.07393e-01
   17  1.70e-04      4.76572e-01       2.99067e-01       4.17404e-01
   18  1.80e-04      4.82116e-01       2.79678e-01       4.14637e-01
   19  1.90e-04      5.03861e-01       3.23719e-01       4.43814e-01
   20  2.00e-04      5.02245e-01       3.19395e-01       4.41295e-01
   21  2.10e-04      5.15114e-01       3.09099e-01       4.46443e-01
   22  2.20e-04      5.41828e-01       2.73213e-01       4.52290e-01
   23  2.30e-04      5.87714e-01       3.25947e-01       5.00458e-01
   24  2.40e-04      6.30858e-01       2.90890e-01       5.17535e-01
   25  2.50e-04      6.46933e-01       4.20125e-01       5.71330e-01
   26  2.60e-04      6.91474e-01       3.16100e-01       5.66350e-01
   27  2.70e-04      7.03607e-01       2.52513e-01       5.53243e-01
   28  2.80e-04      7.32016e-01       3.04386e-01       5.89473e-01
   29  2.90e-04      7.58968e-01       3.39920e-01       6.19285e-01
   30  3.00e-04      8.11286e-01       2.87401e-01       6.36657e-01
   31  3.10e-04      8.19707e-01       2.89462e-01       6.42959e-01
   32  3.20e-04      8.79753e-01       2.79417e-01       6.79641e-01
   33  3.30e-04      9.07802e-01       2.94202e-01       7.03269e-01
   34  3.40e-04      9.31365e-01       2.54236e-01       7.05655e-01
   35  3.50e-04      9.69871e-01       3.14680e-01       7.51474e-01
   36  3.60e-04      1.02061e+00       2.53531e-01       7.64915e-01
   37  3.70e-04      1.04503e+00       3.08283e-01       7.99451e-01
   38  3.80e-04      1.07225e+00       3.10772e-01       8.18427e-01
   39  3.90e-04      1.09661e+00       3.29292e-01       8.40838e-01
   40  4.00e-04      1.14676e+00       3.59024e-01       8.84183e-01
   41  4.10e-04      1.19285e+00       2.74712e-01       8.86806e-01
   42  4.20e-04      1.17384e+00       2.70326e-01       8.72667e-01
   43  4.30e-04      1.20692e+00       2.95865e-01       9.03232e-01
   44  4.40e-04      1.27648e+00       2.96224e-01       9.49726e-01
   45  4.50e-04      1.30309e+00       2.66766e-01       9.57650e-01
   46  4.60e-04      1.31938e+00       2.67838e-01       9.68868e-01
   47  4.70e-04      1.34645e+00       2.73891e-01       9.88932e-01
   48  4.80e-04      1.40639e+00       2.69599e-01       1.02746e+00
   49  4.90e-04      1.47048e+00       3.29748e-01       1.09024e+00
   50  5.00e-04      1.48408e+00       3.20608e-01       1.09625e+00
   51  5.10e-04      1.56865e+00       2.91709e-01       1.14300e+00
   52  5.20e-04      1.63173e+00       3.26171e-01       1.19654e+00
   53  5.30e-04      1.63856e+00       3.00629e-01       1.19259e+00
   54  5.40e-04      1.71641e+00       2.94446e-01       1.24242e+00
   55  5.50e-04      1.70788e+00       3.41641e-01       1.25247e+00
   56  5.60e-04      1.76856e+00       2.80485e-01       1.27254e+00
   57  5.70e-04      1.77924e+00       3.30051e-01       1.29618e+00
   58  5.80e-04      1.84822e+00       3.12844e-01       1.33643e+00
   59  5.90e-04      1.93390e+00       3.18014e-01       1.39527e+00
   60  6.00e-04      1.99497e+00       2.98614e-01       1.42952e+00
   61  6.10e-04      2.05996e+00       3.06805e-01       1.47558e+00
   62  6.20e-04      2.12955e+00       3.37274e-01       1.53212e+00
   63  6.30e-04      2.11995e+00       3.29078e-01       1.52299e+00
   64  6.40e-04      2.19774e+00       3.35032e-01       1.57684e+00
   65  6.50e-04      2.28466e+00       2.76521e-01       1.61528e+00
   66  6.60e-04      2.31207e+00       3.03176e-01       1.64244e+00
   67  6.70e-04      2.28483e+00       2.20590e-01       1.59675e+00
   68  6.80e-04      2.29631e+00       2.93990e-01       1.62887e+00
   69  6.90e-04      2.29088e+00       2.63283e-01       1.61501e+00
   70  7.00e-04      2.31262e+00       2.93949e-01       1.63973e+00
   71  7.10e-04      2.35945e+00       2.57675e-01       1.65886e+00
   72  7.20e-04      2.34889e+00       3.02413e-01       1.66673e+00
   73  7.30e-04      2.38917e+00       2.75648e-01       1.68466e+00
   74  7.40e-04      2.45879e+00       2.61684e-01       1.72642e+00
   75  7.50e-04      2.42353e+00       2.97236e-01       1.71477e+00
   76  7.60e-04      2.48062e+00       2.35867e-01       1.73237e+00
   77  7.70e-04      2.47257e+00       2.81494e-01       1.74221e+00
   78  7.80e-04      2.55907e+00       3.05746e-01       1.80796e+00
   79  7.90e-04      2.63114e+00       3.26318e-01       1.86287e+00
   80  8.00e-04      2.64023e+00       2.91173e-01       1.85721e+00
   81  8.10e-04      2.65868e+00       2.50537e-01       1.85596e+00
   82  8.20e-04      2.71574e+00       2.37146e-01       1.88954e+00
   83  8.30e-04      2.69034e+00       2.50832e-01       1.87717e+00
   84  8.40e-04      2.71533e+00       3.16475e-01       1.91571e+00
   85  8.50e-04      2.76733e+00       2.98246e-01       1.94431e+00
   86  8.60e-04      2.79858e+00       3.09120e-01       1.96876e+00
   87  8.70e-04      2.82163e+00       2.81960e-01       1.97507e+00
   88  8.80e-04      2.87415e+00       3.19135e-01       2.02248e+00
   89  8.90e-04      2.87439e+00       3.19996e-01       2.02293e+00
   90  9.00e-04      2.89932e+00       3.71728e-01       2.05679e+00
   91  9.10e-04      2.88828e+00       3.55199e-01       2.04392e+00
   92  9.20e-04      2.97840e+00       2.61449e-01       2.07275e+00
   93  9.30e-04      2.99448e+00       2.76065e-01       2.08834e+00
   94  9.40e-04      3.00836e+00       2.97086e-01       2.10460e+00
   95  9.50e-04      3.01185e+00       2.48744e-01       2.09081e+00
   96  9.60e-04      3.05660e+00       2.89964e-01       2.13439e+00
   97  9.70e-04      3.10774e+00       3.26222e-01       2.18057e+00
   98  9.80e-04      3.15870e+00       3.05078e-01       2.20749e+00
   99  9.90e-04      3.14974e+00       2.53448e-01       2.18431e+00
  100  1.00e-03      3.10374e+00       2.99893e-01       2.16913e+00
  101  1.01e-03      3.11951e+00       2.38525e-01       2.15918e+00
  102  1.02e-03      3.18744e+00       2.71175e-01       2.21535e+00
  103  1.03e-03      3.23934e+00       2.54496e-01       2.24439e+00
  104  1.04e-03      3.29356e+00       2.74587e-01       2.28724e+00
  105  1.05e-03      3.33146e+00       3.11930e-01       2.32495e+00
  106  1.06e-03      3.36230e+00       2.99578e-01       2.34139e+00
  107  1.07e-03      3.40962e+00       3.14344e-01       2.37786e+00
  108  1.08e-03      3.47436e+00       2.96406e-01       2.41504e+00
  109  1.09e-03      3.48421e+00       3.13376e-01       2.42726e+00
  110  1.10e-03      3.55125e+00       3.00409e-01       2.46764e+00
  111  1.11e-03      3.62704e+00       3.25545e-01       2.52654e+00
  112  1.12e-03      3.72834e+00       2.78460e-01       2.57838e+00
  113  1.13e-03      3.82684e+00       2.23981e-01       2.62589e+00
  114  1.14e-03      3.89946e+00       2.78101e-01       2.69234e+00
  115  1.15e-03      3.88226e+00       2.71555e-01       2.67869e+00
  116  1.16e-03      3.90041e+00       2.85916e-01       2.69558e+00
  117  1.17e-03      3.95072e+00       3.14216e-01       2.73855e+00
  118  1.18e-03      4.02730e+00       2.97863e-01       2.78416e+00
  119  1.19e-03      4.02752e+00       2.95826e-01       2.78362e+00
  120  1.20e-03      4.09571e+00       3.17390e-01       2.83627e+00
  121  1.21e-03      4.14166e+00       3.30239e-01       2.87119e+00
  122  1.22e-03      4.16400e+00       3.14191e-01       2.88073e+00
  123  1.23e-03      4.20268e+00       3.02325e-01       2.90256e+00
  124  1.24e-03      4.31599e+00       2.94256e-01       2.97541e+00
  125  1.25e-03      4.36331e+00       3.22323e-01       3.01631e+00
  126  1.26e-03      4.39048e+00       3.14669e-01       3.03187e+00
  127  1.27e-03      4.46687e+00       2.96245e-01       3.07666e+00
  128  1.28e-03      4.47311e+00       2.42793e-01       3.06300e+00
  129  1.29e-03      4.52165e+00       2.93807e-01       3.11237e+00
  130  1.30e-03      4.61956e+00       2.58970e-01       3.16603e+00
  131  1.31e-03      4.70613e+00       2.62020e-01       3.22476e+00
  132  1.32e-03      4.76595e+00       3.09889e-01       3.28060e+00
  133  1.33e-03      4.76949e+00       2.17122e-01       3.25203e+00
  134  1.34e-03      4.82333e+00       2.60046e-01       3.30223e+00
  135  1.35e-03      4.82809e+00       2.49171e-01       3.30178e+00
  136  1.36e-03      4.89418e+00       2.21865e-01       3.33674e+00
  137  1.37e-03      4.92547e+00       2.35323e-01       3.36209e+00
  138  1.38e-03      5.05743e+00       2.67458e-01       3.46077e+00
  139  1.39e-03      5.10676e+00       2.63918e-01       3.49248e+00
  140  1.40e-03      5.07603e+00       3.20205e-01       3.49075e+00
  141  1.41e-03      5.21698e+00       3.43125e-01       3.59236e+00
  142  1.42e-03      5.21352e+00       2.87988e-01       3.57167e+00
  143  1.43e-03      5.16919e+00       2.11017e-01       3.51646e+00
  144  1.44e-03      5.21338e+00       2.67049e-01       3.56460e+00
  145  1.45e-03      5.27995e+00       2.30351e-01       3.59675e+00
  146  1.46e-03      5.29862e+00       2.60267e-01       3.61917e+00
  147  1.47e-03      5.32720e+00       3.16445e-01       3.65695e+00
  148  1.48e-03      5.35701e+00       3.23986e-01       3.67934e+00
  149  1.49e-03      5.31050e+00       2.39061e-01       3.62002e+00
  150  1.50e-03      5.43491e+00       2.32828e-01       3.70088e+00
  151  1.51e-03      5.45977e+00       2.65278e-01       3.72827e+00
  152  1.52e-03      5.62833e+00       2.60264e-01       3.83898e+00
  153  1.53e-03      5.63500e+00       3.31992e-01       3.86733e+00
  154  1.54e-03      5.73310e+00       3.01333e-01       3.92251e+00
  155  1.55e-03      5.79679e+00       2.60984e-01       3.95152e+00
  156  1.56e-03      5.84004e+00       3.02669e-01       3.99425e+00
  157  1.57e-03      5.85619e+00       3.25433e-01       4.01260e+00
  158  1.58e-03      5.82023e+00       2.88989e-01       3.97648e+00
  159  1.59e-03      5.92552e+00       3.59757e-01       4.07026e+00
  160  1.60e-03      5.92746e+00       3.60227e-01       4.07171e+00
  161  1.61e-03      5.98140e+00       2.80097e-01       4.08097e+00
  162  1.62e-03      5.99532e+00       2.80827e-01       4.09049e+00
  163  1.63e-03      6.12208e+00       3.00354e-01       4.18151e+00
  164  1.64e-03      6.10735e+00       2.74089e-01       4.16293e+00
  165  1.65e-03      6.04068e+00       3.41987e-01       4.14111e+00
  166  1.66e-03      6.06540e+00       2.88958e-01       4.13992e+00
  167  1.67e-03      6.22551e+00       2.62233e-01       4.23775e+00
  168  1.68e-03      6.27405e+00       2.44000e-01       4.26403e+00
  169  1.69e-03      6.25476e+00       2.68457e-01       4.25933e+00
  170  1.70e-03      6.43525e+00       2.88158e-01       4.38622e+00
  171  1.71e-03      6.38905e+00       3.02346e-01       4.36015e+00
  172  1.72e-03      6.50788e+00       2.73282e-01       4.42968e+00
  173  1.73e-03      6.58857e+00       3.05109e-01       4.49409e+00
  174  1.74e-03      6.58651e+00       3.27159e-01       4.50006e+00
  175  1.75e-03      6.60684e+00       2.98184e-01       4.50395e+00
  176  1.76e-03      6.69479e+00       3.32886e-01       4.57416e+00
  177  1.77e-03      6.75983e+00       2.49859e-01       4.58984e+00
  178  1.78e-03      6.74777e+00       2.65688e-01       4.58708e+00
  179  1.79e-03      6.77809e+00       2.83059e-01       4.61308e+00
  180  1.80e-03      6.68492e+00       2.49128e-01       4.53965e+00
  181  1.81e-03      6.78605e+00       2.50430e-01       4.60751e+00
  182  1.82e-03      6.88721e+00       2.53239e-01       4.67589e+00
  183  1.83e-03      7.00206e+00       2.40260e-01       4.74813e+00
  184  1.84e-03      7.09279e+00       2.70321e-01       4.81864e+00
  185  1.85e-03      7.17223e+00       2.51384e-01       4.86528e+00
  186  1.86e-03      7.26646e+00       2.49697e-01       4.92754e+00
  187  1.87e-03      7.38016e+00       2.70374e-01       5.01023e+00
  188  1.88e-03      7.36153e+00       2.72215e-01       4.99842e+00
  189  1.89e-03      7.42677e+00       2.61615e-01       5.03838e+00
  190  1.90e-03      7.51438e+00       3.25124e-01       5.11796e+00
  191  1.91e-03      7.57259e+00       3.32677e-01       5.15928e+00
  192  1.92e-03      7.57992e+00       2.83835e-01       5.14789e+00
  193  1.93e-03      7.55213e+00       3.38892e-01       5.14771e+00
  194  1.94e-03      7.57242e+00       2.59261e-01       5.13470e+00
  195  1.95e-03      7.62128e+00       2.60724e-01       5.16776e+00
  196  1.96e-03      7.64303e+00       2.92034e-01       5.19270e+00
  197  1.97e-03      7.72456e+00       3.22539e-01       5.25722e+00
  198  1.98e-03      7.72159e+00       3.21680e-01       5.25495e+00
  199  1.99e-03      7.87169e+00       2.81284e-01       5.34156e+00
  200  2.00e-03      7.86089e+00       3.11353e-01       5.34438e+00
  201  2.01e-03      7.91679e+00       2.62481e-01       5.36536e+00
  202  2.02e-03      7.98318e+00       3.26047e-01       5.43080e+00
  203  2.03e-03      8.02798e+00       2.98818e-01       5.45159e+00
  204  2.04e-03      8.04305e+00       2.46404e-01       5.44417e+00
  205  2.05e-03      8.12878e+00       3.12705e-01       5.52342e+00
  206  2.06e-03      8.18173e+00       2.47731e-01       5.53706e+00
  207  2.07e-03      8.18099e+00       2.41715e-01       5.53456e+00
  208  2.08e-03      8.22207e+00       3.50084e-01       5.59808e+00
  209  2.09e-03      8.32948e+00       3.19211e-01       5.65939e+00
  210  2.10e-03      8.36991e+00       2.37329e-01       5.65905e+00
  211  2.11e-03      8.24075e+00       2.73331e-01       5.58494e+00
  212  2.12e-03      8.31171e+00       3.28291e-01       5.65057e+00
  213  2.13e-03      8.31455e+00       3.10344e-01       5.64648e+00
  214  2.14e-03      8.34345e+00       2.89078e-01       5.65866e+00
  215  2.15e-03      8.47147e+00       2.99116e-01       5.74735e+00
  216  2.16e-03      8.47800e+00       2.77871e-01       5.74462e+00
  217  2.17e-03      8.51115e+00       3.08126e-01       5.77681e+00
  218  2.18e-03      8.50487e+00       3.46420e-01       5.78539e+00
  219  2.19e-03      8.50146e+00       3.58073e-01       5.78700e+00
  220  2.20e-03      8.39039e+00       2.69562e-01       5.68345e+00
  221  2.21e-03      8.40164e+00       2.66260e-01       5.68985e+00
  222  2.22e-03      8.45078e+00       3.07198e-01       5.73625e+00
  223  2.23e-03      8.36693e+00       3.65775e-01       5.69988e+00
  224  2.24e-03      8.63887e+00       3.37736e-01       5.87182e+00
  225  2.25e-03      8.66373e+00       2.58717e-01       5.86206e+00
  226  2.26e-03      8.72431e+00       2.89917e-01       5.91285e+00
  227  2.27e-03      8.76651e+00       3.12849e-01       5.94863e+00
  228  2.28e-03      8.87994e+00       3.25500e-01       6.02846e+00
  229  2.29e-03      8.80830e+00       2.96963e-01       5.97119e+00
  230  2.30e-03      8.85949e+00       2.97280e-01       6.00542e+00
  231  2.31e-03      8.88279e+00       3.05510e-01       6.02370e+00
  232  2.32e-03      8.98598e+00       2.94430e-01       6.08880e+00
  233  2.33e-03      9.09500e+00       3.39739e-01       6.17658e+00
  234  2.34e-03      9.08899e+00       2.64036e-01       6.14734e+00
  235  2.35e-03      9.23905e+00       2.96628e-01       6.25824e+00
  236  2.36e-03      9.29744e+00       2.57936e-01       6.28427e+00
  237  2.37e-03      9.47791e+00       3.03087e-01       6.41964e+00
  238  2.38e-03      9.40465e+00       2.78551e-01       6.36262e+00
  239  2.39e-03      9.57432e+00       2.98696e-01       6.48245e+00
  240  2.40e-03      9.66853e+00       2.40543e-01       6.52587e+00
  241  2.41e-03      9.67766e+00       3.48942e-01       6.56809e+00
  242  2.42e-03      9.75291e+00       2.78873e-01       6.59490e+00
  243  2.43e-03      9.80735e+00       2.66437e-01       6.62705e+00
  244  2.44e-03      9.71740e+00       3.22516e-01       6.58577e+00
  245  2.45e-03      9.58397e+00       2.53435e-01       6.47379e+00
  246  2.46e-03      9.65832e+00       3.43599e-01       6.55341e+00
  247  2.47e-03      9.74584e+00       2.56286e-01       6.58266e+00
  248  2.48e-03      9.83301e+00       3.59890e-01       6.67530e+00
  249  2.49e-03      9.77720e+00       3.46581e-01       6.63366e+00
  250  2.50e-03      9.81008e+00       3.28198e-01       6.64945e+00
  251  2.51e-03      9.87286e+00       3.07666e-01       6.68446e+00
  252  2.52e-03      9.88788e+00       3.29502e-01       6.70176e+00
  253  2.53e-03      1.01370e+01       2.87535e-01       6.85384e+00
  254  2.54e-03      9.89196e+00       2.96490e-01       6.69347e+00
  255  2.55e-03      1.00807e+01       2.71790e-01       6.81107e+00
  256  2.56e-03      1.02138e+01       3.20620e-01       6.91610e+00
  257  2.57e-03      1.02658e+01       3.14789e-01       6.94879e+00
  258  2.58e-03      1.04319e+01       2.88476e-01       7.05074e+00
  259  2.59e-03      1.04534e+01       3.17259e-01       7.07470e+00
  260  2.60e-03      1.04324e+01       2.91064e-01       7.05194e+00
  261  2.61e-03      1.05006e+01       3.19690e-01       7.10697e+00
  262  2.62e-03      1.06307e+01       3.56303e-01       7.20590e+00
  263  2.63e-03      1.04914e+01       3.56461e-01       7.11310e+00
  264  2.64e-03      1.06274e+01       3.85513e-01       7.21343e+00
  265  2.65e-03      1.06615e+01       3.31089e-01       7.21806e+00
  266  2.66e-03      1.08368e+01       2.78014e-01       7.31719e+00
  267  2.67e-03      1.08578e+01       3.28221e-01       7.34793e+00
  268  2.68e-03      1.09211e+01       3.71128e-01       7.40446e+00
  269  2.69e-03      1.10040e+01       3.71778e-01       7.45992e+00
  270  2.70e-03      1.11151e+01       3.58239e-01       7.52946e+00
  271  2.71e-03      1.12170e+01       3.20256e-01       7.58476e+00
  272  2.72e-03      1.12776e+01       3.76787e-01       7.64402e+00
  273  2.73e-03      1.13583e+01       2.68294e-01       7.66161e+00
  274  2.74e-03      1.13605e+01       2.38938e-01       7.65333e+00
  275  2.75e-03      1.14169e+01       2.90531e-01       7.70812e+00
  276  2.76e-03      1.14400e+01       2.47225e-01       7.70909e+00
  277  2.77e-03      1.14882e+01       2.43265e-01       7.73986e+00
  278  2.78e-03      1.15288e+01       2.93751e-01       7.78381e+00
  279  2.79e-03      1.15195e+01       3.16957e-01       7.78529e+00
  280  2.80e-03      1.16102e+01       3.08223e-01       7.84289e+00
  281  2.81e-03      1.16522e+01       3.65588e-01       7.89002e+00
  282  2.82e-03      1.18214e+01       3.04796e-01       7.98254e+00
  283  2.83e-03      1.17392e+01       2.61714e-01       7.91339e+00
  284  2.84e-03      1.19093e+01       2.94255e-01       8.03761e+00
  285  2.85e-03      1.18856e+01       2.60985e-01       8.01076e+00
  286  2.86e-03      1.20326e+01       2.80288e-01       8.11513e+00
  287  2.87e-03      1.20993e+01       2.86905e-01       8.16181e+00
  288  2.88e-03      1.22615e+01       3.24968e-01       8.28266e+00
  289  2.89e-03      1.23893e+01       2.92747e-01       8.35710e+00
  290  2.90e-03      1.22947e+01       3.36647e-01       8.30869e+00
  291  2.91e-03      1.24641e+01       2.88650e-01       8.40559e+00
  292  2.92e-03      1.22538e+01       3.00922e-01       8.26950e+00
  293  2.93e-03      1.24128e+01       2.80631e-01       8.36876e+00
  294  2.94e-03      1.23338e+01       2.63723e-01       8.31045e+00
  295  2.95e-03      1.24536e+01       2.71948e-01       8.39303e+00
  296  2.96e-03      1.25284e+01       2.34781e-01       8.43054e+00
  297  2.97e-03      1.27532e+01       3.46906e-01       8.61779e+00
  298  2.98e-03      1.26269e+01       3.18424e-01       8.52406e+00
  299  2.99e-03      1.28830e+01       2.61747e-01       8.67590e+00
  300  3.00e-03      1.27762e+01       2.92562e-01       8.61498e+00
  301  3.01e-03      1.27831e+01       2.65579e-01       8.61056e+00
  302  3.02e-03      1.28092e+01       3.23384e-01       8.64727e+00
  303  3.03e-03      1.27910e+01       3.03763e-01       8.62856e+00
  304  3.04e-03      1.30099e+01       3.60121e-01       8.79331e+00
  305  3.05e-03      1.28766e+01       2.42732e-01       8.66529e+00
  306  3.06e-03      1.29734e+01       3.05657e-01       8.75079e+00
  307  3.07e-03      1.30316e+01       3.26136e-01       8.79645e+00
  308  3.08e-03      1.30344e+01       3.84139e-01       8.81763e+00
  309  3.09e-03      1.31220e+01       3.42137e-01       8.86203e+00
  310  3.10e-03      1.30388e+01       2.93719e-01       8.79045e+00
  311  3.11e-03      1.31520e+01       2.64522e-01       8.85616e+00
  312  3.12e-03      1.31759e+01       3.22949e-01       8.89158e+00
  313  3.13e-03      1.33192e+01       3.08878e-01       8.98240e+00
  314  3.14e-03      1.32832e+01       3.62533e-01       8.97630e+00
  315  3.15e-03      1.35788e+01       3.51569e-01       9.16974e+00
  316  3.16e-03      1.35544e+01       3.15264e-01       9.14137e+00
  317  3.17e-03      1.35581e+01       2.87897e-01       9.13470e+00
  318  3.18e-03      1.35025e+01       3.13747e-01       9.10627e+00
  319  3.19e-03      1.36655e+01       3.02366e-01       9.21112e+00
  320  3.20e-03      1.37439e+01       2.46279e-01       9.24470e+00
  321  3.21e-03      1.36206e+01       2.72876e-01       9.17137e+00
  322  3.22e-03      1.38731e+01       2.86912e-01       9.34435e+00
  323  3.23e-03      1.37765e+01       2.55746e-01       9.26955e+00
  324  3.24e-03      1.38837e+01       3.36048e-01       9.36784e+00
  325  3.25e-03      1.37163e+01       3.66666e-01       9.26645e+00
  326  3.26e-03      1.38218e+01       3.19913e-01       9.32117e+00
  327  3.27e-03      1.38626e+01       3.69204e-01       9.36480e+00
  328  3.28e-03      1.39722e+01       2.62019e-01       9.40213e+00
  329  3.29e-03      1.39028e+01       2.71886e-01       9.35919e+00
  330  3.30e-03      1.40748e+01       3.09833e-01       9.48649e+00
  331  3.31e-03      1.43462e+01       2.99625e-01       9.66398e+00
  332  3.32e-03      1.41505e+01       3.28230e-01       9.54310e+00
  333  3.33e-03      1.43705e+01       3.65093e-01       9.70200e+00
  334  3.34e-03      1.41474e+01       3.28824e-01       9.54122e+00
  335  3.35e-03      1.44106e+01       3.55472e-01       9.72556e+00
  336  3.36e-03      1.43171e+01       3.24496e-01       9.65293e+00
  337  3.37e-03      1.44201e+01       3.10080e-01       9.71675e+00
  338  3.38e-03      1.46270e+01       2.85455e-01       9.84645e+00
  339  3.39e-03      1.46611e+01       2.89553e-01       9.87058e+00
  340  3.40e-03      1.47840e+01       3.01946e-01       9.95663e+00
  341  3.41e-03      1.46882e+01       3.63108e-01       9.91314e+00
  342  3.42e-03      1.48399e+01       3.69565e-01       1.00165e+01
  343  3.43e-03      1.46691e+01       3.11010e-01       9.88308e+00
  344  3.44e-03      1.48763e+01       3.01896e-01       1.00182e+01
  345  3.45e-03      1.49075e+01       2.50435e-01       1.00218e+01
  346  3.46e-03      1.49173e+01       2.72684e-01       1.00358e+01
  347  3.47e-03      1.49463e+01       3.11693e-01       1.00681e+01
  348  3.48e-03      1.50158e+01       2.88531e-01       1.01067e+01
  349  3.49e-03      1.49794e+01       3.18826e-01       1.00925e+01
  350  3.50e-03      1.48738e+01       2.54707e-01       1.00008e+01
  351  3.51e-03      1.50969e+01       3.20455e-01       1.01714e+01
  352  3.52e-03      1.49539e+01       2.54312e-01       1.00541e+01
  353  3.53e-03      1.50297e+01       3.26810e-01       1.01287e+01
  354  3.54e-03      1.49879e+01       3.25734e-01       1.01005e+01
  355  3.55e-03      1.50127e+01       3.12058e-01       1.01125e+01
  356  3.56e-03      1.50131e+01       3.34365e-01       1.01202e+01
  357  3.57e-03      1.51080e+01       2.85046e-01       1.01670e+01
  358  3.58e-03      1.53431e+01       3.32958e-01       1.03397e+01
  359  3.59e-03      1.53138e+01       3.28763e-01       1.03188e+01
  360  3.60e-03      1.55967e+01       2.68911e-01       1.04875e+01
  361  3.61e-03      1.57720e+01       3.38372e-01       1.06275e+01
  362  3.62e-03      1.60172e+01       2.96701e-01       1.07770e+01
  363  3.63e-03      1.59535e+01       2.36560e-01       1.07145e+01
  364  3.64e-03      1.59803e+01       2.91938e-01       1.07508e+01
  365  3.65e-03      1.59804e+01       3.30823e-01       1.07639e+01
  366  3.66e-03      1.62433e+01       3.16501e-01       1.09344e+01
  367  3.67e-03      1.61983e+01       3.30447e-01       1.09090e+01
  368  3.68e-03      1.60126e+01       3.29510e-01       1.07849e+01
  369  3.69e-03      1.60759e+01       3.52978e-01       1.08349e+01
  370  3.70e-03      1.60417e+01       3.18572e-01       1.08007e+01
  371  3.71e-03      1.61454e+01       2.85802e-01       1.08588e+01
  372  3.72e-03      1.59119e+01       3.09565e-01       1.07111e+01
  373  3.73e-03      1.60679e+01       2.86666e-01       1.08075e+01
  374  3.74e-03      1.62826e+01       2.82353e-01       1.09492e+01
  375  3.75e-03      1.64176e+01       2.74821e-01       1.10367e+01
  376  3.76e-03      1.63957e+01       2.65308e-01       1.10189e+01
  377  3.77e-03      1.62173e+01       3.13143e-01       1.09159e+01
  378  3.78e-03      1.63685e+01       2.89950e-01       1.10090e+01
  379  3.79e-03      1.63446e+01       2.96361e-01       1.09952e+01
  380  3.80e-03      1.66362e+01       3.23699e-01       1.11987e+01
  381  3.81e-03      1.65771e+01       3.07675e-01       1.11539e+01
  382  3.82e-03      1.67009e+01       3.08122e-01       1.12366e+01
  383  3.83e-03      1.66210e+01       2.59506e-01       1.11671e+01
  384  3.84e-03      1.67718e+01       3.14953e-01       1.12862e+01
  385  3.85e-03      1.67194e+01       2.82375e-01       1.12404e+01
  386  3.86e-03      1.69403e+01       2.89325e-01       1.13900e+01
  387  3.87e-03      1.69291e+01       2.62704e-01       1.13736e+01
  388  3.88e-03      1.68451e+01       2.50863e-01       1.13137e+01
  389  3.89e-03      1.70257e+01       2.14570e-01       1.14220e+01
  390  3.90e-03      1.68117e+01       2.18888e-01       1.12808e+01
  391  3.91e-03      1.69651e+01       2.42291e-01       1.13908e+01
  392  3.92e-03      1.68751e+01       2.71754e-01       1.13407e+01
  393  3.93e-03      1.69488e+01       3.38807e-01       1.14122e+01
  394  3.94e-03      1.70931e+01       3.26970e-01       1.15044e+01
  395  3.95e-03      1.71070e+01       2.64397e-01       1.14928e+01
  396  3.96e-03      1.73871e+01       2.78232e-01       1.16842e+01
  397  3.97e-03      1.72534e+01       2.33987e-01       1.15803e+01
  398  3.98e-03      1.73510e+01       2.84747e-01       1.16622e+01
  399  3.99e-03      1.72997e+01       3.07764e-01       1.16357e+01
  400  4.00e-03      1.72848e+01       3.21088e-01       1.16303e+01
  401  4.01e-03      1.70672e+01       2.52555e-01       1.14623e+01
  402  4.02e-03      1.72984e+01       2.91933e-01       1.16296e+01
  403  4.03e-03      1.72480e+01       2.99468e-01       1.15985e+01
  404  4.04e-03      1.74276e+01       2.72005e-01       1.17091e+01
  405  4.05e-03      1.74286e+01       2.69007e-01       1.17087e+01
  406  4.06e-03      1.75020e+01       2.75307e-01       1.17598e+01
  407  4.07e-03      1.76264e+01       2.87532e-01       1.18468e+01
  408  4.08e-03      1.77196e+01       2.98215e-01       1.19124e+01
  409  4.09e-03      1.78995e+01       2.78470e-01       1.20258e+01
  410  4.10e-03      1.78896e+01       2.71331e-01       1.20168e+01
  411  4.11e-03      1.80383e+01       3.27723e-01       1.21348e+01
  412  4.12e-03      1.80702e+01       3.07641e-01       1.21494e+01
  413  4.13e-03      1.81400e+01       2.87282e-01       1.21891e+01
  414  4.14e-03      1.83333e+01       2.96711e-01       1.23211e+01
  415  4.15e-03      1.83701e+01       3.16293e-01       1.23521e+01
  416  4.16e-03      1.84913e+01       2.26756e-01       1.24031e+01
  417  4.17e-03      1.83870e+01       2.47589e-01       1.23405e+01
  418  4.18e-03      1.84088e+01       2.94490e-01       1.23707e+01
  419  4.19e-03      1.83955e+01       2.52695e-01       1.23479e+01
  420  4.20e-03      1.84797e+01       2.90833e-01       1.24167e+01
  421  4.21e-03      1.83520e+01       3.15758e-01       1.23399e+01
  422  4.22e-03      1.84583e+01       2.77987e-01       1.23982e+01
  423  4.23e-03      1.85233e+01       3.66193e-01       1.24709e+01
  424  4.24e-03      1.85802e+01       3.32015e-01       1.24975e+01
  425  4.25e-03      1.87063e+01       3.54454e-01       1.25890e+01
  426  4.26e-03      1.86017e+01       3.34399e-01       1.25126e+01
  427  4.27e-03      1.86391e+01       3.19102e-01       1.25324e+01
  428  4.28e-03      1.84699e+01       3.25899e-01       1.24219e+01
  429  4.29e-03      1.87916e+01       3.53167e-01       1.26455e+01
  430  4.30e-03      1.89116e+01       3.59664e-01       1.27276e+01
  431  4.31e-03      1.91727e+01       3.67368e-01       1.29043e+01
  432  4.32e-03      1.91500e+01       3.27486e-01       1.28758e+01
  433  4.33e-03      1.91567e+01       3.06949e-01       1.28735e+01
  434  4.34e-03      1.93235e+01       2.90427e-01       1.29792e+01
  435  4.35e-03      1.94027e+01       3.04427e-01       1.30366e+01
  436  4.36e-03      1.95237e+01       3.04198e-01       1.31172e+01
  437  4.37e-03      1.96324e+01       3.43772e-01       1.32028e+01
  438  4.38e-03      1.96722e+01       2.47365e-01       1.31972e+01
  439  4.39e-03      1.95323e+01       2.54045e-01       1.31062e+01
  440  4.40e-03      1.96588e+01       2.90106e-01       1.32026e+01
  441  4.41e-03      1.94439e+01       2.54873e-01       1.30475e+01
  442  4.42e-03      1.94518e+01       3.20200e-01       1.30746e+01
  443  4.43e-03      1.94513e+01       3.30528e-01       1.30777e+01
  444  4.44e-03      1.96088e+01       2.79009e-01       1.31656e+01
  445  4.45e-03      1.96193e+01       3.09008e-01       1.31826e+01
  446  4.46e-03      1.94688e+01       2.76300e-01       1.30713e+01
  447  4.47e-03      1.94160e+01       2.99093e-01       1.30437e+01
  448  4.48e-03      1.91795e+01       2.76746e-01       1.28786e+01
  449  4.49e-03      1.94159e+01       2.65388e-01       1.30324e+01
  450  4.50e-03      1.91832e+01       2.62866e-01       1.28764e+01
  451  4.51e-03      1.93719e+01       2.91826e-01       1.30119e+01
  452  4.52e-03      1.93258e+01       2.73892e-01       1.29752e+01
  453  4.53e-03      1.93634e+01       2.79965e-01       1.30023e+01
  454  4.54e-03      1.91636e+01       2.86756e-01       1.28713e+01
  455  4.55e-03      1.92293e+01       3.58435e-01       1.29390e+01
  456  4.56e-03      1.91740e+01       2.27960e-01       1.28586e+01
  457  4.57e-03      1.92553e+01       3.01659e-01       1.29374e+01
  458  4.58e-03      1.95453e+01       3.33706e-01       1.31414e+01
  459  4.59e-03      1.94661e+01       2.98035e-01       1.30768e+01
  460  4.60e-03      1.95514e+01       2.96298e-01       1.31330e+01
  461  4.61e-03      1.95798e+01       3.27028e-01       1.31622e+01
  462  4.62e-03      1.95946e+01       3.39073e-01       1.31761e+01
  463  4.63e-03      1.96186e+01       2.76131e-01       1.31711e+01
  464  4.64e-03      1.96584e+01       2.74161e-01       1.31970e+01
  465  4.65e-03      1.97767e+01       3.25130e-01       1.32928e+01
  466  4.66e-03      1.95987e+01       2.69459e-01       1.31556e+01
  467  4.67e-03      1.98095e+01       3.21225e-01       1.33134e+01
  468  4.68e-03      1.97950e+01       3.03112e-01       1.32977e+01
  469  4.69e-03      1.98635e+01       2.51635e-01       1.33262e+01
  470  4.70e-03      1.96528e+01       2.80603e-01       1.31954e+01
  471  4.71e-03      1.97634e+01       2.89049e-01       1.32720e+01
  472  4.72e-03      1.98778e+01       2.39484e-01       1.33317e+01
  473  4.73e-03      1.98128e+01       3.11430e-01       1.33123e+01
  474  4.74e-03      2.00451e+01       3.37503e-01       1.34759e+01
  475  4.75e-03      1.98587e+01       2.90515e-01       1.33359e+01
  476  4.76e-03      1.99472e+01       3.47783e-01       1.34141e+01
  477  4.77e-03      1.98290e+01       3.30455e-01       1.33295e+01
  478  4.78e-03      2.01010e+01       3.58275e-01       1.35201e+01
  479  4.79e-03      2.01089e+01       2.96433e-01       1.35047e+01
  480  4.80e-03      2.04190e+01       3.25219e-01       1.37211e+01
  481  4.81e-03      2.03174e+01       2.87546e-01       1.36408e+01
  482  4.82e-03      2.07249e+01       3.46272e-01       1.39320e+01
  483  4.83e-03      2.09064e+01       3.34196e-01       1.40490e+01
  484  4.84e-03      2.06232e+01       3.02818e-01       1.38497e+01
  485  4.85e-03      2.06387e+01       3.56125e-01       1.38778e+01
  486  4.86e-03      2.06166e+01       2.52460e-01       1.38285e+01
  487  4.87e-03      2.10877e+01       3.44996e-01       1.41735e+01
  488  4.88e-03      2.09004e+01       3.14529e-01       1.40384e+01
  489  4.89e-03      2.09408e+01       2.80150e-01       1.40539e+01
  490  4.90e-03      2.10830e+01       2.60041e-01       1.41420e+01
  491  4.91e-03      2.11069e+01       3.12474e-01       1.41754e+01
  492  4.92e-03      2.10851e+01       2.61118e-01       1.41438e+01
  493  4.93e-03      2.10623e+01       3.00538e-01       1.41417e+01
  494  4.94e-03      2.12529e+01       3.15272e-01       1.42737e+01
  495  4.95e-03      2.10044e+01       2.73273e-01       1.40940e+01
  496  4.96e-03      2.12397e+01       2.61650e-01       1.42470e+01
  497  4.97e-03      2.12002e+01       2.99212e-01       1.42332e+01
  498  4.98e-03      2.13425e+01       3.28465e-01       1.43378e+01
  499  4.99e-03      2.13269e+01       3.14891e-01       1.43229e+01
  500  5.00e-03      2.12899e+01       2.95713e-01       1.42918e+01
  501  5.01e-03      2.15487e+01       2.78072e-01       1.44585e+01
  502  5.02e-03      2.12212e+01       2.94378e-01       1.42456e+01
  503  5.03e-03      2.14693e+01       2.97485e-01       1.44120e+01
  504  5.04e-03      2.13982e+01       2.74120e-01       1.43568e+01
  505  5.05e-03      2.16176e+01       2.40039e-01       1.44918e+01
  506  5.06e-03      2.15200e+01       2.94267e-01       1.44448e+01
  507  5.07e-03      2.17619e+01       2.40592e-01       1.45881e+01
  508  5.08e-03      2.16044e+01       2.61562e-01       1.44901e+01
  509  5.09e-03      2.14131e+01       3.34485e-01       1.43869e+01
  510  5.10e-03      2.14170e+01       2.66986e-01       1.43670e+01
  511  5.11e-03      2.13999e+01       2.42678e-01       1.43475e+01
  512  5.12e-03      2.14348e+01       3.21780e-01       1.43971e+01
  513  5.13e-03      2.13459e+01       2.83544e-01       1.43251e+01
  514  5.14e-03      2.15144e+01       2.43858e-01       1.44242e+01
  515  5.15e-03      2.14987e+01       3.27087e-01       1.44415e+01
  516  5.16e-03      2.16330e+01       3.00912e-01       1.45223e+01
  517  5.17e-03      2.18386e+01       3.23611e-01       1.46670e+01
  518  5.18e-03      2.19135e+01       3.50684e-01       1.47259e+01
  519  5.19e-03      2.21789e+01       2.69696e-01       1.48758e+01
  520  5.20e-03      2.22648e+01       3.02102e-01       1.49439e+01
  521  5.21e-03      2.23386e+01       2.90335e-01       1.49892e+01
  522  5.22e-03      2.22197e+01       2.86308e-01       1.49086e+01
  523  5.23e-03      2.23799e+01       3.42064e-01       1.50339e+01
  524  5.24e-03      2.23449e+01       3.53118e-01       1.50143e+01
  525  5.25e-03      2.24286e+01       3.53075e-01       1.50701e+01
  526  5.26e-03      2.21916e+01       3.38761e-01       1.49073e+01
  527  5.27e-03      2.21758e+01       3.21924e-01       1.48912e+01
  528  5.28e-03      2.20970e+01       3.35866e-01       1.48433e+01
  529  5.29e-03      2.22514e+01       3.00324e-01       1.49344e+01
  530  5.30e-03      2.22468e+01       3.51369e-01       1.49483e+01
  531  5.31e-03      2.19430e+01       3.08930e-01       1.47316e+01
  532  5.32e-03      2.23089e+01       3.00300e-01       1.49727e+01
  533  5.33e-03      2.21024e+01       3.31302e-01       1.48454e+01
  534  5.34e-03      2.25198e+01       2.70833e-01       1.51035e+01
  535  5.35e-03      2.22666e+01       2.75354e-01       1.49362e+01
  536  5.36e-03      2.24727e+01       2.80072e-01       1.50752e+01
  537  5.37e-03      2.25129e+01       3.10877e-01       1.51122e+01
  538  5.38e-03      2.25716e+01       2.57068e-01       1.51334e+01
  539  5.39e-03      2.24839e+01       2.87095e-01       1.50849e+01
  540  5.40e-03      2.24465e+01       2.95444e-01       1.50628e+01
  541  5.41e-03      2.26549e+01       2.90608e-01       1.52002e+01
  542  5.42e-03      2.25703e+01       3.24334e-01       1.51550e+01
  543  5.43e-03      2.30680e+01       2.74354e-01       1.54702e+01
  544  5.44e-03      2.28546e+01       2.73683e-01       1.53276e+01
  545  5.45e-03      2.31267e+01       2.92163e-01       1.55152e+01
  546  5.46e-03      2.31874e+01       2.79044e-01       1.55512e+01
  547  5.47e-03      2.31010e+01       3.27042e-01       1.55097e+01
  548  5.48e-03      2.32131e+01       2.95233e-01       1.55738e+01
  549  5.49e-03      2.32087e+01       2.82711e-01       1.55667e+01
  550  5.50e-03      2.33884e+01       2.65463e-01       1.56808e+01
  551  5.51e-03      2.34434e+01       3.02829e-01       1.57298e+01
  552  5.52e-03      2.34817e+01       2.98401e-01       1.57540e+01
  553  5.53e-03      2.34178e+01       2.89736e-01       1.57085e+01
  554  5.54e-03      2.37344e+01       2.78579e-01       1.59158e+01
  555  5.55e-03      2.37163e+01       2.43394e-01       1.58920e+01
  556  5.56e-03      2.39315e+01       2.62303e-01       1.60418e+01
  557  5.57e-03      2.40640e+01       2.36345e-01       1.61215e+01
  558  5.58e-03      2.42166e+01       2.23201e-01       1.62188e+01
  559  5.59e-03      2.44498e+01       3.27293e-01       1.64089e+01
  560  5.60e-03      2.41695e+01       3.10833e-01       1.62166e+01
  561  5.61e-03      2.44141e+01       3.08357e-01       1.63789e+01
  562  5.62e-03      2.42136e+01       2.79741e-01       1.62356e+01
  563  5.63e-03      2.44893e+01       2.64280e-01       1.64143e+01
  564  5.64e-03      2.43176e+01       2.67339e-01       1.63008e+01
  565  5.65e-03      2.46748e+01       2.18487e-01       1.65227e+01
  566  5.66e-03      2.48611e+01       2.66024e-01       1.66627e+01
  567  5.67e-03      2.47956e+01       2.79519e-01       1.66236e+01
  568  5.68e-03      2.49644e+01       2.22631e-01       1.67171e+01
  569  5.69e-03      2.47437e+01       2.41693e-01       1.65764e+01
  570  5.70e-03      2.49088e+01       2.36044e-01       1.66846e+01
  571  5.71e-03      2.48035e+01       2.84236e-01       1.66304e+01
  572  5.72e-03      2.52218e+01       2.69111e-01       1.69042e+01
  573  5.73e-03      2.50653e+01       2.95728e-01       1.68088e+01
  574  5.74e-03      2.53174e+01       2.64663e-01       1.69665e+01
  575  5.75e-03      2.52411e+01       3.12425e-01       1.69316e+01
  576  5.76e-03      2.52708e+01       3.26701e-01       1.69561e+01
  577  5.77e-03      2.53197e+01       3.10259e-01       1.69832e+01
  578  5.78e-03      2.51848e+01       4.05069e-01       1.69249e+01
  579  5.79e-03      2.53853e+01       3.21056e-01       1.70306e+01
  580  5.80e-03      2.51085e+01       2.84611e-01       1.68339e+01
  581  5.81e-03      2.52894e+01       3.05585e-01       1.69615e+01
  582  5.82e-03      2.53877e+01       3.48036e-01       1.70412e+01
  583  5.83e-03      2.58784e+01       2.99224e-01       1.73520e+01
  584  5.84e-03      2.56768e+01       2.66380e-01       1.72066e+01
  585  5.85e-03      2.55656e+01       3.08391e-01       1.71465e+01
  586  5.86e-03      2.56936e+01       3.20194e-01       1.72358e+01
  587  5.87e-03      2.57021e+01       3.04126e-01       1.72361e+01
  588  5.88e-03      2.58119e+01       2.86269e-01       1.73034e+01
  589  5.89e-03      2.56162e+01       3.26042e-01       1.71861e+01
  590  5.90e-03      2.59252e+01       3.36981e-01       1.73958e+01
  591  5.91e-03      2.59816e+01       2.77828e-01       1.74137e+01
  592  5.92e-03      2.61630e+01       2.82841e-01       1.75362e+01
  593  5.93e-03      2.62880e+01       3.17356e-01       1.76311e+01
  594  5.94e-03      2.62933e+01       2.84116e-01       1.76236e+01
  595  5.95e-03      2.61933e+01       2.58978e-01       1.75485e+01
  596  5.96e-03      2.60832e+01       2.70948e-01       1.74791e+01
  597  5.97e-03      2.61209e+01       2.60433e-01       1.75007e+01
  598  5.98e-03      2.58836e+01       2.69573e-01       1.73456e+01
  599  5.99e-03      2.65461e+01       2.92827e-01       1.77950e+01
  600  6.00e-03      2.65030e+01       3.09744e-01       1.77719e+01
  601  6.01e-03      2.64373e+01       3.07530e-01       1.77274e+01
  602  6.02e-03      2.62522e+01       3.17155e-01       1.76072e+01
  603  6.03e-03      2.64315e+01       3.54733e-01       1.77392e+01
  604  6.04e-03      2.61990e+01       3.12648e-01       1.75702e+01
  605  6.05e-03      2.64519e+01       2.74135e-01       1.77260e+01
  606  6.06e-03      2.65650e+01       3.01954e-01       1.78106e+01
  607  6.07e-03      2.65072e+01       2.51793e-01       1.77554e+01
  608  6.08e-03      2.68509e+01       3.10446e-01       1.80041e+01
  609  6.09e-03      2.66079e+01       2.88948e-01       1.78349e+01
  610  6.10e-03      2.66617e+01       3.41635e-01       1.78883e+01
  611  6.11e-03      2.66029e+01       3.22990e-01       1.78430e+01
  612  6.12e-03      2.65197e+01       3.34382e-01       1.77913e+01
  613  6.13e-03      2.64592e+01       2.70497e-01       1.77297e+01
  614  6.14e-03      2.66719e+01       2.83046e-01       1.78756e+01
  615  6.15e-03      2.66324e+01       2.76671e-01       1.78471e+01
  616  6.16e-03      2.65454e+01       3.03918e-01       1.77983e+01
  617  6.17e-03      2.67196e+01       3.01787e-01       1.79136e+01
  618  6.18e-03      2.65291e+01       3.30826e-01       1.77963e+01
  619  6.19e-03      2.68336e+01       3.09608e-01       1.79923e+01
  620  6.20e-03      2.64069e+01       3.90935e-01       1.77349e+01
  621  6.21e-03      2.65767e+01       3.46741e-01       1.78334e+01
  622  6.22e-03      2.65508e+01       2.94252e-01       1.77986e+01
  623  6.23e-03      2.65483e+01       2.86119e-01       1.77942e+01
  624  6.24e-03      2.67759e+01       2.58736e-01       1.79369e+01
  625  6.25e-03      2.66951e+01       3.05066e-01       1.78984e+01
  626  6.26e-03      2.69868e+01       3.48756e-01       1.81075e+01
  627  6.27e-03      2.68782e+01       2.83900e-01       1.80134e+01
  628  6.28e-03      2.71673e+01       3.09803e-01       1.82148e+01
  629  6.29e-03      2.69462e+01       2.82529e-01       1.80583e+01
  630  6.30e-03      2.70636e+01       2.55591e-01       1.81276e+01
  631  6.31e-03      2.70459e+01       2.80456e-01       1.81241e+01
  632  6.32e-03      2.70407e+01       2.46564e-01       1.81093e+01
  633  6.33e-03      2.71294e+01       2.72275e-01       1.81770e+01
  634  6.34e-03      2.73432e+01       3.53157e-01       1.83466e+01
  635  6.35e-03      2.74765e+01       3.53762e-01       1.84356e+01
  636  6.36e-03      2.72450e+01       3.06363e-01       1.82655e+01
  637  6.37e-03      2.73448e+01       3.00746e-01       1.83301e+01
  638  6.38e-03      2.71394e+01       3.47957e-01       1.82090e+01
  639  6.39e-03      2.73313e+01       2.60524e-01       1.83077e+01
  640  6.40e-03      2.72100e+01       3.15683e-01       1.82453e+01
  641  6.41e-03      2.73529e+01       2.82192e-01       1.83293e+01
  642  6.42e-03      2.71081e+01       2.30378e-01       1.81489e+01
  643  6.43e-03      2.70546e+01       3.13488e-01       1.81409e+01
  644  6.44e-03      2.72277e+01       2.42417e-01       1.82326e+01
  645  6.45e-03      2.70091e+01       2.40901e-01       1.80863e+01
  646  6.46e-03      2.72292e+01       2.49255e-01       1.82359e+01
  647  6.47e-03      2.68212e+01       2.71881e-01       1.79714e+01
  648  6.48e-03      2.71279e+01       2.90572e-01       1.81821e+01
  649  6.49e-03      2.70446e+01       3.02213e-01       1.81305e+01
  650  6.50e-03      2.74201e+01       3.21652e-01       1.83873e+01
  651  6.51e-03      2.72440e+01       3.06558e-01       1.82648e+01
  652  6.52e-03      2.73266e+01       3.12860e-01       1.83220e+01
  653  6.53e-03      2.72590e+01       3.35927e-01       1.82846e+01
  654  6.54e-03      2.73642e+01       3.17975e-01       1.83488e+01
  655  6.55e-03      2.76987e+01       3.35937e-01       1.85778e+01
  656  6.56e-03      2.76378e+01       3.34975e-01       1.85369e+01
  657  6.57e-03      2.78477e+01       3.39981e-01       1.86785e+01
  658  6.58e-03      2.79644e+01       2.76840e-01       1.87352e+01
  659  6.59e-03      2.79945e+01       3.17460e-01       1.87688e+01
  660  6.60e-03      2.80363e+01       3.40703e-01       1.88044e+01
  661  6.61e-03      2.79508e+01       2.67585e-01       1.87230e+01
  662  6.62e-03      2.82367e+01       2.57935e-01       1.89105e+01
  663  6.63e-03      2.79356e+01       2.79119e-01       1.87168e+01
  664  6.64e-03      2.81238e+01       3.05540e-01       1.88510e+01
  665  6.65e-03      2.79444e+01       2.84664e-01       1.87245e+01
  666  6.66e-03      2.84942e+01       3.33350e-01       1.91072e+01
  667  6.67e-03      2.79632e+01       2.53597e-01       1.87266e+01
  668  6.68e-03      2.82240e+01       2.44950e-01       1.88976e+01
  669  6.69e-03      2.81754e+01       2.81365e-01       1.88774e+01
  670  6.70e-03      2.81202e+01       3.05213e-01       1.88485e+01
  671  6.71e-03      2.80932e+01       2.58589e-01       1.88150e+01
  672  6.72e-03      2.78455e+01       2.83972e-01       1.86583e+01
  673  6.73e-03      2.79183e+01       3.24124e-01       1.87202e+01
  674  6.74e-03      2.76973e+01       2.87977e-01       1.85609e+01
  675  6.75e-03      2.81321e+01       3.46341e-01       1.88702e+01
  676  6.76e-03      2.79690e+01       2.86090e-01       1.87413e+01
  677  6.77e-03      2.80559e+01       2.42870e-01       1.87849e+01
  678  6.78e-03      2.80369e+01       2.41838e-01       1.87718e+01
  679  6.79e-03      2.79603e+01       2.82760e-01       1.87344e+01
  680  6.80e-03      2.80383e+01       2.43713e-01       1.87735e+01
  681  6.81e-03      2.80000e+01       2.23645e-01       1.87412e+01
  682  6.82e-03      2.82935e+01       2.35296e-01       1.89408e+01
  683  6.83e-03      2.80343e+01       2.50759e-01       1.87731e+01
  684  6.84e-03      2.84883e+01       2.40289e-01       1.90723e+01
  685  6.85e-03      2.82226e+01       2.95206e-01       1.89135e+01
  686  6.86e-03      2.87827e+01       2.57426e-01       1.92743e+01
  687  6.87e-03      2.85723e+01       3.25036e-01       1.91566e+01
  688  6.88e-03      2.87969e+01       2.99189e-01       1.92977e+01
  689  6.89e-03      2.87649e+01       2.99085e-01       1.92763e+01
  690  6.90e-03      2.89438e+01       2.75346e-01       1.93876e+01
  691  6.91e-03      2.90430e+01       2.90741e-01       1.94589e+01
  692  6.92e-03      2.87245e+01       2.57663e-01       1.92355e+01
  693  6.93e-03      2.93835e+01       3.34973e-01       1.97006e+01
  694  6.94e-03      2.90164e+01       3.47312e-01       1.94600e+01
  695  6.95e-03      2.93616e+01       3.27361e-01       1.96835e+01
  696  6.96e-03      2.92822e+01       2.91509e-01       1.96187e+01
  697  6.97e-03      2.98536e+01       3.87340e-01       2.00315e+01
  698  6.98e-03      2.98272e+01       3.76837e-01       2.00104e+01
  699  6.99e-03      2.98718e+01       2.75215e-01       2.00063e+01
  700  7.00e-03      3.01074e+01       3.34525e-01       2.01831e+01
  701  7.01e-03      3.00876e+01       3.26637e-01       2.01673e+01
  702  7.02e-03      3.03124e+01       2.97489e-01       2.03074e+01
  703  7.03e-03      3.00501e+01       3.08404e-01       2.01362e+01
  704  7.04e-03      3.03349e+01       3.38986e-01       2.03363e+01
  705  7.05e-03      2.99364e+01       2.15554e-01       2.00295e+01
  706  7.06e-03      3.00965e+01       3.02106e-01       2.01650e+01
  707  7.07e-03      3.01587e+01       3.07754e-01       2.02084e+01
  708  7.08e-03      3.01951e+01       2.99289e-01       2.02298e+01
  709  7.09e-03      3.05744e+01       2.43370e-01       2.04641e+01
  710  7.10e-03      3.04815e+01       3.31676e-01       2.04316e+01
  711  7.11e-03      3.10618e+01       3.09690e-01       2.08111e+01
  712  7.12e-03      3.08673e+01       2.88809e-01       2.06745e+01
  713  7.13e-03      3.12832e+01       3.21995e-01       2.09628e+01
  714  7.14e-03      3.11559e+01       2.57621e-01       2.08565e+01
  715  7.15e-03      3.15126e+01       2.74759e-01       2.11000e+01
  716  7.16e-03      3.14637e+01       3.09537e-01       2.10790e+01
  717  7.17e-03      3.15704e+01       3.13279e-01       2.11513e+01
  718  7.18e-03      3.18598e+01       2.89973e-01       2.13365e+01
  719  7.19e-03      3.14965e+01       3.32443e-01       2.11085e+01
  720  7.20e-03      3.18634e+01       3.11750e-01       2.13462e+01
  721  7.21e-03      3.14647e+01       2.45211e-01       2.10582e+01
  722  7.22e-03      3.18856e+01       3.04822e-01       2.13587e+01
  723  7.23e-03      3.16521e+01       3.02774e-01       2.12023e+01
  724  7.24e-03      3.18721e+01       3.01189e-01       2.13485e+01
  725  7.25e-03      3.18198e+01       2.95133e-01       2.13116e+01
  726  7.26e-03      3.20145e+01       3.24268e-01       2.14511e+01
  727  7.27e-03      3.22267e+01       3.37006e-01       2.15968e+01
  728  7.28e-03      3.21007e+01       3.11898e-01       2.15044e+01
  729  7.29e-03      3.24676e+01       3.11953e-01       2.17491e+01
  730  7.30e-03      3.21967e+01       3.20704e-01       2.15713e+01
  731  7.31e-03      3.27180e+01       3.75146e-01       2.19370e+01
  732  7.32e-03      3.24734e+01       3.26165e-01       2.17577e+01
  733  7.33e-03      3.27295e+01       3.30266e-01       2.19298e+01
  734  7.34e-03      3.26517e+01       3.34575e-01       2.18793e+01
  735  7.35e-03      3.26559e+01       3.23080e-01       2.18783e+01
  736  7.36e-03      3.26516e+01       3.43762e-01       2.18823e+01
  737  7.37e-03      3.23331e+01       4.23150e-01       2.16964e+01
  738  7.38e-03      3.24149e+01       3.82078e-01       2.17373e+01
  739  7.39e-03      3.18642e+01       3.38054e-01       2.13555e+01
  740  7.40e-03      3.24541e+01       3.41648e-01       2.17500e+01
  741  7.41e-03      3.19293e+01       3.51207e-01       2.14033e+01
  742  7.42e-03      3.25519e+01       3.35285e-01       2.18131e+01
  743  7.43e-03      3.26917e+01       3.11719e-01       2.18984e+01
  744  7.44e-03      3.28083e+01       3.24121e-01       2.19802e+01
  745  7.45e-03      3.27013e+01       3.19305e-01       2.19073e+01
  746  7.46e-03      3.27976e+01       2.70525e-01       2.19552e+01
  747  7.47e-03      3.30524e+01       2.22052e-01       2.21090e+01
  748  7.48e-03      3.27490e+01       2.79316e-01       2.19258e+01
  749  7.49e-03      3.33902e+01       3.18081e-01       2.23662e+01
  750  7.50e-03      3.30584e+01       2.91652e-01       2.21361e+01
  751  7.51e-03      3.36567e+01       3.66402e-01       2.25599e+01
  752  7.52e-03      3.34908e+01       3.87592e-01       2.24564e+01
  753  7.53e-03      3.38386e+01       3.49006e-01       2.26754e+01
  754  7.54e-03      3.36943e+01       3.42242e-01       2.25770e+01
  755  7.55e-03      3.39474e+01       3.30895e-01       2.27419e+01
  756  7.56e-03      3.42252e+01       2.91671e-01       2.29140e+01
  757  7.57e-03      3.41164e+01       2.85405e-01       2.28394e+01
  758  7.58e-03      3.45418e+01       3.22994e-01       2.31356e+01
  759  7.59e-03      3.41398e+01       3.06240e-01       2.28619e+01
  760  7.60e-03      3.45933e+01       3.20292e-01       2.31690e+01
  761  7.61e-03      3.41652e+01       2.75898e-01       2.28688e+01
  762  7.62e-03      3.43450e+01       2.96574e-01       2.29955e+01
  763  7.63e-03      3.41061e+01       3.15684e-01       2.28426e+01
  764  7.64e-03      3.40892e+01       2.58491e-01       2.28123e+01
  765  7.65e-03      3.44034e+01       3.52110e-01       2.30530e+01
  766  7.66e-03      3.44442e+01       3.47208e-01       2.30786e+01
  767  7.67e-03      3.48784e+01       3.08304e-01       2.33550e+01
  768  7.68e-03      3.44256e+01       3.99739e-01       2.30837e+01
  769  7.69e-03      3.47370e+01       3.23164e-01       2.32657e+01
  770  7.70e-03      3.44103e+01       3.20758e-01       2.30471e+01
  771  7.71e-03      3.48179e+01       2.97780e-01       2.33112e+01
  772  7.72e-03      3.46146e+01       3.77608e-01       2.32023e+01
  773  7.73e-03      3.46881e+01       3.48119e-01       2.32414e+01
  774  7.74e-03      3.46663e+01       3.19994e-01       2.32176e+01
  775  7.75e-03      3.47568e+01       3.09977e-01       2.32745e+01
  776  7.76e-03      3.49822e+01       3.05914e-01       2.34234e+01
  777  7.77e-03      3.46705e+01       3.75157e-01       2.32387e+01
  778  7.78e-03      3.51730e+01       3.37170e-01       2.35610e+01
  779  7.79e-03      3.47265e+01       3.63524e-01       2.32722e+01
  780  7.80e-03      3.54110e+01       3.10632e-01       2.37109e+01
  781  7.81e-03      3.50978e+01       3.19495e-01       2.35050e+01
  782  7.82e-03      3.51178e+01       3.61092e-01       2.35322e+01
  783  7.83e-03      3.51901e+01       2.71506e-01       2.35506e+01
  784  7.84e-03      3.50893e+01       3.28010e-01       2.35022e+01
  785  7.85e-03      3.55898e+01       2.93577e-01       2.38244e+01
  786  7.86e-03      3.54179e+01       3.29209e-01       2.37216e+01
  787  7.87e-03      3.60322e+01       2.84321e-01       2.41163e+01
  788  7.88e-03      3.54828e+01       2.29647e-01       2.37318e+01
  789  7.89e-03      3.58826e+01       2.90426e-01       2.40185e+01
  790  7.90e-03      3.58072e+01       3.02638e-01       2.39724e+01
  791  7.91e-03      3.62047e+01       3.32003e-01       2.42471e+01
  792  7.92e-03      3.63135e+01       2.87412e-01       2.43048e+01
  793  7.93e-03      3.65181e+01       3.20772e-01       2.44523e+01
  794  7.94e-03      3.66418e+01       2.76778e-01       2.45201e+01
  795  7.95e-03      3.63848e+01       2.80307e-01       2.43499e+01
  796  7.96e-03      3.66987e+01       2.96940e-01       2.45648e+01
  797  7.97e-03      3.63269e+01       3.56596e-01       2.43368e+01
  798  7.98e-03      3.68549e+01       2.67312e-01       2.46591e+01
  799  7.99e-03      3.63720e+01       2.62035e-01       2.43354e+01
  800  8.00e-03      3.67064e+01       3.25045e-01       2.45793e+01
  801  8.01e-03      3.64884e+01       3.15873e-01       2.44309e+01
  802  8.02e-03      3.67810e+01       2.52195e-01       2.46047e+01
  803  8.03e-03      3.68713e+01       2.78112e-01       2.46736e+01
  804  8.04e-03      3.67423e+01       2.79698e-01       2.45881e+01
  805  8.05e-03      3.68582e+01       2.60196e-01       2.46588e+01
  806  8.06e-03      3.68103e+01       2.31658e-01       2.46174e+01
  807  8.07e-03      3.71047e+01       2.94767e-01       2.48347e+01
  808  8.08e-03      3.68363e+01       2.83515e-01       2.46520e+01
  809  8.09e-03      3.74359e+01       2.19871e-01       2.50305e+01
  810  8.10e-03      3.72244e+01       2.18673e-01       2.48891e+01
  811  8.11e-03      3.75559e+01       2.91269e-01       2.51344e+01
  812  8.12e-03      3.77453e+01       2.92941e-01       2.52612e+01
  813  8.13e-03      3.75557e+01       2.62567e-01       2.51247e+01
  814  8.14e-03      3.77432e+01       2.45908e-01       2.52441e+01
  815  8.15e-03      3.74138e+01       2.60721e-01       2.50295e+01
  816  8.16e-03      3.75384e+01       2.59175e-01       2.51120e+01
  817  8.17e-03      3.73238e+01       2.31393e-01       2.49597e+01
  818  8.18e-03      3.79257e+01       2.86955e-01       2.53794e+01
  819  8.19e-03      3.75812e+01       2.40833e-01       2.51344e+01
  820  8.20e-03      3.78264e+01       2.39120e-01       2.52973e+01
  821  8.21e-03      3.76957e+01       2.42655e-01       2.52113e+01
  822  8.22e-03      3.75230e+01       2.88343e-01       2.51114e+01
  823  8.23e-03      3.76019e+01       2.73449e-01       2.51591e+01
  824  8.24e-03      3.72733e+01       2.68966e-01       2.49385e+01
  825  8.25e-03      3.80285e+01       2.29104e-01       2.54287e+01
  826  8.26e-03      3.74343e+01       2.62473e-01       2.50437e+01
  827  8.27e-03      3.77533e+01       2.94521e-01       2.52671e+01
  828  8.28e-03      3.73128e+01       2.89485e-01       2.49717e+01
  829  8.29e-03      3.77090e+01       2.98445e-01       2.52388e+01
  830  8.30e-03      3.74854e+01       2.30204e-01       2.50670e+01
  831  8.31e-03      3.74449e+01       2.41873e-01       2.50439e+01
  832  8.32e-03      3.74694e+01       2.30221e-01       2.50563e+01
  833  8.33e-03      3.71972e+01       2.53756e-01       2.48827e+01
  834  8.34e-03      3.75876e+01       2.69145e-01       2.51481e+01
  835  8.35e-03      3.69717e+01       2.25801e-01       2.47231e+01
  836  8.36e-03      3.76374e+01       2.57889e-01       2.51775e+01
  837  8.37e-03      3.72983e+01       2.21254e-01       2.49393e+01
  838  8.38e-03      3.76493e+01       2.62976e-01       2.51872e+01
  839  8.39e-03      3.74228e+01       2.64506e-01       2.50367e+01
  840  8.40e-03      3.71411e+01       2.99718e-01       2.48607e+01
  841  8.41e-03      3.72029e+01       2.95027e-01       2.49003e+01
  842  8.42e-03      3.68601e+01       3.34457e-01       2.46849e+01
  843  8.43e-03      3.73943e+01       3.02605e-01       2.50304e+01
  844  8.44e-03      3.70637e+01       2.74838e-01       2.48007e+01
  845  8.45e-03      3.76399e+01       2.36521e-01       2.51721e+01
  846  8.46e-03      3.74353e+01       2.74485e-01       2.50484e+01
  847  8.47e-03      3.77704e+01       3.04945e-01       2.52819e+01
  848  8.48e-03      3.75943e+01       3.11574e-01       2.51667e+01
  849  8.49e-03      3.77550e+01       3.07099e-01       2.52724e+01
  850  8.50e-03      3.77945e+01       2.61033e-01       2.52833e+01
  851  8.51e-03      3.77058e+01       2.59980e-01       2.52238e+01
  852  8.52e-03      3.80509e+01       2.56242e-01       2.54527e+01
  853  8.53e-03      3.74935e+01       2.38344e-01       2.50751e+01
  854  8.54e-03      3.76639e+01       2.43676e-01       2.51905e+01
  855  8.55e-03      3.75277e+01       2.50820e-01       2.51021e+01
  856  8.56e-03      3.77703e+01       2.62982e-01       2.52679e+01
  857  8.57e-03      3.77205e+01       2.97812e-01       2.52463e+01
  858  8.58e-03      3.81621e+01       2.33117e-01       2.55191e+01
  859  8.59e-03      3.82481e+01       2.76889e-01       2.55910e+01
  860  8.60e-03      3.81511e+01       3.27389e-01       2.55432e+01
  861  8.61e-03      3.87574e+01       2.60788e-01       2.59252e+01
  862  8.62e-03      3.84265e+01       2.50938e-01       2.57013e+01
  863  8.63e-03      3.91822e+01       3.03200e-01       2.62225e+01
  864  8.64e-03      3.89325e+01       2.74704e-01       2.60466e+01
  865  8.65e-03      3.97718e+01       2.52925e-01       2.65988e+01
  866  8.66e-03      3.94214e+01       2.93746e-01       2.63788e+01
  867  8.67e-03      3.96257e+01       3.34005e-01       2.65285e+01
  868  8.68e-03      3.98459e+01       2.47746e-01       2.66465e+01
  869  8.69e-03      4.00209e+01       2.36259e-01       2.67594e+01
  870  8.70e-03      4.05035e+01       2.88456e-01       2.70985e+01
  871  8.71e-03      4.01603e+01       2.77714e-01       2.68661e+01
  872  8.72e-03      4.06271e+01       2.76653e-01       2.71769e+01
  873  8.73e-03      3.98038e+01       3.35131e-01       2.66476e+01
  874  8.74e-03      4.04840e+01       2.60278e-01       2.70761e+01
  875  8.75e-03      4.00741e+01       2.69560e-01       2.68059e+01
  876  8.76e-03      4.07001e+01       2.40491e-01       2.72136e+01
  877  8.77e-03      4.07909e+01       2.49657e-01       2.72771e+01
  878  8.78e-03      4.07090e+01       2.71576e-01       2.72298e+01
  879  8.79e-03      4.06554e+01       2.38119e-01       2.71829e+01
  880  8.80e-03      4.05085e+01       2.51668e-01       2.70896e+01
  881  8.81e-03      4.09011e+01       2.69656e-01       2.73573e+01
  882  8.82e-03      4.03680e+01       2.67732e-01       2.70013e+01
  883  8.83e-03      4.11342e+01       2.73470e-01       2.75140e+01
  884  8.84e-03      4.09387e+01       2.55581e-01       2.73777e+01
  885  8.85e-03      4.15752e+01       2.50364e-01       2.78002e+01
  886  8.86e-03      4.14413e+01       2.90836e-01       2.77245e+01
  887  8.87e-03      4.15024e+01       2.22962e-01       2.77426e+01
  888  8.88e-03      4.17340e+01       2.78337e-01       2.79154e+01
  889  8.89e-03      4.12269e+01       2.56010e-01       2.75699e+01
  890  8.90e-03      4.19734e+01       3.00120e-01       2.80823e+01
  891  8.91e-03      4.15660e+01       2.57795e-01       2.77966e+01
  892  8.92e-03      4.21486e+01       2.86006e-01       2.81944e+01
  893  8.93e-03      4.17301e+01       2.68857e-01       2.79097e+01
  894  8.94e-03      4.23548e+01       3.14289e-01       2.83413e+01
  895  8.95e-03      4.22088e+01       2.98273e-01       2.82386e+01
  896  8.96e-03      4.23605e+01       3.23779e-01       2.83482e+01
  897  8.97e-03      4.29477e+01       2.67106e-01       2.87208e+01
  898  8.98e-03      4.25594e+01       2.58713e-01       2.84592e+01
  899  8.99e-03      4.28053e+01       2.45459e-01       2.86187e+01
  900  9.00e-03      4.25872e+01       2.58919e-01       2.84778e+01
  901  9.01e-03      4.28351e+01       2.76968e-01       2.86491e+01
  902  9.02e-03      4.24060e+01       2.59269e-01       2.83571e+01
  903  9.03e-03      4.29189e+01       2.98877e-01       2.87122e+01
  904  9.04e-03      4.26576e+01       3.35843e-01       2.85503e+01
  905  9.05e-03      4.30777e+01       2.86115e-01       2.88138e+01
  906  9.06e-03      4.35093e+01       2.93091e-01       2.91039e+01
  907  9.07e-03      4.35579e+01       3.30625e-01       2.91488e+01
  908  9.08e-03      4.37507e+01       3.10158e-01       2.92705e+01
  909  9.09e-03      4.30985e+01       2.23057e-01       2.88067e+01
  910  9.10e-03      4.38381e+01       2.62281e-01       2.93128e+01
  911  9.11e-03      4.32609e+01       3.26686e-01       2.89495e+01
  912  9.12e-03      4.35653e+01       2.84833e-01       2.91385e+01
  913  9.13e-03      4.30837e+01       3.28202e-01       2.88319e+01
  914  9.14e-03      4.32053e+01       3.49320e-01       2.89200e+01
  915  9.15e-03      4.33960e+01       2.87649e-01       2.90266e+01
  916  9.16e-03      4.34630e+01       3.00355e-01       2.90755e+01
  917  9.17e-03      4.39769e+01       3.24162e-01       2.94260e+01
  918  9.18e-03      4.34862e+01       3.11783e-01       2.90947e+01
  919  9.19e-03      4.38005e+01       2.80566e-01       2.92938e+01
  920  9.20e-03      4.34668e+01       2.61885e-01       2.90652e+01
  921  9.21e-03      4.39919e+01       2.76824e-01       2.94202e+01
  922  9.22e-03      4.38589e+01       2.80827e-01       2.93329e+01
  923  9.23e-03      4.42926e+01       2.40560e-01       2.96086e+01
  924  9.24e-03      4.44816e+01       2.92147e-01       2.97518e+01
  925  9.25e-03      4.43123e+01       2.24824e-01       2.96165e+01
  926  9.26e-03      4.48916e+01       2.61165e-01       3.00148e+01
  927  9.27e-03      4.45589e+01       2.78267e-01       2.97987e+01
  928  9.28e-03      4.50861e+01       2.63988e-01       3.01454e+01
  929  9.29e-03      4.47258e+01       2.83857e-01       2.99118e+01
  930  9.30e-03      4.53421e+01       2.90029e-01       3.03247e+01
  931  9.31e-03      4.46841e+01       2.87748e-01       2.98853e+01
  932  9.32e-03      4.50304e+01       3.24778e-01       3.01285e+01
  933  9.33e-03      4.47342e+01       3.27218e-01       2.99319e+01
  934  9.34e-03      4.44707e+01       2.50819e-01       2.97307e+01
  935  9.35e-03      4.48999e+01       3.39041e-01       3.00463e+01
  936  9.36e-03      4.44110e+01       2.81079e-01       2.97011e+01
  937  9.37e-03      4.49866e+01       2.51857e-01       3.00750e+01
  938  9.38e-03      4.46765e+01       3.04427e-01       2.98858e+01
  939  9.39e-03      4.55172e+01       2.98053e-01       3.04441e+01
  940  9.40e-03      4.52166e+01       2.76499e-01       3.02365e+01
  941  9.41e-03      4.56896e+01       3.22732e-01       3.05673e+01
  942  9.42e-03      4.55188e+01       3.10173e-01       3.04493e+01
  943  9.43e-03      4.55166e+01       3.44873e-01       3.04594e+01
  944  9.44e-03      4.58255e+01       3.11475e-01       3.06541e+01
  945  9.45e-03      4.52890e+01       3.22599e-01       3.03002e+01
  946  9.46e-03      4.58328e+01       3.32387e-01       3.06660e+01
  947  9.47e-03      4.54629e+01       3.10994e-01       3.04122e+01
  948  9.48e-03      4.59860e+01       2.97440e-01       3.07565e+01
  949  9.49e-03      4.53218e+01       2.92846e-01       3.03122e+01
  950  9.50e-03      4.58092e+01       3.20025e-01       3.06461e+01
  951  9.51e-03      4.54124e+01       3.01306e-01       3.03754e+01
  952  9.52e-03      4.55067e+01       3.75071e-01       3.04628e+01
  953  9.53e-03      4.57128e+01       2.71604e-01       3.05657e+01
  954  9.54e-03      4.55988e+01       2.90502e-01       3.04960e+01
  955  9.55e-03      4.61631e+01       3.03051e-01       3.08764e+01
  956  9.56e-03      4.58263e+01       3.24664e-01       3.06591e+01
  957  9.57e-03      4.62983e+01       3.59412e-01       3.09853e+01
  958  9.58e-03      4.58970e+01       3.15500e-01       3.07032e+01
  959  9.59e-03      4.66514e+01       2.86282e-01       3.11963e+01
  960  9.60e-03      4.62836e+01       3.16712e-01       3.09613e+01
  961  9.61e-03      4.66449e+01       3.07443e-01       3.11991e+01
  962  9.62e-03      4.64627e+01       3.05199e-01       3.10768e+01
  963  9.63e-03      4.64583e+01       3.02133e-01       3.10729e+01
  964  9.64e-03      4.67997e+01       2.95832e-01       3.12984e+01
  965  9.65e-03      4.63591e+01       2.76430e-01       3.09982e+01
  966  9.66e-03      4.70798e+01       2.51161e-01       3.14703e+01
  967  9.67e-03      4.62499e+01       2.04677e-01       3.09015e+01
  968  9.68e-03      4.72254e+01       2.64339e-01       3.15717e+01
  969  9.69e-03      4.69210e+01       2.83830e-01       3.13753e+01
  970  9.70e-03      4.76080e+01       2.79781e-01       3.18319e+01
  971  9.71e-03      4.73845e+01       3.03699e-01       3.16909e+01
  972  9.72e-03      4.71019e+01       2.38673e-01       3.14808e+01
  973  9.73e-03      4.73202e+01       2.01206e-01       3.16139e+01
  974  9.74e-03      4.70536e+01       2.68546e-01       3.14586e+01
  975  9.75e-03      4.76573e+01       2.76279e-01       3.18636e+01
  976  9.76e-03      4.69958e+01       2.57059e-01       3.14162e+01
  977  9.77e-03      4.74665e+01       2.60080e-01       3.17310e+01
  978  9.78e-03      4.72049e+01       2.95875e-01       3.15686e+01
  979  9.79e-03      4.76026e+01       2.75370e-01       3.18268e+01
  980  9.80e-03      4.78151e+01       2.88067e-01       3.19727e+01
  981  9.81e-03      4.78465e+01       2.82243e-01       3.19917e+01
  982  9.82e-03      4.85356e+01       2.72887e-01       3.24480e+01
  983  9.83e-03      4.78815e+01       2.84084e-01       3.20157e+01
  984  9.84e-03      4.85442e+01       3.22204e-01       3.24702e+01
  985  9.85e-03      4.79467e+01       2.71214e-01       3.20549e+01
  986  9.86e-03      4.86395e+01       2.72178e-01       3.25171e+01
  987  9.87e-03      4.79630e+01       2.72414e-01       3.20661e+01
  988  9.88e-03      4.82274e+01       2.93077e-01       3.22493e+01
  989  9.89e-03      4.79001e+01       2.96065e-01       3.20321e+01
  990  9.90e-03      4.81913e+01       2.63115e-01       3.22152e+01
  991  9.91e-03      4.86957e+01       3.26628e-01       3.25727e+01
  992  9.92e-03      4.83215e+01       2.45037e-01       3.22960e+01
  993  9.93e-03      4.88223e+01       2.23940e-01       3.26228e+01
  994  9.94e-03      4.81471e+01       2.88550e-01       3.21942e+01
  995  9.95e-03      4.89054e+01       2.78508e-01       3.26964e+01
  996  9.96e-03      4.82882e+01       2.41703e-01       3.22727e+01
  997  9.97e-03      4.85859e+01       2.80756e-01       3.24842e+01
  998  9.98e-03      4.83796e+01       2.60743e-01       3.23400e+01
  999  9.99e-03      4.86790e+01       2.35293e-01       3.25311e+01
