Delta = -7.759e+00 gamma
 step      t        T_in_plane/mK   T_out_of_plane/mK   T_tot/mK
    0  0.00e+00      5.22982e+00       0.00000e+00       3.48655e+00
    1  2.00e-06      5.10783e+00       5.23046e-04       3.40540e+00
    2  4.00e-06      5.11705e+00       1.18369e-03       3.41176e+00
    3  6.00e-06      5.13656e+00       1.84523e-03       3.42499e+00
    4  8.00e-06      5.10824e+00       2.76938e-03       3.40642e+00
    5  1.00e-05      5.07647e+00       2.91779e-03       3.38528e+00
    6  1.20e-05      5.07635e+00       4.20685e-03       3.38564e+00
    7  1.40e-05      5.09470e+00       4.27191e-03       3.39789e+00
    8  1.60e-05      5.08728e+00       5.11020e-03       3.39322e+00
    9  1.80e-05      5.07110e+00       6.54754e-03       3.38292e+00
   10  2.00e-05      5.09116e+00       5.39562e-03       3.39591e+00
   11  2.20e-05      5.10773e+00       7.41603e-03       3.40762e+00
   12  2.40e-05      5.10985e+00       9.14799e-03       3.40962e+00
   13  2.60e-05      5.13249e+00       6.45094e-03       3.42381e+00
   14  2.80e-05      5.10901e+00       8.71862e-03       3.40891e+00
   15  3.00e-05      5.11147e+00       7.36549e-03       3.41010e+00
   16  3.20e-05      5.10837e+00       9.88885e-03       3.40888e+00
   17  3.40e-05      5.09853e+00       8.49887e-03       3.40186e+00
   18  3.60e-05      5.09332e+00       7.87888e-03       3.39817e+00
   19  3.80e-05      5.09556e+00       1.10879e-02       3.40074e+00
   20  4.00e-05      5.04677e+00       1.24986e-02       3.36868e+00
   21  4.20e-05      5.04809e+00       1.09871e-02       3.36906e+00
   22  4.40e-05      5.06044e+00       1.34970e-02       3.37812e+00
   23  4.60e-05      5.03328e+00       1.61593e-02       3.36090e+00
   24  4.80e-05      5.03692e+00       1.70851e-02       3.36364e+00
   25  5.00e-05      5.04438e+00       1.34885e-02       3.36741e+00
   26  5.20e-05      5.05541e+00       1.42385e-02       3.37502e+00
   27  5.40e-05      5.07387e+00       1.39269e-02       3.38722e+00
   28  5.60e-05      5.07394e+00       1.82773e-02       3.38872e+00
   29  5.80e-05      5.07047e+00       1.38117e-02       3.38492e+00
   30  6.00e-05      5.07914e+00       1.53464e-02       3.39121e+00
   31  6.20e-05      5.10107e+00       1.86062e-02       3.40692e+00
   32  6.40e-05      5.04967e+00       2.11669e-02       3.37350e+00
   33  6.60e-05      5.05469e+00       1.95792e-02       3.37632e+00
   34  6.80e-05      5.00135e+00       1.72560e-02       3.33998e+00
   35  7.00e-05      4.99755e+00       1.79598e-02       3.33769e+00
   36  7.20e-05      5.00862e+00       2.04732e-02       3.34590e+00
   37  7.40e-05      5.00136e+00       1.84292e-02       3.34038e+00
   38  7.60e-05      4.99316e+00       2.04476e-02       3.33559e+00
   39  7.80e-05      4.99183e+00       2.04836e-02       3.33471e+00
   40  8.00e-05      5.01949e+00       1.93858e-02       3.35279e+00
   41  8.20e-05      5.02321e+00       2.24250e-02       3.35628e+00
   42  8.40e-05      5.01300e+00       2.33388e-02       3.34978e+00
   43  8.60e-05      5.02495e+00       2.33929e-02       3.35776e+00
   44  8.80e-05      5.07809e+00       2.49851e-02       3.39372e+00
   45  9.00e-05      5.05766e+00       2.28177e-02       3.37938e+00
   46  9.20e-05      5.02521e+00       2.69306e-02       3.35912e+00
   47  9.40e-05      5.00608e+00       2.59579e-02       3.34604e+00
   48  9.60e-05      5.00040e+00       2.53976e-02       3.34207e+00
   49  9.80e-05      5.00240e+00       2.80123e-02       3.34427e+00
   50  1.00e-04      4.99526e+00       2.59775e-02       3.33884e+00
   51  1.02e-04      4.99178e+00       2.85934e-02       3.33738e+00
   52  1.04e-04      4.99463e+00       3.09700e-02       3.34007e+00
   53  1.06e-04      4.96535e+00       3.13751e-02       3.32069e+00
   54  1.08e-04      4.96615e+00       3.30652e-02       3.32179e+00
   55  1.10e-04      4.95600e+00       3.75544e-02       3.31652e+00
   56  1.12e-04      4.95491e+00       3.28260e-02       3.31421e+00
   57  1.14e-04      4.92905e+00       2.60504e-02       3.29472e+00
   58  1.16e-04      4.91296e+00       3.31211e-02       3.28635e+00
   59  1.18e-04      4.89531e+00       3.04184e-02       3.27368e+00
   60  1.20e-04      4.90668e+00       3.69570e-02       3.28344e+00
   61  1.22e-04      4.88752e+00       3.47541e-02       3.26993e+00
   62  1.24e-04      4.88239e+00       3.94369e-02       3.26807e+00
   63  1.26e-04      4.87138e+00       4.03010e-02       3.26102e+00
   64  1.28e-04      4.85174e+00       3.55382e-02       3.24634e+00
   65  1.30e-04      4.86496e+00       3.90498e-02       3.25632e+00
   66  1.32e-04      4.86278e+00       3.73240e-02       3.25429e+00
   67  1.34e-04      4.83821e+00       4.61425e-02       3.24086e+00
   68  1.36e-04      4.81288e+00       4.33601e-02       3.22304e+00
   69  1.38e-04      4.82516e+00       4.24473e-02       3.23092e+00
   70  1.40e-04      4.81957e+00       3.88114e-02       3.22599e+00
   71  1.42e-04      4.79781e+00       4.55130e-02       3.21371e+00
   72  1.44e-04      4.77748e+00       4.50041e-02       3.19998e+00
   73  1.46e-04      4.77643e+00       4.20749e-02       3.19831e+00
   74  1.48e-04      4.75404e+00       4.83650e-02       3.18548e+00
   75  1.50e-04      4.72583e+00       5.04639e-02       3.16737e+00
   76  1.52e-04      4.72195e+00       4.84761e-02       3.16413e+00
   77  1.54e-04      4.72788e+00       4.20384e-02       3.16593e+00
   78  1.56e-04      4.71027e+00       4.09568e-02       3.15383e+00
   79  1.58e-04      4.71284e+00       5.24784e-02       3.15939e+00
   80  1.60e-04      4.69756e+00       4.91355e-02       3.14808e+00
   81  1.62e-04      4.71451e+00       4.86701e-02       3.15923e+00
   82  1.64e-04      4.72582e+00       4.77998e-02       3.16648e+00
   83  1.66e-04      4.74177e+00       5.83591e-02       3.18063e+00
   84  1.68e-04      4.74647e+00       6.48488e-02       3.18593e+00
   85  1.70e-04      4.74947e+00       5.07067e-02       3.18321e+00
   86  1.72e-04      4.73431e+00       5.18983e-02       3.17350e+00
   87  1.74e-04      4.74510e+00       4.80955e-02       3.17943e+00
   88  1.76e-04      4.74149e+00       5.37068e-02       3.17890e+00
   89  1.78e-04      4.74225e+00       4.46267e-02       3.17638e+00
   90  1.80e-04      4.72881e+00       5.65536e-02       3.17139e+00
   91  1.82e-04      4.72336e+00       6.43838e-02       3.17036e+00
   92  1.84e-04      4.72169e+00       6.30453e-02       3.16881e+00
   93  1.86e-04      4.71942e+00       6.26644e-02       3.16717e+00
   94  1.88e-04      4.73133e+00       6.50302e-02       3.17590e+00
   95  1.90e-04      4.72498e+00       5.87312e-02       3.16956e+00
   96  1.92e-04      4.75351e+00       5.78705e-02       3.18830e+00
   97  1.94e-04      4.73436e+00       5.96388e-02       3.17612e+00
   98  1.96e-04      4.69162e+00       6.73251e-02       3.15019e+00
   99  1.98e-04      4.69657e+00       6.80106e-02       3.15371e+00
  100  2.00e-04      4.69359e+00       6.54975e-02       3.15089e+00
  101  2.02e-04      4.73064e+00       6.05067e-02       3.17393e+00
  102  2.04e-04      4.72412e+00       6.90286e-02       3.17242e+00
  103  2.06e-04      4.68340e+00       7.45741e-02       3.14712e+00
  104  2.08e-04      4.67934e+00       6.98268e-02       3.14283e+00
  105  2.10e-04      4.68102e+00       6.06808e-02       3.14091e+00
  106  2.12e-04      4.66703e+00       5.14023e-02       3.12849e+00
  107  2.14e-04      4.65502e+00       6.77348e-02       3.12592e+00
  108  2.16e-04      4.68599e+00       6.40418e-02       3.14534e+00
  109  2.18e-04      4.68355e+00       6.18466e-02       3.14298e+00
  110  2.20e-04      4.67400e+00       7.14004e-02       3.13980e+00
  111  2.22e-04      4.70027e+00       8.75444e-02       3.16269e+00
  112  2.24e-04      4.68976e+00       6.77913e-02       3.14910e+00
  113  2.26e-04      4.66444e+00       7.00334e-02       3.13297e+00
  114  2.28e-04      4.67146e+00       7.81210e-02       3.14035e+00
  115  2.30e-04      4.69316e+00       8.36558e-02       3.15666e+00
  116  2.32e-04      4.66847e+00       7.28706e-02       3.13660e+00
  117  2.34e-04      4.64599e+00       7.40100e-02       3.12200e+00
  118  2.36e-04      4.63758e+00       6.15103e-02       3.11222e+00
  119  2.38e-04      4.66656e+00       7.50740e-02       3.13606e+00
  120  2.40e-04      4.66902e+00       6.92578e-02       3.13577e+00
  121  2.42e-04      4.66894e+00       8.86027e-02       3.14216e+00
  122  2.44e-04      4.66429e+00       8.24024e-02       3.13699e+00
  123  2.46e-04      4.66973e+00       8.77985e-02       3.14242e+00
  124  2.48e-04      4.65625e+00       7.69492e-02       3.12982e+00
  125  2.50e-04      4.67113e+00       7.38470e-02       3.13871e+00
  126  2.52e-04      4.67336e+00       6.83637e-02       3.13836e+00
  127  2.54e-04      4.65642e+00       7.69052e-02       3.12992e+00
  128  2.56e-04      4.68955e+00       7.20849e-02       3.15039e+00
  129  2.58e-04      4.67008e+00       6.39905e-02       3.13471e+00
  130  2.60e-04      4.65837e+00       7.53010e-02       3.13068e+00
  131  2.62e-04      4.64443e+00       8.19419e-02       3.12360e+00
  132  2.64e-04      4.66142e+00       8.30093e-02       3.13528e+00
  133  2.66e-04      4.65881e+00       7.17671e-02       3.12979e+00
  134  2.68e-04      4.66392e+00       8.03140e-02       3.13605e+00
  135  2.70e-04      4.64431e+00       7.25248e-02       3.12038e+00
  136  2.72e-04      4.61249e+00       6.78401e-02       3.09761e+00
  137  2.74e-04      4.59279e+00       5.98117e-02       3.08180e+00
  138  2.76e-04      4.59103e+00       7.40201e-02       3.08536e+00
  139  2.78e-04      4.59774e+00       7.66767e-02       3.09072e+00
  140  2.80e-04      4.56114e+00       8.25291e-02       3.06827e+00
  141  2.82e-04      4.55714e+00       8.59718e-02       3.06675e+00
  142  2.84e-04      4.55884e+00       8.90698e-02       3.06892e+00
  143  2.86e-04      4.56222e+00       7.35091e-02       3.06598e+00
  144  2.88e-04      4.53113e+00       8.14879e-02       3.04792e+00
  145  2.90e-04      4.53314e+00       8.06916e-02       3.04899e+00
  146  2.92e-04      4.53369e+00       7.80061e-02       3.04846e+00
  147  2.94e-04      4.54935e+00       8.09608e-02       3.05988e+00
  148  2.96e-04      4.50311e+00       7.63558e-02       3.02752e+00
  149  2.98e-04      4.50214e+00       7.23257e-02       3.02553e+00
  150  3.00e-04      4.50389e+00       8.60739e-02       3.03129e+00
  151  3.02e-04      4.48997e+00       9.07419e-02       3.02356e+00
  152  3.04e-04      4.46676e+00       8.93453e-02       3.00762e+00
  153  3.06e-04      4.48920e+00       8.22661e-02       3.02022e+00
  154  3.08e-04      4.45254e+00       8.31151e-02       2.99606e+00
  155  3.10e-04      4.44470e+00       6.88910e-02       2.98610e+00
  156  3.12e-04      4.42734e+00       7.69023e-02       2.97720e+00
  157  3.14e-04      4.42170e+00       7.88569e-02       2.97409e+00
  158  3.16e-04      4.38687e+00       8.84587e-02       2.95406e+00
  159  3.18e-04      4.40598e+00       8.91819e-02       2.96705e+00
  160  3.20e-04      4.42532e+00       9.25009e-02       2.98104e+00
  161  3.22e-04      4.40408e+00       8.87370e-02       2.96563e+00
  162  3.24e-04      4.39739e+00       8.89279e-02       2.96124e+00
  163  3.26e-04      4.39476e+00       9.67138e-02       2.96208e+00
  164  3.28e-04      4.38748e+00       9.71816e-02       2.95738e+00
  165  3.30e-04      4.40569e+00       8.80280e-02       2.96647e+00
  166  3.32e-04      4.40943e+00       9.03515e-02       2.96974e+00
  167  3.34e-04      4.38312e+00       9.82353e-02       2.95482e+00
  168  3.36e-04      4.37932e+00       7.89282e-02       2.94585e+00
  169  3.38e-04      4.38934e+00       1.02498e-01       2.96039e+00
  170  3.40e-04      4.37071e+00       1.02841e-01       2.94809e+00
  171  3.42e-04      4.39997e+00       1.03204e-01       2.96772e+00
  172  3.44e-04      4.37666e+00       7.97134e-02       2.94434e+00
  173  3.46e-04      4.36873e+00       1.02499e-01       2.94665e+00
  174  3.48e-04      4.40023e+00       8.20287e-02       2.96083e+00
  175  3.50e-04      4.40974e+00       8.19647e-02       2.96715e+00
  176  3.52e-04      4.38994e+00       9.46332e-02       2.95817e+00
  177  3.54e-04      4.34288e+00       1.08482e-01       2.93142e+00
  178  3.56e-04      4.30580e+00       9.54660e-02       2.90236e+00
  179  3.58e-04      4.31425e+00       1.05746e-01       2.91141e+00
  180  3.60e-04      4.28711e+00       1.07153e-01       2.89379e+00
  181  3.62e-04      4.27624e+00       9.01345e-02       2.88087e+00
  182  3.64e-04      4.27591e+00       9.77297e-02       2.88318e+00
  183  3.66e-04      4.30709e+00       1.04520e-01       2.90623e+00
  184  3.68e-04      4.31174e+00       1.01449e-01       2.90831e+00
  185  3.70e-04      4.29026e+00       8.80726e-02       2.88953e+00
  186  3.72e-04      4.27229e+00       1.10877e-01       2.88516e+00
  187  3.74e-04      4.27542e+00       1.13300e-01       2.88804e+00
  188  3.76e-04      4.27247e+00       1.12270e-01       2.88574e+00
  189  3.78e-04      4.27199e+00       9.65141e-02       2.88017e+00
  190  3.80e-04      4.29418e+00       1.22649e-01       2.90367e+00
  191  3.82e-04      4.29592e+00       1.10266e-01       2.90070e+00
  192  3.84e-04      4.29635e+00       9.09851e-02       2.89456e+00
  193  3.86e-04      4.28060e+00       1.09101e-01       2.89010e+00
  194  3.88e-04      4.26039e+00       1.02777e-01       2.87452e+00
  195  3.90e-04      4.25942e+00       1.14887e-01       2.87791e+00
  196  3.92e-04      4.26861e+00       1.12583e-01       2.88327e+00
  197  3.94e-04      4.27627e+00       1.08438e-01       2.88699e+00
  198  3.96e-04      4.25886e+00       1.08323e-01       2.87535e+00
  199  3.98e-04      4.22174e+00       1.12875e-01       2.85212e+00
  200  4.00e-04      4.22668e+00       1.24153e-01       2.85917e+00
  201  4.02e-04      4.20978e+00       8.71688e-02       2.83558e+00
  202  4.04e-04      4.22287e+00       9.99953e-02       2.84858e+00
  203  4.06e-04      4.20421e+00       1.09943e-01       2.83945e+00
  204  4.08e-04      4.23076e+00       1.33129e-01       2.86488e+00
  205  4.10e-04      4.21691e+00       1.15967e-01       2.84993e+00
  206  4.12e-04      4.21487e+00       1.19447e-01       2.84973e+00
  207  4.14e-04      4.20586e+00       1.27896e-01       2.84654e+00
  208  4.16e-04      4.21718e+00       1.19553e-01       2.85130e+00
  209  4.18e-04      4.16525e+00       1.08454e-01       2.81299e+00
  210  4.20e-04      4.16376e+00       1.09322e-01       2.81228e+00
  211  4.22e-04      4.15259e+00       1.04029e-01       2.80307e+00
  212  4.24e-04      4.15261e+00       1.37676e-01       2.81430e+00
  213  4.26e-04      4.12316e+00       1.39902e-01       2.79541e+00
  214  4.28e-04      4.10873e+00       1.20267e-01       2.77924e+00
  215  4.30e-04      4.13433e+00       1.29689e-01       2.79945e+00
  216  4.32e-04      4.13587e+00       1.32339e-01       2.80136e+00
  217  4.34e-04      4.13715e+00       1.37805e-01       2.80404e+00
  218  4.36e-04      4.14410e+00       9.92432e-02       2.79581e+00
  219  4.38e-04      4.10379e+00       1.29075e-01       2.77889e+00
  220  4.40e-04      4.10324e+00       1.18726e-01       2.77507e+00
  221  4.42e-04      4.09932e+00       1.38192e-01       2.77895e+00
  222  4.44e-04      4.10471e+00       1.20359e-01       2.77659e+00
  223  4.46e-04      4.07371e+00       1.22480e-01       2.75663e+00
  224  4.48e-04      4.09313e+00       1.41972e-01       2.77608e+00
  225  4.50e-04      4.07762e+00       1.46313e-01       2.76718e+00
  226  4.52e-04      4.08135e+00       1.34014e-01       2.76557e+00
  227  4.54e-04      4.04566e+00       1.13599e-01       2.73497e+00
  228  4.56e-04      4.04078e+00       1.38945e-01       2.74017e+00
  229  4.58e-04      4.03570e+00       1.35140e-01       2.73551e+00
  230  4.60e-04      4.02238e+00       1.31720e-01       2.72549e+00
  231  4.62e-04      4.03291e+00       1.27912e-01       2.73124e+00
  232  4.64e-04      4.04274e+00       1.47633e-01       2.74437e+00
  233  4.66e-04      4.03570e+00       1.37679e-01       2.73636e+00
  234  4.68e-04      4.03979e+00       1.59378e-01       2.74632e+00
  235  4.70e-04      4.04098e+00       1.50777e-01       2.74425e+00
  236  4.72e-04      4.04912e+00       1.37473e-01       2.74524e+00
  237  4.74e-04      4.06369e+00       1.30853e-01       2.75274e+00
  238  4.76e-04      4.06948e+00       1.50878e-01       2.76328e+00
  239  4.78e-04      4.06284e+00       1.36806e-01       2.75416e+00
  240  4.80e-04      4.08623e+00       1.23333e-01       2.76527e+00
  241  4.82e-04      4.07343e+00       1.36663e-01       2.76117e+00
  242  4.84e-04      4.04539e+00       1.50698e-01       2.74716e+00
  243  4.86e-04      4.02939e+00       1.72193e-01       2.74366e+00
  244  4.88e-04      4.04807e+00       1.57938e-01       2.75136e+00
  245  4.90e-04      4.04552e+00       1.70006e-01       2.75368e+00
  246  4.92e-04      4.02873e+00       1.65039e-01       2.74083e+00
  247  4.94e-04      4.02259e+00       1.47022e-01       2.73073e+00
  248  4.96e-04      4.03743e+00       1.55093e-01       2.74332e+00
  249  4.98e-04      4.02550e+00       1.45437e-01       2.73214e+00
  250  5.00e-04      4.00958e+00       1.45231e-01       2.72146e+00
  251  5.02e-04      3.98177e+00       1.77954e-01       2.71383e+00
  252  5.04e-04      4.00252e+00       1.78879e-01       2.72797e+00
  253  5.06e-04      3.99292e+00       1.38025e-01       2.70795e+00
  254  5.08e-04      3.99254e+00       1.67602e-01       2.71756e+00
  255  5.10e-04      3.98706e+00       1.93488e-01       2.72254e+00
  256  5.12e-04      3.98761e+00       1.79994e-01       2.71840e+00
  257  5.14e-04      3.99034e+00       1.64211e-01       2.71497e+00
  258  5.16e-04      4.00043e+00       1.68324e-01       2.72306e+00
  259  5.18e-04      3.99741e+00       1.63125e-01       2.71932e+00
  260  5.20e-04      3.98079e+00       1.69774e-01       2.71045e+00
  261  5.22e-04      3.96790e+00       1.56070e-01       2.69729e+00
  262  5.24e-04      3.97100e+00       1.52396e-01       2.69813e+00
  263  5.26e-04      3.94826e+00       1.62289e-01       2.68627e+00
  264  5.28e-04      3.96099e+00       1.87039e-01       2.70301e+00
  265  5.30e-04      3.96289e+00       1.58176e-01       2.69465e+00
  266  5.32e-04      3.96668e+00       1.49236e-01       2.69420e+00
  267  5.34e-04      3.94377e+00       1.84450e-01       2.69067e+00
  268  5.36e-04      3.93238e+00       1.90683e-01       2.68515e+00
  269  5.38e-04      3.92617e+00       1.61630e-01       2.67132e+00
  270  5.40e-04      3.91742e+00       1.71649e-01       2.66883e+00
  271  5.42e-04      3.90704e+00       1.69593e-01       2.66122e+00
  272  5.44e-04      3.89601e+00       1.86592e-01       2.65954e+00
  273  5.46e-04      3.90844e+00       1.83461e-01       2.66678e+00
  274  5.48e-04      3.89383e+00       1.63632e-01       2.65043e+00
  275  5.50e-04      3.92837e+00       1.89510e-01       2.68208e+00
  276  5.52e-04      3.92424e+00       2.13881e-01       2.68745e+00
  277  5.54e-04      3.93520e+00       1.89931e-01       2.68677e+00
  278  5.56e-04      3.94527e+00       1.77629e-01       2.68939e+00
  279  5.58e-04      3.94422e+00       2.12181e-01       2.70021e+00
  280  5.60e-04      3.94842e+00       2.00682e-01       2.69917e+00
  281  5.62e-04      3.94227e+00       1.79901e-01       2.68815e+00
  282  5.64e-04      3.93310e+00       1.66260e-01       2.67749e+00
  283  5.66e-04      3.92841e+00       1.91883e-01       2.68290e+00
  284  5.68e-04      3.94147e+00       1.92844e-01       2.69193e+00
  285  5.70e-04      3.88955e+00       2.05583e-01       2.66156e+00
  286  5.72e-04      3.89912e+00       1.88487e-01       2.66224e+00
  287  5.74e-04      3.89883e+00       2.37783e-01       2.67848e+00
  288  5.76e-04      3.88831e+00       2.24053e-01       2.66689e+00
  289  5.78e-04      3.89380e+00       1.92004e-01       2.65987e+00
  290  5.80e-04      3.86453e+00       1.99009e-01       2.64269e+00
  291  5.82e-04      3.86193e+00       1.95459e-01       2.63977e+00
  292  5.84e-04      3.86621e+00       2.02301e-01       2.64490e+00
  293  5.86e-04      3.86865e+00       2.14733e-01       2.65068e+00
  294  5.88e-04      3.88234e+00       2.00200e-01       2.65496e+00
  295  5.90e-04      3.88226e+00       1.95627e-01       2.65338e+00
  296  5.92e-04      3.87328e+00       2.16736e-01       2.65443e+00
  297  5.94e-04      3.87989e+00       2.19765e-01       2.65985e+00
  298  5.96e-04      3.89070e+00       1.74978e-01       2.65212e+00
  299  5.98e-04      3.86791e+00       2.18379e-01       2.65140e+00
  300  6.00e-04      3.84134e+00       2.12786e-01       2.63182e+00
  301  6.02e-04      3.81138e+00       1.69391e-01       2.59738e+00
  302  6.04e-04      3.82070e+00       1.93760e-01       2.61172e+00
  303  6.06e-04      3.83034e+00       1.88081e-01       2.61625e+00
  304  6.08e-04      3.81794e+00       2.52192e-01       2.62936e+00
  305  6.10e-04      3.81454e+00       1.90038e-01       2.60637e+00
  306  6.12e-04      3.82458e+00       2.46878e-01       2.63201e+00
  307  6.14e-04      3.81782e+00       1.93811e-01       2.60982e+00
  308  6.16e-04      3.79809e+00       1.84053e-01       2.59341e+00
  309  6.18e-04      3.79920e+00       1.75116e-01       2.59117e+00
  310  6.20e-04      3.79566e+00       2.00613e-01       2.59731e+00
  311  6.22e-04      3.81006e+00       2.06943e-01       2.60902e+00
  312  6.24e-04      3.80289e+00       2.02877e-01       2.60289e+00
  313  6.26e-04      3.81341e+00       2.20659e-01       2.61583e+00
  314  6.28e-04      3.84013e+00       2.21053e-01       2.63377e+00
  315  6.30e-04      3.84479e+00       1.96356e-01       2.62864e+00
  316  6.32e-04      3.82804e+00       2.51114e-01       2.63573e+00
  317  6.34e-04      3.80898e+00       2.43515e-01       2.62049e+00
  318  6.36e-04      3.81216e+00       2.02633e-01       2.60898e+00
  319  6.38e-04      3.79122e+00       2.08803e-01       2.59708e+00
  320  6.40e-04      3.79353e+00       2.22062e-01       2.60304e+00
  321  6.42e-04      3.77722e+00       1.83595e-01       2.57935e+00
  322  6.44e-04      3.77858e+00       1.97013e-01       2.58472e+00
  323  6.46e-04      3.74006e+00       2.61948e-01       2.58069e+00
  324  6.48e-04      3.76029e+00       2.32768e-01       2.58445e+00
  325  6.50e-04      3.76539e+00       2.03819e-01       2.57820e+00
  326  6.52e-04      3.76481e+00       2.28938e-01       2.58618e+00
  327  6.54e-04      3.74387e+00       2.30990e-01       2.57291e+00
  328  6.56e-04      3.75315e+00       2.14305e-01       2.57354e+00
  329  6.58e-04      3.75899e+00       2.31343e-01       2.58311e+00
  330  6.60e-04      3.74869e+00       2.05121e-01       2.56750e+00
  331  6.62e-04      3.73387e+00       2.54754e-01       2.57417e+00
  332  6.64e-04      3.73443e+00       2.43097e-01       2.57065e+00
  333  6.66e-04      3.72430e+00       2.63608e-01       2.57074e+00
  334  6.68e-04      3.72756e+00       2.28003e-01       2.56104e+00
  335  6.70e-04      3.71649e+00       2.76901e-01       2.56996e+00
  336  6.72e-04      3.71844e+00       2.63047e-01       2.56664e+00
  337  6.74e-04      3.70872e+00       2.58418e-01       2.55862e+00
  338  6.76e-04      3.71833e+00       2.18225e-01       2.55163e+00
  339  6.78e-04      3.72044e+00       2.38287e-01       2.55972e+00
  340  6.80e-04      3.73152e+00       2.36526e-01       2.56652e+00
  341  6.82e-04      3.73567e+00       2.43772e-01       2.57171e+00
  342  6.84e-04      3.72803e+00       2.20880e-01       2.55898e+00
  343  6.86e-04      3.72403e+00       2.74723e-01       2.57426e+00
  344  6.88e-04      3.73589e+00       2.41138e-01       2.57097e+00
  345  6.90e-04      3.74215e+00       2.34257e-01       2.57285e+00
  346  6.92e-04      3.73903e+00       2.25628e-01       2.56790e+00
  347  6.94e-04      3.75505e+00       2.66333e-01       2.59214e+00
  348  6.96e-04      3.74048e+00       2.58358e-01       2.57977e+00
  349  6.98e-04      3.75717e+00       2.46758e-01       2.58703e+00
  350  7.00e-04      3.73611e+00       2.87960e-01       2.58673e+00
  351  7.02e-04      3.73853e+00       2.48679e-01       2.57524e+00
  352  7.04e-04      3.71881e+00       2.48808e-01       2.56214e+00
  353  7.06e-04      3.69210e+00       2.76508e-01       2.55357e+00
  354  7.08e-04      3.69816e+00       2.29748e-01       2.54202e+00
  355  7.10e-04      3.69102e+00       2.72526e-01       2.55152e+00
  356  7.12e-04      3.70653e+00       2.61917e-01       2.55832e+00
  357  7.14e-04      3.70263e+00       2.36173e-01       2.54714e+00
  358  7.16e-04      3.73485e+00       2.38251e-01       2.56932e+00
  359  7.18e-04      3.75090e+00       2.83023e-01       2.59494e+00
  360  7.20e-04      3.75517e+00       2.85562e-01       2.59863e+00
  361  7.22e-04      3.73104e+00       2.27023e-01       2.56303e+00
  362  7.24e-04      3.73700e+00       2.56236e-01       2.57675e+00
  363  7.26e-04      3.74655e+00       2.67230e-01       2.58678e+00
  364  7.28e-04      3.74228e+00       1.99458e-01       2.56134e+00
  365  7.30e-04      3.74643e+00       2.76842e-01       2.58990e+00
  366  7.32e-04      3.77549e+00       2.31184e-01       2.59406e+00
  367  7.34e-04      3.79577e+00       2.89298e-01       2.62695e+00
  368  7.36e-04      3.78853e+00       2.59987e-01       2.61235e+00
  369  7.38e-04      3.77741e+00       2.78724e-01       2.61118e+00
  370  7.40e-04      3.75495e+00       2.67817e-01       2.59257e+00
  371  7.42e-04      3.74905e+00       2.43865e-01       2.58066e+00
  372  7.44e-04      3.74488e+00       2.94942e-01       2.59490e+00
  373  7.46e-04      3.71723e+00       2.55423e-01       2.56329e+00
  374  7.48e-04      3.70374e+00       2.39298e-01       2.54892e+00
  375  7.50e-04      3.68193e+00       2.34046e-01       2.53264e+00
  376  7.52e-04      3.67685e+00       2.97058e-01       2.55025e+00
  377  7.54e-04      3.68021e+00       2.40089e-01       2.53351e+00
  378  7.56e-04      3.69389e+00       2.41025e-01       2.54293e+00
  379  7.58e-04      3.67514e+00       3.51526e-01       2.56727e+00
  380  7.60e-04      3.66555e+00       2.68574e-01       2.53322e+00
  381  7.62e-04      3.67599e+00       2.48438e-01       2.53347e+00
  382  7.64e-04      3.66596e+00       3.05133e-01       2.54569e+00
  383  7.66e-04      3.65796e+00       2.62065e-01       2.52599e+00
  384  7.68e-04      3.65449e+00       2.26214e-01       2.51173e+00
  385  7.70e-04      3.63744e+00       2.90427e-01       2.52177e+00
  386  7.72e-04      3.62580e+00       2.82784e-01       2.51146e+00
  387  7.74e-04      3.63412e+00       2.52370e-01       2.50687e+00
  388  7.76e-04      3.61766e+00       2.98816e-01       2.51138e+00
  389  7.78e-04      3.61756e+00       2.74968e-01       2.50336e+00
  390  7.80e-04      3.60616e+00       2.99709e-01       2.50401e+00
  391  7.82e-04      3.61064e+00       2.86927e-01       2.50273e+00
  392  7.84e-04      3.60321e+00       2.55433e-01       2.48728e+00
  393  7.86e-04      3.60480e+00       2.83088e-01       2.49756e+00
  394  7.88e-04      3.56668e+00       2.51787e-01       2.46172e+00
  395  7.90e-04      3.57515e+00       2.97948e-01       2.48275e+00
  396  7.92e-04      3.55705e+00       3.25199e-01       2.47976e+00
  397  7.94e-04      3.55699e+00       2.92085e-01       2.46869e+00
  398  7.96e-04      3.54896e+00       3.32488e-01       2.47680e+00
  399  7.98e-04      3.54487e+00       3.52951e-01       2.48090e+00
  400  8.00e-04      3.57243e+00       3.01406e-01       2.48209e+00
  401  8.02e-04      3.57273e+00       2.66702e-01       2.47072e+00
  402  8.04e-04      3.56446e+00       2.96441e-01       2.47512e+00
  403  8.06e-04      3.57399e+00       2.86020e-01       2.47800e+00
  404  8.08e-04      3.57483e+00       2.89640e-01       2.47977e+00
  405  8.10e-04      3.58168e+00       2.66280e-01       2.47655e+00
  406  8.12e-04      3.58503e+00       2.95592e-01       2.48855e+00
  407  8.14e-04      3.55839e+00       2.94324e-01       2.47037e+00
  408  8.16e-04      3.54213e+00       3.28545e-01       2.47094e+00
  409  8.18e-04      3.54842e+00       2.97698e-01       2.46484e+00
  410  8.20e-04      3.52537e+00       2.82816e-01       2.44452e+00
  411  8.22e-04      3.52308e+00       3.06392e-01       2.45085e+00
  412  8.24e-04      3.49480e+00       2.77284e-01       2.42230e+00
  413  8.26e-04      3.49431e+00       3.01872e-01       2.43016e+00
  414  8.28e-04      3.52022e+00       3.26918e-01       2.45578e+00
  415  8.30e-04      3.50169e+00       3.17805e-01       2.44039e+00
  416  8.32e-04      3.51193e+00       3.35429e-01       2.45309e+00
  417  8.34e-04      3.51889e+00       2.99029e-01       2.44560e+00
  418  8.36e-04      3.47953e+00       3.25265e-01       2.42811e+00
  419  8.38e-04      3.45538e+00       3.06220e-01       2.40566e+00
  420  8.40e-04      3.44077e+00       2.90523e-01       2.39069e+00
  421  8.42e-04      3.43971e+00       2.58727e-01       2.37938e+00
  422  8.44e-04      3.45111e+00       2.96120e-01       2.39944e+00
  423  8.46e-04      3.42492e+00       3.09828e-01       2.38656e+00
  424  8.48e-04      3.42673e+00       3.01184e-01       2.38488e+00
  425  8.50e-04      3.45219e+00       2.71114e-01       2.39183e+00
  426  8.52e-04      3.45803e+00       2.98616e-01       2.40489e+00
  427  8.54e-04      3.43515e+00       3.13356e-01       2.39455e+00
  428  8.56e-04      3.44277e+00       3.37096e-01       2.40754e+00
  429  8.58e-04      3.45116e+00       2.67633e-01       2.38999e+00
  430  8.60e-04      3.46845e+00       2.93909e-01       2.41027e+00
  431  8.62e-04      3.44394e+00       3.19967e-01       2.40261e+00
  432  8.64e-04      3.46417e+00       2.61920e-01       2.39675e+00
  433  8.66e-04      3.46353e+00       2.75986e-01       2.40101e+00
  434  8.68e-04      3.44503e+00       3.54425e-01       2.41483e+00
  435  8.70e-04      3.44360e+00       3.18123e-01       2.40177e+00
  436  8.72e-04      3.47188e+00       3.05664e-01       2.41647e+00
  437  8.74e-04      3.48584e+00       3.34808e-01       2.43550e+00
  438  8.76e-04      3.47304e+00       2.92258e-01       2.41278e+00
  439  8.78e-04      3.46215e+00       3.19578e-01       2.41462e+00
  440  8.80e-04      3.45590e+00       3.65368e-01       2.42572e+00
  441  8.82e-04      3.45554e+00       3.16656e-01       2.40925e+00
  442  8.84e-04      3.47157e+00       2.70805e-01       2.40465e+00
  443  8.86e-04      3.47876e+00       3.29341e-01       2.42896e+00
  444  8.88e-04      3.47009e+00       3.49321e-01       2.42983e+00
  445  8.90e-04      3.46912e+00       3.00253e-01       2.41283e+00
  446  8.92e-04      3.43814e+00       3.59270e-01       2.41185e+00
  447  8.94e-04      3.46013e+00       3.44655e-01       2.42164e+00
  448  8.96e-04      3.48811e+00       2.96053e-01       2.42409e+00
  449  8.98e-04      3.47671e+00       3.43402e-01       2.43227e+00
  450  9.00e-04      3.47040e+00       3.12273e-01       2.41769e+00
  451  9.02e-04      3.45754e+00       3.33692e-01       2.41626e+00
  452  9.04e-04      3.42031e+00       2.80866e-01       2.37383e+00
  453  9.06e-04      3.42471e+00       3.33551e-01       2.39432e+00
  454  9.08e-04      3.43324e+00       3.74820e-01       2.41377e+00
  455  9.10e-04      3.41836e+00       2.94937e-01       2.37722e+00
  456  9.12e-04      3.41539e+00       3.19718e-01       2.38350e+00
  457  9.14e-04      3.40920e+00       3.97037e-01       2.40514e+00
  458  9.16e-04      3.39918e+00       3.47203e-01       2.38185e+00
  459  9.18e-04      3.39979e+00       3.83416e-01       2.39433e+00
  460  9.20e-04      3.38178e+00       4.07832e-01       2.39046e+00
  461  9.22e-04      3.39387e+00       3.50782e-01       2.37951e+00
  462  9.24e-04      3.38601e+00       3.54707e-01       2.37558e+00
  463  9.26e-04      3.40403e+00       4.18614e-01       2.40889e+00
  464  9.28e-04      3.39890e+00       2.94489e-01       2.36409e+00
  465  9.30e-04      3.38073e+00       3.04430e-01       2.35529e+00
  466  9.32e-04      3.39297e+00       3.84102e-01       2.39001e+00
  467  9.34e-04      3.37376e+00       3.29479e-01       2.35900e+00
  468  9.36e-04      3.36445e+00       2.88360e-01       2.33909e+00
  469  9.38e-04      3.35567e+00       3.53928e-01       2.35509e+00
  470  9.40e-04      3.33705e+00       3.53221e-01       2.34244e+00
  471  9.42e-04      3.34944e+00       3.60630e-01       2.35317e+00
  472  9.44e-04      3.35167e+00       3.91141e-01       2.36482e+00
  473  9.46e-04      3.33814e+00       3.27755e-01       2.33468e+00
  474  9.48e-04      3.32174e+00       3.09171e-01       2.31755e+00
  475  9.50e-04      3.30366e+00       3.21268e-01       2.30953e+00
  476  9.52e-04      3.29922e+00       3.37208e-01       2.31188e+00
  477  9.54e-04      3.30615e+00       3.21449e-01       2.31125e+00
  478  9.56e-04      3.29220e+00       2.87392e-01       2.29060e+00
  479  9.58e-04      3.29886e+00       3.66344e-01       2.32135e+00
  480  9.60e-04      3.28675e+00       3.39254e-01       2.30425e+00
  481  9.62e-04      3.28258e+00       3.25465e-01       2.29688e+00
  482  9.64e-04      3.27978e+00       3.54663e-01       2.30474e+00
  483  9.66e-04      3.28740e+00       3.91958e-01       2.32225e+00
  484  9.68e-04      3.26337e+00       3.21584e-01       2.28278e+00
  485  9.70e-04      3.27041e+00       3.34996e-01       2.29194e+00
  486  9.72e-04      3.26860e+00       3.81123e-01       2.30611e+00
  487  9.74e-04      3.26312e+00       2.86442e-01       2.27089e+00
  488  9.76e-04      3.27146e+00       3.17302e-01       2.28674e+00
  489  9.78e-04      3.26373e+00       3.82104e-01       2.30319e+00
  490  9.80e-04      3.25506e+00       3.27572e-01       2.27923e+00
  491  9.82e-04      3.27559e+00       2.74510e-01       2.27523e+00
  492  9.84e-04      3.28378e+00       3.68602e-01       2.31206e+00
  493  9.86e-04      3.26912e+00       3.76709e-01       2.30498e+00
  494  9.88e-04      3.26304e+00       3.26144e-01       2.28407e+00
  495  9.90e-04      3.26434e+00       3.93064e-01       2.30725e+00
  496  9.92e-04      3.25970e+00       3.56708e-01       2.29204e+00
  497  9.94e-04      3.25735e+00       3.02180e-01       2.27229e+00
  498  9.96e-04      3.26017e+00       3.89225e-01       2.30319e+00
  499  9.98e-04      3.23252e+00       3.86803e-01       2.28395e+00
  500  1.00e-03      3.22779e+00       3.47122e-01       2.26756e+00
  501  1.00e-03      3.23897e+00       3.29614e-01       2.26918e+00
  502  1.00e-03      3.21810e+00       4.54253e-01       2.29682e+00
  503  1.01e-03      3.23696e+00       3.90762e-01       2.28823e+00
  504  1.01e-03      3.21372e+00       3.52486e-01       2.25998e+00
  505  1.01e-03      3.18839e+00       4.31700e-01       2.26949e+00
  506  1.01e-03      3.19220e+00       4.18206e-01       2.26754e+00
  507  1.01e-03      3.19575e+00       3.82235e-01       2.25791e+00
  508  1.02e-03      3.20017e+00       3.53379e-01       2.25124e+00
  509  1.02e-03      3.19037e+00       3.96924e-01       2.25922e+00
  510  1.02e-03      3.18038e+00       3.41858e-01       2.23420e+00
  511  1.02e-03      3.19104e+00       3.71315e-01       2.25113e+00
  512  1.02e-03      3.16399e+00       3.81636e-01       2.23654e+00
  513  1.03e-03      3.15352e+00       3.65152e-01       2.22407e+00
  514  1.03e-03      3.14141e+00       3.26005e-01       2.20294e+00
  515  1.03e-03      3.13533e+00       4.24842e-01       2.23184e+00
  516  1.03e-03      3.12835e+00       3.67014e-01       2.20791e+00
  517  1.03e-03      3.12986e+00       3.35318e-01       2.19834e+00
  518  1.04e-03      3.14675e+00       4.57929e-01       2.25048e+00
  519  1.04e-03      3.17131e+00       4.07218e-01       2.24995e+00
  520  1.04e-03      3.17320e+00       3.90943e-01       2.24578e+00
  521  1.04e-03      3.16705e+00       3.90877e-01       2.24166e+00
  522  1.04e-03      3.18255e+00       4.17478e-01       2.26086e+00
  523  1.05e-03      3.17395e+00       3.74986e-01       2.24096e+00
  524  1.05e-03      3.17408e+00       3.38913e-01       2.22903e+00
  525  1.05e-03      3.16358e+00       3.80926e-01       2.23603e+00
  526  1.05e-03      3.15925e+00       3.63405e-01       2.22730e+00
  527  1.05e-03      3.16080e+00       3.58548e-01       2.22671e+00
  528  1.06e-03      3.16513e+00       3.85472e-01       2.23858e+00
  529  1.06e-03      3.16845e+00       3.38114e-01       2.22500e+00
  530  1.06e-03      3.14774e+00       3.61192e-01       2.21889e+00
  531  1.06e-03      3.14397e+00       3.71040e-01       2.21966e+00
  532  1.06e-03      3.12637e+00       3.55942e-01       2.20289e+00
  533  1.07e-03      3.12054e+00       3.61640e-01       2.20091e+00
  534  1.07e-03      3.13413e+00       3.86908e-01       2.21839e+00
  535  1.07e-03      3.14845e+00       3.36287e-01       2.21106e+00
  536  1.07e-03      3.14866e+00       2.96017e-01       2.19778e+00
  537  1.07e-03      3.15163e+00       3.61756e-01       2.22167e+00
  538  1.08e-03      3.13794e+00       3.93014e-01       2.22296e+00
  539  1.08e-03      3.14295e+00       2.98778e-01       2.19489e+00
  540  1.08e-03      3.11886e+00       3.82838e-01       2.20685e+00
  541  1.08e-03      3.11368e+00       3.20956e-01       2.18278e+00
  542  1.08e-03      3.10344e+00       3.65653e-01       2.19084e+00
  543  1.09e-03      3.11130e+00       3.91894e-01       2.20483e+00
  544  1.09e-03      3.09775e+00       3.97934e-01       2.19781e+00
  545  1.09e-03      3.08969e+00       3.57123e-01       2.17884e+00
  546  1.09e-03      3.11038e+00       3.47546e-01       2.18943e+00
  547  1.09e-03      3.11999e+00       3.58373e-01       2.19945e+00
  548  1.10e-03      3.10931e+00       3.16733e-01       2.17845e+00
  549  1.10e-03      3.11713e+00       3.50444e-01       2.19490e+00
  550  1.10e-03      3.10817e+00       3.80589e-01       2.19898e+00
  551  1.10e-03      3.11350e+00       3.95883e-01       2.20763e+00
  552  1.10e-03      3.11092e+00       3.36820e-01       2.18622e+00
  553  1.11e-03      3.10125e+00       3.82777e-01       2.19509e+00
  554  1.11e-03      3.08570e+00       3.84218e-01       2.18521e+00
  555  1.11e-03      3.08783e+00       3.17580e-01       2.16441e+00
  556  1.11e-03      3.09313e+00       3.64596e-01       2.18362e+00
  557  1.11e-03      3.10334e+00       3.84618e-01       2.19710e+00
  558  1.12e-03      3.10601e+00       3.32022e-01       2.18135e+00
  559  1.12e-03      3.07745e+00       3.44673e-01       2.16652e+00
  560  1.12e-03      3.10894e+00       3.93389e-01       2.20375e+00
  561  1.12e-03      3.08514e+00       3.93047e-01       2.18778e+00
  562  1.12e-03      3.08955e+00       3.47949e-01       2.17568e+00
  563  1.13e-03      3.09270e+00       4.11362e-01       2.19892e+00
  564  1.13e-03      3.10631e+00       3.69923e-01       2.19418e+00
  565  1.13e-03      3.10077e+00       3.48946e-01       2.18350e+00
  566  1.13e-03      3.09788e+00       4.16136e-01       2.20396e+00
  567  1.13e-03      3.09232e+00       4.05863e-01       2.19684e+00
  568  1.14e-03      3.10428e+00       3.60379e-01       2.18965e+00
  569  1.14e-03      3.09914e+00       3.90997e-01       2.19643e+00
  570  1.14e-03      3.10028e+00       4.51579e-01       2.21738e+00
  571  1.14e-03      3.13423e+00       3.46993e-01       2.20515e+00
  572  1.14e-03      3.11854e+00       3.23171e-01       2.18675e+00
  573  1.15e-03      3.13358e+00       3.81607e-01       2.21626e+00
  574  1.15e-03      3.12103e+00       3.52465e-01       2.19818e+00
  575  1.15e-03      3.11718e+00       3.29344e-01       2.18790e+00
  576  1.15e-03      3.11468e+00       3.73080e-01       2.20081e+00
  577  1.15e-03      3.13449e+00       3.35367e-01       2.20145e+00
  578  1.16e-03      3.10731e+00       3.23117e-01       2.17924e+00
  579  1.16e-03      3.11521e+00       4.09236e-01       2.21322e+00
  580  1.16e-03      3.12192e+00       4.04995e-01       2.21628e+00
  581  1.16e-03      3.11620e+00       3.71903e-01       2.20144e+00
  582  1.16e-03      3.10321e+00       3.72734e-01       2.19305e+00
  583  1.17e-03      3.10537e+00       3.73365e-01       2.19470e+00
  584  1.17e-03      3.12061e+00       3.63547e-01       2.20159e+00
  585  1.17e-03      3.12144e+00       3.33728e-01       2.19220e+00
  586  1.17e-03      3.11968e+00       3.83000e-01       2.20745e+00
  587  1.17e-03      3.12745e+00       3.40721e-01       2.19854e+00
  588  1.18e-03      3.11452e+00       2.85683e-01       2.17157e+00
  589  1.18e-03      3.12521e+00       3.62699e-01       2.20437e+00
  590  1.18e-03      3.12417e+00       3.10018e-01       2.18612e+00
  591  1.18e-03      3.12543e+00       3.45241e-01       2.19870e+00
  592  1.18e-03      3.11488e+00       3.72202e-01       2.20065e+00
  593  1.19e-03      3.11170e+00       4.43685e-01       2.22236e+00
  594  1.19e-03      3.09793e+00       3.01797e-01       2.16589e+00
  595  1.19e-03      3.07737e+00       3.10969e-01       2.15524e+00
  596  1.19e-03      3.06167e+00       3.45629e-01       2.15632e+00
  597  1.19e-03      3.06129e+00       3.19993e-01       2.14752e+00
  598  1.20e-03      3.04825e+00       3.02000e-01       2.13283e+00
  599  1.20e-03      3.04225e+00       3.95030e-01       2.15985e+00
  600  1.20e-03      3.06424e+00       3.08642e-01       2.14571e+00
  601  1.20e-03      3.05185e+00       2.98388e-01       2.13403e+00
  602  1.20e-03      3.04482e+00       3.98470e-01       2.16270e+00
  603  1.21e-03      3.03764e+00       3.75671e-01       2.15032e+00
  604  1.21e-03      3.03553e+00       3.48651e-01       2.13991e+00
  605  1.21e-03      3.03967e+00       4.08629e-01       2.16265e+00
  606  1.21e-03      3.03957e+00       4.23280e-01       2.16748e+00
  607  1.21e-03      3.06629e+00       3.25787e-01       2.15279e+00
  608  1.22e-03      3.04804e+00       3.62028e-01       2.15270e+00
  609  1.22e-03      3.05980e+00       4.33185e-01       2.18426e+00
  610  1.22e-03      3.04479e+00       3.14945e-01       2.13484e+00
  611  1.22e-03      3.08704e+00       3.27880e-01       2.16732e+00
  612  1.22e-03      3.09081e+00       3.68254e-01       2.18329e+00
  613  1.23e-03      3.08871e+00       3.34021e-01       2.17048e+00
  614  1.23e-03      3.07962e+00       3.23978e-01       2.16107e+00
  615  1.23e-03      3.07593e+00       4.40596e-01       2.19749e+00
  616  1.23e-03      3.07526e+00       3.68846e-01       2.17312e+00
  617  1.23e-03      3.06533e+00       3.97949e-01       2.17621e+00
  618  1.24e-03      3.06974e+00       4.27231e-01       2.18890e+00
  619  1.24e-03      3.05191e+00       4.09728e-01       2.17118e+00
  620  1.24e-03      3.06215e+00       3.69558e-01       2.16462e+00
  621  1.24e-03      3.05174e+00       3.41684e-01       2.14839e+00
  622  1.24e-03      3.06469e+00       3.86177e-01       2.17185e+00
  623  1.25e-03      3.07018e+00       2.92421e-01       2.14426e+00
  624  1.25e-03      3.07300e+00       3.66350e-01       2.17078e+00
  625  1.25e-03      3.06778e+00       4.10384e-01       2.18198e+00
  626  1.25e-03      3.06658e+00       4.16317e-01       2.18316e+00
  627  1.25e-03      3.03813e+00       3.91833e-01       2.15603e+00
  628  1.26e-03      3.03654e+00       3.99253e-01       2.15745e+00
  629  1.26e-03      3.01708e+00       4.46441e-01       2.16020e+00
  630  1.26e-03      3.03353e+00       3.48111e-01       2.13839e+00
  631  1.26e-03      3.02079e+00       3.51821e-01       2.13114e+00
  632  1.26e-03      3.03405e+00       4.50485e-01       2.17286e+00
  633  1.27e-03      3.04119e+00       3.61073e-01       2.14782e+00
  634  1.27e-03      3.07032e+00       3.80256e-01       2.17363e+00
  635  1.27e-03      3.05553e+00       4.00925e-01       2.17066e+00
  636  1.27e-03      3.04941e+00       3.54064e-01       2.15096e+00
  637  1.27e-03      3.03268e+00       4.36649e-01       2.16733e+00
  638  1.28e-03      3.02894e+00       4.25180e-01       2.16102e+00
  639  1.28e-03      3.02695e+00       3.50779e-01       2.13490e+00
  640  1.28e-03      3.01992e+00       3.73301e-01       2.13771e+00
  641  1.28e-03      3.03549e+00       4.04167e-01       2.15838e+00
  642  1.28e-03      3.01361e+00       3.96602e-01       2.14127e+00
  643  1.29e-03      2.99968e+00       3.53697e-01       2.11769e+00
  644  1.29e-03      2.99757e+00       4.31742e-01       2.14230e+00
  645  1.29e-03      3.02368e+00       3.90326e-01       2.14590e+00
  646  1.29e-03      3.02433e+00       3.63027e-01       2.13723e+00
  647  1.29e-03      3.01706e+00       4.06996e-01       2.14704e+00
  648  1.30e-03      2.99770e+00       4.14225e-01       2.13654e+00
  649  1.30e-03      2.99811e+00       3.32409e-01       2.10955e+00
  650  1.30e-03      3.01450e+00       4.67230e-01       2.16541e+00
  651  1.30e-03      2.99513e+00       3.88591e-01       2.12628e+00
  652  1.30e-03      2.98170e+00       4.03378e-01       2.12226e+00
  653  1.31e-03      2.98619e+00       4.02637e-01       2.12501e+00
  654  1.31e-03      2.98678e+00       4.41838e-01       2.13846e+00
  655  1.31e-03      2.99194e+00       3.59274e-01       2.11439e+00
  656  1.31e-03      2.99928e+00       3.70387e-01       2.12298e+00
  657  1.31e-03      2.97585e+00       3.41639e-01       2.09778e+00
  658  1.32e-03      2.98242e+00       3.43040e-01       2.10263e+00
  659  1.32e-03      2.98601e+00       3.66167e-01       2.11273e+00
  660  1.32e-03      2.98239e+00       4.43265e-01       2.13601e+00
  661  1.32e-03      2.95012e+00       4.00320e-01       2.10019e+00
  662  1.32e-03      2.97316e+00       3.28116e-01       2.09148e+00
  663  1.33e-03      2.96509e+00       3.79654e-01       2.10328e+00
  664  1.33e-03      2.97615e+00       4.55002e-01       2.13577e+00
  665  1.33e-03      2.96129e+00       4.04230e-01       2.10894e+00
  666  1.33e-03      2.96921e+00       3.82466e-01       2.10696e+00
  667  1.33e-03      2.97232e+00       4.29125e-01       2.12458e+00
  668  1.34e-03      2.97825e+00       4.02989e-01       2.11983e+00
  669  1.34e-03      2.97897e+00       3.49174e-01       2.10237e+00
  670  1.34e-03      2.95105e+00       4.00152e-01       2.10075e+00
  671  1.34e-03      2.93415e+00       3.98728e-01       2.08901e+00
  672  1.34e-03      2.95676e+00       3.40262e-01       2.08459e+00
  673  1.35e-03      2.96724e+00       5.13613e-01       2.14937e+00
  674  1.35e-03      2.99426e+00       4.22099e-01       2.13687e+00
  675  1.35e-03      2.99795e+00       3.61009e-01       2.11897e+00
  676  1.35e-03      2.97887e+00       3.59331e-01       2.10569e+00
  677  1.35e-03      2.97907e+00       4.72152e-01       2.14343e+00
  678  1.36e-03      2.98645e+00       3.80747e-01       2.11788e+00
  679  1.36e-03      3.00033e+00       4.30427e-01       2.14370e+00
  680  1.36e-03      2.99549e+00       4.28248e-01       2.13974e+00
  681  1.36e-03      2.99163e+00       4.33722e-01       2.13899e+00
  682  1.36e-03      2.97806e+00       3.76936e-01       2.11102e+00
  683  1.37e-03      2.97354e+00       5.49262e-01       2.16545e+00
  684  1.37e-03      2.97146e+00       4.82482e-01       2.14180e+00
  685  1.37e-03      2.97814e+00       4.54747e-01       2.13701e+00
  686  1.37e-03      2.99455e+00       4.34662e-01       2.14126e+00
  687  1.37e-03      2.99299e+00       4.05555e-01       2.13051e+00
  688  1.38e-03      3.00768e+00       3.90566e-01       2.13531e+00
  689  1.38e-03      3.01565e+00       4.00009e-01       2.14377e+00
  690  1.38e-03      3.02607e+00       4.47119e-01       2.16642e+00
  691  1.38e-03      3.02317e+00       4.82834e-01       2.17639e+00
  692  1.38e-03      3.00723e+00       4.57681e-01       2.15738e+00
  693  1.39e-03      3.01380e+00       4.51081e-01       2.15956e+00
  694  1.39e-03      3.04290e+00       4.13797e-01       2.16653e+00
  695  1.39e-03      3.02735e+00       4.31680e-01       2.16213e+00
  696  1.39e-03      3.02367e+00       4.75754e-01       2.17437e+00
  697  1.39e-03      3.07372e+00       4.43305e-01       2.19691e+00
  698  1.40e-03      3.06024e+00       4.17206e-01       2.17923e+00
  699  1.40e-03      3.05113e+00       4.31855e-01       2.17804e+00
  700  1.40e-03      3.05979e+00       5.16141e-01       2.21191e+00
  701  1.40e-03      3.05499e+00       4.53413e-01       2.18780e+00
  702  1.40e-03      3.05571e+00       4.00531e-01       2.17065e+00
  703  1.41e-03      3.03628e+00       4.27042e-01       2.16653e+00
  704  1.41e-03      3.03947e+00       3.99246e-01       2.15940e+00
  705  1.41e-03      3.05457e+00       4.03231e-01       2.17079e+00
  706  1.41e-03      3.02996e+00       5.02808e-01       2.18758e+00
  707  1.41e-03      3.03005e+00       4.38584e-01       2.16623e+00
  708  1.42e-03      3.03267e+00       4.72405e-01       2.17925e+00
  709  1.42e-03      3.03309e+00       5.03495e-01       2.18989e+00
  710  1.42e-03      3.02657e+00       3.86029e-01       2.14639e+00
  711  1.42e-03      3.02619e+00       4.08702e-01       2.15369e+00
  712  1.42e-03      3.02951e+00       4.63986e-01       2.17434e+00
  713  1.43e-03      3.01747e+00       4.34039e-01       2.15633e+00
  714  1.43e-03      3.03800e+00       4.07100e-01       2.16103e+00
  715  1.43e-03      3.01630e+00       4.56426e-01       2.16301e+00
  716  1.43e-03      3.03578e+00       4.51570e-01       2.17438e+00
  717  1.43e-03      3.02399e+00       3.99819e-01       2.14927e+00
  718  1.44e-03      3.03905e+00       4.22632e-01       2.16691e+00
  719  1.44e-03      3.04076e+00       4.77671e-01       2.18640e+00
  720  1.44e-03      3.01295e+00       3.48214e-01       2.12470e+00
  721  1.44e-03      3.02069e+00       4.20079e-01       2.15382e+00
  722  1.44e-03      3.01178e+00       4.30049e-01       2.15120e+00
  723  1.45e-03      2.98750e+00       4.49542e-01       2.14151e+00
  724  1.45e-03      3.00420e+00       4.46390e-01       2.15159e+00
  725  1.45e-03      2.99442e+00       4.62149e-01       2.15033e+00
  726  1.45e-03      2.99483e+00       4.58656e-01       2.14944e+00
  727  1.45e-03      2.98659e+00       4.22914e-01       2.13203e+00
  728  1.46e-03      2.98079e+00       4.97835e-01       2.15314e+00
  729  1.46e-03      2.96028e+00       3.84064e-01       2.10154e+00
  730  1.46e-03      2.94372e+00       4.65815e-01       2.11775e+00
  731  1.46e-03      2.94169e+00       4.34705e-01       2.10603e+00
  732  1.46e-03      2.93458e+00       4.94844e-01       2.12134e+00
  733  1.47e-03      2.92930e+00       3.64750e-01       2.07445e+00
  734  1.47e-03      2.94586e+00       4.39204e-01       2.11031e+00
  735  1.47e-03      2.92733e+00       4.38290e-01       2.09765e+00
  736  1.47e-03      2.92323e+00       4.40236e-01       2.09557e+00
  737  1.47e-03      2.93368e+00       3.96710e-01       2.08802e+00
  738  1.48e-03      2.93719e+00       5.05906e-01       2.12676e+00
  739  1.48e-03      2.93644e+00       5.00348e-01       2.12441e+00
  740  1.48e-03      2.94136e+00       4.78251e-01       2.12033e+00
  741  1.48e-03      2.92696e+00       4.56953e-01       2.10362e+00
  742  1.48e-03      2.90826e+00       4.90766e-01       2.10243e+00
  743  1.49e-03      2.92786e+00       3.37658e-01       2.06446e+00
  744  1.49e-03      2.91314e+00       4.30140e-01       2.08548e+00
  745  1.49e-03      2.91937e+00       4.50144e-01       2.09629e+00
  746  1.49e-03      2.93370e+00       4.62707e-01       2.11003e+00
  747  1.49e-03      2.90683e+00       5.01885e-01       2.10518e+00
  748  1.50e-03      2.90570e+00       4.61737e-01       2.09105e+00
  749  1.50e-03      2.89800e+00       4.59685e-01       2.08523e+00
  750  1.50e-03      2.91758e+00       4.75319e-01       2.10349e+00
  751  1.50e-03      2.92489e+00       4.62044e-01       2.10394e+00
  752  1.50e-03      2.92932e+00       4.18330e-01       2.09232e+00
  753  1.51e-03      2.92243e+00       4.24266e-01       2.08971e+00
  754  1.51e-03      2.94786e+00       4.83738e-01       2.12649e+00
  755  1.51e-03      2.93163e+00       4.42624e-01       2.10196e+00
  756  1.51e-03      2.92666e+00       4.02488e-01       2.08527e+00
  757  1.51e-03      2.93196e+00       4.91885e-01       2.11860e+00
  758  1.52e-03      2.92299e+00       4.40886e-01       2.09562e+00
  759  1.52e-03      2.92769e+00       4.87887e-01       2.11442e+00
  760  1.52e-03      2.93410e+00       3.81634e-01       2.08328e+00
  761  1.52e-03      2.91437e+00       4.43927e-01       2.09089e+00
  762  1.52e-03      2.91221e+00       4.16964e-01       2.08046e+00
  763  1.53e-03      2.92423e+00       4.93131e-01       2.11387e+00
  764  1.53e-03      2.90381e+00       4.70321e-01       2.09265e+00
  765  1.53e-03      2.90641e+00       4.95287e-01       2.10270e+00
  766  1.53e-03      2.89343e+00       3.98801e-01       2.06189e+00
  767  1.53e-03      2.88968e+00       5.22318e-01       2.10056e+00
  768  1.54e-03      2.87045e+00       4.29471e-01       2.05679e+00
  769  1.54e-03      2.87400e+00       4.23684e-01       2.05723e+00
  770  1.54e-03      2.84841e+00       4.75896e-01       2.05757e+00
  771  1.54e-03      2.85402e+00       5.39071e-01       2.08237e+00
  772  1.54e-03      2.84436e+00       4.76322e-01       2.05501e+00
  773  1.55e-03      2.85300e+00       4.42471e-01       2.04949e+00
  774  1.55e-03      2.87801e+00       4.78928e-01       2.07832e+00
  775  1.55e-03      2.89422e+00       4.92883e-01       2.09378e+00
  776  1.55e-03      2.87671e+00       4.34769e-01       2.06273e+00
  777  1.55e-03      2.88386e+00       5.13448e-01       2.09373e+00
  778  1.56e-03      2.88720e+00       4.12851e-01       2.06242e+00
  779  1.56e-03      2.88886e+00       4.11513e-01       2.06308e+00
  780  1.56e-03      2.86074e+00       4.59213e-01       2.06023e+00
  781  1.56e-03      2.87642e+00       4.89040e-01       2.08063e+00
  782  1.56e-03      2.87200e+00       4.32152e-01       2.05872e+00
  783  1.57e-03      2.86910e+00       5.16476e-01       2.08490e+00
  784  1.57e-03      2.86886e+00       4.64593e-01       2.06744e+00
  785  1.57e-03      2.87274e+00       4.37239e-01       2.06090e+00
  786  1.57e-03      2.86993e+00       4.89713e-01       2.07652e+00
  787  1.57e-03      2.86465e+00       5.62932e-01       2.09741e+00
  788  1.58e-03      2.87631e+00       4.27856e-01       2.06016e+00
  789  1.58e-03      2.88796e+00       4.66833e-01       2.08092e+00
  790  1.58e-03      2.89540e+00       5.14670e-01       2.10182e+00
  791  1.58e-03      2.87642e+00       4.30987e-01       2.06128e+00
  792  1.58e-03      2.87017e+00       3.93179e-01       2.04451e+00
  793  1.59e-03      2.86139e+00       4.68521e-01       2.06376e+00
  794  1.59e-03      2.90249e+00       5.04770e-01       2.10325e+00
  795  1.59e-03      2.90368e+00       4.82970e-01       2.09678e+00
  796  1.59e-03      2.87975e+00       4.08773e-01       2.05609e+00
  797  1.59e-03      2.89741e+00       4.97893e-01       2.09757e+00
  798  1.60e-03      2.88144e+00       5.58302e-01       2.10706e+00
  799  1.60e-03      2.88629e+00       5.21630e-01       2.09807e+00
  800  1.60e-03      2.89245e+00       4.35538e-01       2.07348e+00
  801  1.60e-03      2.90522e+00       4.48875e-01       2.08644e+00
  802  1.60e-03      2.91117e+00       4.39947e-01       2.08743e+00
  803  1.61e-03      2.90707e+00       4.88095e-01       2.10074e+00
  804  1.61e-03      2.88604e+00       4.83101e-01       2.08506e+00
  805  1.61e-03      2.88601e+00       4.94154e-01       2.08873e+00
  806  1.61e-03      2.86803e+00       5.04346e-01       2.08013e+00
  807  1.61e-03      2.86614e+00       4.61065e-01       2.06445e+00
  808  1.62e-03      2.86989e+00       5.08490e-01       2.08276e+00
  809  1.62e-03      2.86120e+00       4.14671e-01       2.04569e+00
  810  1.62e-03      2.87676e+00       5.68363e-01       2.10730e+00
  811  1.62e-03      2.87425e+00       4.77318e-01       2.07527e+00
  812  1.62e-03      2.85581e+00       5.53064e-01       2.08823e+00
  813  1.63e-03      2.86740e+00       4.32232e-01       2.05568e+00
  814  1.63e-03      2.85911e+00       5.37059e-01       2.08509e+00
  815  1.63e-03      2.86011e+00       3.92381e-01       2.03754e+00
  816  1.63e-03      2.84152e+00       5.24126e-01       2.06905e+00
  817  1.63e-03      2.84356e+00       4.39140e-01       2.04209e+00
  818  1.64e-03      2.84418e+00       6.28714e-01       2.10569e+00
  819  1.64e-03      2.84249e+00       4.24767e-01       2.03659e+00
  820  1.64e-03      2.85007e+00       4.99351e-01       2.06650e+00
  821  1.64e-03      2.85127e+00       4.42538e-01       2.04836e+00
  822  1.64e-03      2.85112e+00       5.74137e-01       2.09212e+00
  823  1.65e-03      2.85418e+00       4.37518e-01       2.04863e+00
  824  1.65e-03      2.85810e+00       4.73929e-01       2.06338e+00
  825  1.65e-03      2.84962e+00       4.61193e-01       2.05348e+00
  826  1.65e-03      2.85085e+00       5.21087e-01       2.07426e+00
  827  1.65e-03      2.84642e+00       4.61483e-01       2.05144e+00
  828  1.66e-03      2.85681e+00       4.86499e-01       2.06671e+00
  829  1.66e-03      2.85056e+00       4.91609e-01       2.06425e+00
  830  1.66e-03      2.85517e+00       5.80346e-01       2.09690e+00
  831  1.66e-03      2.84717e+00       5.98827e-01       2.09772e+00
  832  1.66e-03      2.84212e+00       4.97375e-01       2.06054e+00
  833  1.67e-03      2.83697e+00       4.48232e-01       2.04073e+00
  834  1.67e-03      2.85813e+00       5.44260e-01       2.08684e+00
  835  1.67e-03      2.84548e+00       4.90203e-01       2.06039e+00
  836  1.67e-03      2.85724e+00       3.90403e-01       2.03496e+00
  837  1.67e-03      2.86265e+00       4.97791e-01       2.07436e+00
  838  1.68e-03      2.86675e+00       5.47504e-01       2.09367e+00
  839  1.68e-03      2.85784e+00       4.94209e-01       2.06996e+00
  840  1.68e-03      2.88997e+00       4.20389e-01       2.06678e+00
  841  1.68e-03      2.89252e+00       4.83021e-01       2.08935e+00
  842  1.68e-03      2.87069e+00       5.29416e-01       2.09027e+00
  843  1.69e-03      2.86884e+00       5.40081e-01       2.09259e+00
  844  1.69e-03      2.89438e+00       5.02750e-01       2.09717e+00
  845  1.69e-03      2.89429e+00       5.24882e-01       2.10449e+00
  846  1.69e-03      2.88236e+00       5.07371e-01       2.09070e+00
  847  1.69e-03      2.88846e+00       5.15733e-01       2.09755e+00
  848  1.70e-03      2.86950e+00       4.43848e-01       2.06095e+00
  849  1.70e-03      2.86950e+00       5.37786e-01       2.09226e+00
  850  1.70e-03      2.85895e+00       4.89216e-01       2.06904e+00
  851  1.70e-03      2.85562e+00       4.84944e-01       2.06539e+00
  852  1.70e-03      2.84936e+00       4.89408e-01       2.06271e+00
  853  1.71e-03      2.80803e+00       4.85427e-01       2.03383e+00
  854  1.71e-03      2.79930e+00       5.35641e-01       2.04475e+00
  855  1.71e-03      2.80889e+00       5.54649e-01       2.05748e+00
  856  1.71e-03      2.79989e+00       4.47252e-01       2.01568e+00
  857  1.71e-03      2.79686e+00       5.33120e-01       2.04228e+00
  858  1.72e-03      2.77305e+00       5.61234e-01       2.03578e+00
  859  1.72e-03      2.75573e+00       4.64267e-01       1.99191e+00
  860  1.72e-03      2.73847e+00       4.73210e-01       1.98339e+00
  861  1.72e-03      2.76403e+00       5.92837e-01       2.04030e+00
  862  1.72e-03      2.75016e+00       4.79178e-01       1.99316e+00
  863  1.73e-03      2.73572e+00       5.43810e-01       2.00508e+00
  864  1.73e-03      2.73899e+00       5.77651e-01       2.01854e+00
  865  1.73e-03      2.77465e+00       5.01847e-01       2.01705e+00
  866  1.73e-03      2.76849e+00       5.41564e-01       2.02618e+00
  867  1.73e-03      2.77145e+00       5.40088e-01       2.02766e+00
  868  1.74e-03      2.76001e+00       4.37964e-01       1.98600e+00
  869  1.74e-03      2.75177e+00       5.16135e-01       2.00656e+00
  870  1.74e-03      2.75064e+00       4.69808e-01       1.99036e+00
  871  1.74e-03      2.75408e+00       5.08498e-01       2.00555e+00
  872  1.74e-03      2.74319e+00       4.55243e-01       1.98054e+00
  873  1.75e-03      2.75227e+00       5.94795e-01       2.03311e+00
  874  1.75e-03      2.74672e+00       5.77428e-01       2.02362e+00
  875  1.75e-03      2.72427e+00       5.73112e-01       2.00722e+00
  876  1.75e-03      2.72707e+00       4.69848e-01       1.97466e+00
  877  1.75e-03      2.71605e+00       5.32542e-01       1.98822e+00
  878  1.76e-03      2.71784e+00       5.25104e-01       1.98692e+00
  879  1.76e-03      2.70513e+00       5.44911e-01       1.98506e+00
  880  1.76e-03      2.69866e+00       4.90971e-01       1.96276e+00
  881  1.76e-03      2.70174e+00       5.21513e-01       1.97500e+00
  882  1.76e-03      2.72096e+00       4.07611e-01       1.94985e+00
  883  1.77e-03      2.71050e+00       5.44986e-01       1.98866e+00
  884  1.77e-03      2.71016e+00       5.16853e-01       1.97906e+00
  885  1.77e-03      2.71225e+00       5.74633e-01       1.99971e+00
  886  1.77e-03      2.73099e+00       5.34214e-01       1.99873e+00
  887  1.77e-03      2.72772e+00       5.02858e-01       1.98610e+00
  888  1.78e-03      2.70103e+00       5.00920e-01       1.96766e+00
  889  1.78e-03      2.73861e+00       5.51596e-01       2.00960e+00
  890  1.78e-03      2.71985e+00       5.53719e-01       1.99781e+00
  891  1.78e-03      2.72251e+00       4.03958e-01       1.94966e+00
  892  1.78e-03      2.72755e+00       5.12429e-01       1.98918e+00
  893  1.79e-03      2.72241e+00       5.67380e-01       2.00406e+00
  894  1.79e-03      2.74138e+00       5.74062e-01       2.01894e+00
  895  1.79e-03      2.72463e+00       4.52249e-01       1.96717e+00
  896  1.79e-03      2.74591e+00       5.30518e-01       2.00744e+00
  897  1.79e-03      2.73501e+00       5.78924e-01       2.01631e+00
  898  1.80e-03      2.73168e+00       5.69108e-01       2.01082e+00
  899  1.80e-03      2.71350e+00       3.80719e-01       1.93591e+00
  900  1.80e-03      2.71296e+00       4.60563e-01       1.96216e+00
  901  1.80e-03      2.70335e+00       5.35887e-01       1.98086e+00
  902  1.80e-03      2.70266e+00       5.99100e-01       2.00147e+00
  903  1.81e-03      2.71457e+00       4.98102e-01       1.97575e+00
  904  1.81e-03      2.71475e+00       5.58399e-01       1.99596e+00
  905  1.81e-03      2.71492e+00       5.77361e-01       2.00240e+00
  906  1.81e-03      2.72870e+00       5.91539e-01       2.01631e+00
  907  1.81e-03      2.73851e+00       4.69331e-01       1.98211e+00
  908  1.82e-03      2.70665e+00       5.11748e-01       1.97501e+00
  909  1.82e-03      2.72044e+00       5.60393e-01       2.00042e+00
  910  1.82e-03      2.74331e+00       5.58958e-01       2.01519e+00
  911  1.82e-03      2.72160e+00       5.11853e-01       1.98502e+00
  912  1.82e-03      2.71229e+00       5.17410e-01       1.98066e+00
  913  1.83e-03      2.71546e+00       5.69314e-01       2.00008e+00
  914  1.83e-03      2.72521e+00       5.23736e-01       1.99138e+00
  915  1.83e-03      2.72642e+00       4.72975e-01       1.97527e+00
  916  1.83e-03      2.70226e+00       5.12012e-01       1.97218e+00
  917  1.83e-03      2.69791e+00       5.20539e-01       1.97212e+00
  918  1.84e-03      2.71930e+00       5.10450e-01       1.98302e+00
  919  1.84e-03      2.71306e+00       4.93302e-01       1.97314e+00
  920  1.84e-03      2.69609e+00       5.56339e-01       1.98284e+00
  921  1.84e-03      2.69678e+00       5.69171e-01       1.98758e+00
  922  1.84e-03      2.71183e+00       5.75623e-01       1.99976e+00
  923  1.85e-03      2.70501e+00       4.55713e-01       1.95525e+00
  924  1.85e-03      2.72061e+00       5.99867e-01       2.01370e+00
  925  1.85e-03      2.72534e+00       5.71167e-01       2.00728e+00
  926  1.85e-03      2.72128e+00       4.48855e-01       1.96381e+00
  927  1.85e-03      2.74211e+00       4.74738e-01       1.98632e+00
  928  1.86e-03      2.74588e+00       5.75149e-01       2.02230e+00
  929  1.86e-03      2.74076e+00       5.18449e-01       1.99999e+00
  930  1.86e-03      2.70720e+00       5.82750e-01       1.99905e+00
  931  1.86e-03      2.73320e+00       4.70532e-01       1.97898e+00
  932  1.86e-03      2.72588e+00       5.63417e-01       2.00506e+00
  933  1.87e-03      2.69989e+00       6.07618e-01       2.00247e+00
  934  1.87e-03      2.69697e+00       5.71472e-01       1.98847e+00
  935  1.87e-03      2.68376e+00       4.70272e-01       1.94593e+00
  936  1.87e-03      2.69092e+00       5.04464e-01       1.96210e+00
  937  1.87e-03      2.67242e+00       5.18884e-01       1.95457e+00
  938  1.88e-03      2.66077e+00       5.49806e-01       1.95711e+00
  939  1.88e-03      2.64298e+00       4.88245e-01       1.92474e+00
  940  1.88e-03      2.66548e+00       4.93698e-01       1.94155e+00
  941  1.88e-03      2.66864e+00       5.51519e-01       1.96294e+00
  942  1.88e-03      2.67532e+00       5.97312e-01       1.98265e+00
  943  1.89e-03      2.65799e+00       4.15569e-01       1.91052e+00
  944  1.89e-03      2.65654e+00       6.07334e-01       1.97347e+00
  945  1.89e-03      2.66608e+00       5.61291e-01       1.96449e+00
  946  1.89e-03      2.68638e+00       4.92281e-01       1.95501e+00
  947  1.89e-03      2.66843e+00       4.73965e-01       1.93694e+00
  948  1.90e-03      2.65004e+00       5.05158e-01       1.93508e+00
  949  1.90e-03      2.68727e+00       6.02060e-01       1.99220e+00
  950  1.90e-03      2.67039e+00       5.21915e-01       1.95423e+00
  951  1.90e-03      2.65749e+00       6.06448e-01       1.97381e+00
  952  1.90e-03      2.63302e+00       5.33732e-01       1.93326e+00
  953  1.91e-03      2.62800e+00       7.15883e-01       1.99063e+00
  954  1.91e-03      2.61731e+00       5.44938e-01       1.92652e+00
  955  1.91e-03      2.60862e+00       4.55513e-01       1.89092e+00
  956  1.91e-03      2.59479e+00       4.66732e-01       1.88544e+00
  957  1.91e-03      2.56805e+00       6.14057e-01       1.91672e+00
  958  1.92e-03      2.57164e+00       4.96448e-01       1.87991e+00
  959  1.92e-03      2.56432e+00       6.20285e-01       1.91631e+00
  960  1.92e-03      2.55861e+00       5.59975e-01       1.89240e+00
  961  1.92e-03      2.56634e+00       6.50587e-01       1.92776e+00
  962  1.92e-03      2.54750e+00       4.04052e-01       1.83302e+00
  963  1.93e-03      2.54263e+00       6.32185e-01       1.90582e+00
  964  1.93e-03      2.54425e+00       5.62683e-01       1.88373e+00
  965  1.93e-03      2.55286e+00       7.17764e-01       1.94116e+00
  966  1.93e-03      2.56054e+00       4.02017e-01       1.84103e+00
  967  1.93e-03      2.56011e+00       5.10707e-01       1.87697e+00
  968  1.94e-03      2.54224e+00       5.75558e-01       1.88668e+00
  969  1.94e-03      2.55017e+00       6.79990e-01       1.92678e+00
  970  1.94e-03      2.52132e+00       5.98190e-01       1.88028e+00
  971  1.94e-03      2.51322e+00       5.67964e-01       1.86480e+00
  972  1.94e-03      2.50802e+00       6.43102e-01       1.88638e+00
  973  1.95e-03      2.52029e+00       6.54258e-01       1.89828e+00
  974  1.95e-03      2.51561e+00       5.08845e-01       1.84669e+00
  975  1.95e-03      2.50437e+00       4.72379e-01       1.82704e+00
  976  1.95e-03      2.48769e+00       6.09384e-01       1.86159e+00
  977  1.95e-03      2.49723e+00       6.20610e-01       1.87169e+00
  978  1.96e-03      2.50378e+00       5.46784e-01       1.85145e+00
  979  1.96e-03      2.47800e+00       6.11536e-01       1.85584e+00
  980  1.96e-03      2.50551e+00       6.12483e-01       1.87450e+00
  981  1.96e-03      2.50933e+00       5.72650e-01       1.86377e+00
  982  1.96e-03      2.50307e+00       5.71624e-01       1.85926e+00
  983  1.97e-03      2.50055e+00       4.93303e-01       1.83147e+00
  984  1.97e-03      2.49784e+00       6.05123e-01       1.86693e+00
  985  1.97e-03      2.50267e+00       5.55650e-01       1.85366e+00
  986  1.97e-03      2.49973e+00       5.31983e-01       1.84381e+00
  987  1.97e-03      2.53644e+00       4.61359e-01       1.84475e+00
  988  1.98e-03      2.53756e+00       6.59027e-01       1.91138e+00
  989  1.98e-03      2.50932e+00       6.18277e-01       1.87897e+00
  990  1.98e-03      2.50293e+00       5.78053e-01       1.86130e+00
  991  1.98e-03      2.52416e+00       6.16018e-01       1.88811e+00
  992  1.98e-03      2.52962e+00       5.40469e-01       1.86657e+00
  993  1.99e-03      2.51968e+00       5.52499e-01       1.86396e+00
  994  1.99e-03      2.51204e+00       5.50870e-01       1.85831e+00
  995  1.99e-03      2.49288e+00       5.64475e-01       1.85008e+00
  996  1.99e-03      2.50060e+00       6.34589e-01       1.87859e+00
  997  1.99e-03      2.49939e+00       5.44757e-01       1.84785e+00
  998  2.00e-03      2.50349e+00       6.04115e-01       1.87037e+00
  999  2.00e-03      2.48837e+00       5.99784e-01       1.85884e+00
