Delta = -2.586e+00 gamma
 step      t        T_in_plane/mK   T_out_of_plane/mK   T_tot/mK
    0  0.00e+00      5.10271e+00       0.00000e+00       3.40181e+00
    1  2.00e-06      5.00101e+00       8.01233e-04       3.33428e+00
    2  4.00e-06      5.01468e+00       2.75649e-03       3.34404e+00
    3  6.00e-06      5.04280e+00       4.18728e-03       3.36326e+00
    4  8.00e-06      5.01838e+00       7.15261e-03       3.34797e+00
    5  1.00e-05      4.98723e+00       7.29650e-03       3.32725e+00
    6  1.20e-05      4.95443e+00       8.43967e-03       3.30577e+00
    7  1.40e-05      4.94239e+00       1.09190e-02       3.29856e+00
    8  1.60e-05      4.97774e+00       1.07024e-02       3.32206e+00
    9  1.80e-05      4.93666e+00       1.39592e-02       3.29576e+00
   10  2.00e-05      4.95014e+00       1.36727e-02       3.30465e+00
   11  2.20e-05      4.97899e+00       1.42468e-02       3.32407e+00
   12  2.40e-05      4.98694e+00       1.54542e-02       3.32978e+00
   13  2.60e-05      5.03546e+00       2.58288e-02       3.36558e+00
   14  2.80e-05      5.05121e+00       2.19871e-02       3.37480e+00
   15  3.00e-05      5.02331e+00       2.59386e-02       3.35752e+00
   16  3.20e-05      5.07546e+00       2.77747e-02       3.39290e+00
   17  3.40e-05      5.11288e+00       3.05510e-02       3.41877e+00
   18  3.60e-05      5.09100e+00       2.89351e-02       3.40365e+00
   19  3.80e-05      5.09186e+00       3.44750e-02       3.40607e+00
   20  4.00e-05      5.11171e+00       3.05704e-02       3.41800e+00
   21  4.20e-05      5.10016e+00       3.36758e-02       3.41133e+00
   22  4.40e-05      5.09156e+00       4.19389e-02       3.40835e+00
   23  4.60e-05      5.06822e+00       4.02067e-02       3.39221e+00
   24  4.80e-05      5.04315e+00       4.73926e-02       3.37789e+00
   25  5.00e-05      5.01301e+00       4.26428e-02       3.35622e+00
   26  5.20e-05      5.01052e+00       5.19139e-02       3.35765e+00
   27  5.40e-05      5.01797e+00       6.13819e-02       3.36577e+00
   28  5.60e-05      5.06257e+00       4.95432e-02       3.39156e+00
   29  5.80e-05      5.05865e+00       6.75713e-02       3.39496e+00
   30  6.00e-05      5.04459e+00       5.94339e-02       3.38287e+00
   31  6.20e-05      5.05067e+00       5.42141e-02       3.38519e+00
   32  6.40e-05      5.06526e+00       6.41043e-02       3.39821e+00
   33  6.60e-05      5.04943e+00       6.63231e-02       3.38839e+00
   34  6.80e-05      5.05276e+00       7.54043e-02       3.39364e+00
   35  7.00e-05      5.00673e+00       5.73335e-02       3.35693e+00
   36  7.20e-05      5.01826e+00       7.77827e-02       3.37144e+00
   37  7.40e-05      4.99607e+00       6.84078e-02       3.35352e+00
   38  7.60e-05      5.03257e+00       6.54383e-02       3.37686e+00
   39  7.80e-05      5.03163e+00       8.36432e-02       3.38230e+00
   40  8.00e-05      5.02433e+00       7.86225e-02       3.37576e+00
   41  8.20e-05      5.06080e+00       9.01007e-02       3.40390e+00
   42  8.40e-05      5.08739e+00       7.28186e-02       3.41587e+00
   43  8.60e-05      5.09518e+00       7.06983e-02       3.42036e+00
   44  8.80e-05      5.10365e+00       9.26886e-02       3.43333e+00
   45  9.00e-05      5.10866e+00       1.06325e-01       3.44122e+00
   46  9.20e-05      5.16150e+00       9.39049e-02       3.47230e+00
   47  9.40e-05      5.12690e+00       6.99573e-02       3.44125e+00
   48  9.60e-05      5.08592e+00       8.21414e-02       3.41799e+00
   49  9.80e-05      5.08739e+00       1.11618e-01       3.42880e+00
   50  1.00e-04      5.09588e+00       9.27413e-02       3.42817e+00
   51  1.02e-04      5.09258e+00       8.35712e-02       3.42291e+00
   52  1.04e-04      5.12420e+00       9.78795e-02       3.44876e+00
   53  1.06e-04      5.20872e+00       1.32918e-01       3.51679e+00
   54  1.08e-04      5.19047e+00       9.52548e-02       3.49206e+00
   55  1.10e-04      5.13777e+00       9.13851e-02       3.45564e+00
   56  1.12e-04      5.19716e+00       1.03363e-01       3.49923e+00
   57  1.14e-04      5.16397e+00       1.19192e-01       3.48238e+00
   58  1.16e-04      5.13316e+00       1.09777e-01       3.45870e+00
   59  1.18e-04      5.13358e+00       9.75490e-02       3.45490e+00
   60  1.20e-04      5.09239e+00       1.04907e-01       3.42989e+00
   61  1.22e-04      5.06382e+00       1.18568e-01       3.41540e+00
   62  1.24e-04      5.07123e+00       1.14807e-01       3.41909e+00
   63  1.26e-04      5.05230e+00       1.06173e-01       3.40359e+00
   64  1.28e-04      5.08923e+00       1.24785e-01       3.43442e+00
   65  1.30e-04      5.06344e+00       1.40239e-01       3.42237e+00
   66  1.32e-04      5.04787e+00       1.29635e-01       3.40846e+00
   67  1.34e-04      5.04472e+00       1.01118e-01       3.39685e+00
   68  1.36e-04      5.01725e+00       1.21622e-01       3.38538e+00
   69  1.38e-04      5.03239e+00       1.50251e-01       3.40501e+00
   70  1.40e-04      5.00694e+00       1.12944e-01       3.37561e+00
   71  1.42e-04      4.98531e+00       1.22518e-01       3.36438e+00
   72  1.44e-04      4.99209e+00       1.54459e-01       3.37955e+00
   73  1.46e-04      5.01256e+00       1.71263e-01       3.39879e+00
   74  1.48e-04      4.96288e+00       1.46779e-01       3.35751e+00
   75  1.50e-04      4.97289e+00       1.39886e-01       3.36189e+00
   76  1.52e-04      5.00800e+00       1.49142e-01       3.38838e+00
   77  1.54e-04      4.99243e+00       1.56899e-01       3.38059e+00
   78  1.56e-04      4.98429e+00       1.62108e-01       3.37689e+00
   79  1.58e-04      4.98308e+00       1.59191e-01       3.37512e+00
   80  1.60e-04      4.99234e+00       1.60205e-01       3.38163e+00
   81  1.62e-04      5.04776e+00       1.68488e-01       3.42134e+00
   82  1.64e-04      5.05281e+00       1.65325e-01       3.42365e+00
   83  1.66e-04      5.06462e+00       1.46694e-01       3.42531e+00
   84  1.68e-04      5.04852e+00       1.57491e-01       3.41818e+00
   85  1.70e-04      5.04638e+00       2.04626e-01       3.43246e+00
   86  1.72e-04      5.06906e+00       1.66824e-01       3.43498e+00
   87  1.74e-04      5.10011e+00       1.67407e-01       3.45588e+00
   88  1.76e-04      5.04723e+00       1.88958e-01       3.42780e+00
   89  1.78e-04      5.03900e+00       1.83603e-01       3.42054e+00
   90  1.80e-04      5.01395e+00       1.88361e-01       3.40542e+00
   91  1.82e-04      5.07025e+00       1.54710e-01       3.43174e+00
   92  1.84e-04      5.06605e+00       2.09426e-01       3.44718e+00
   93  1.86e-04      5.02192e+00       2.13666e-01       3.41917e+00
   94  1.88e-04      5.02545e+00       1.77021e-01       3.40931e+00
   95  1.90e-04      5.02499e+00       2.13863e-01       3.42128e+00
   96  1.92e-04      5.00390e+00       1.90323e-01       3.39938e+00
   97  1.94e-04      5.01244e+00       2.15481e-01       3.41345e+00
   98  1.96e-04      5.01233e+00       2.23062e-01       3.41590e+00
   99  1.98e-04      5.01403e+00       1.76738e-01       3.40160e+00
  100  2.00e-04      4.99287e+00       2.07592e-01       3.39778e+00
  101  2.02e-04      5.01278e+00       2.19499e-01       3.41502e+00
  102  2.04e-04      4.97316e+00       2.15234e-01       3.38719e+00
  103  2.06e-04      4.94826e+00       1.73200e-01       3.35658e+00
  104  2.08e-04      4.93615e+00       2.14417e-01       3.36224e+00
  105  2.10e-04      4.91741e+00       2.22665e-01       3.35250e+00
  106  2.12e-04      4.93606e+00       2.04053e-01       3.35872e+00
  107  2.14e-04      4.92622e+00       1.66086e-01       3.33951e+00
  108  2.16e-04      4.93021e+00       1.94303e-01       3.35158e+00
  109  2.18e-04      4.93428e+00       2.11341e-01       3.35997e+00
  110  2.20e-04      4.97396e+00       1.62275e-01       3.37007e+00
  111  2.22e-04      5.01269e+00       2.19967e-01       3.41511e+00
  112  2.24e-04      5.06299e+00       2.35558e-01       3.45384e+00
  113  2.26e-04      5.05973e+00       1.87375e-01       3.43561e+00
  114  2.28e-04      5.06607e+00       2.34457e-01       3.45553e+00
  115  2.30e-04      5.03299e+00       2.43739e-01       3.43658e+00
  116  2.32e-04      5.06790e+00       2.36918e-01       3.45757e+00
  117  2.34e-04      5.06889e+00       2.46622e-01       3.46147e+00
  118  2.36e-04      5.07433e+00       2.08859e-01       3.45250e+00
  119  2.38e-04      5.08339e+00       2.47443e-01       3.47141e+00
  120  2.40e-04      5.09642e+00       2.70324e-01       3.48772e+00
  121  2.42e-04      5.13673e+00       2.90493e-01       3.52132e+00
  122  2.44e-04      5.12566e+00       2.48190e-01       3.49984e+00
  123  2.46e-04      5.12105e+00       2.10433e-01       3.48418e+00
  124  2.48e-04      5.13573e+00       2.52411e-01       3.50795e+00
  125  2.50e-04      5.07941e+00       2.73694e-01       3.47751e+00
  126  2.52e-04      5.09724e+00       2.42901e-01       3.47913e+00
  127  2.54e-04      5.07858e+00       1.78437e-01       3.44520e+00
  128  2.56e-04      5.10725e+00       2.25034e-01       3.47985e+00
  129  2.58e-04      5.07702e+00       2.79021e-01       3.47769e+00
  130  2.60e-04      5.08447e+00       2.25492e-01       3.46481e+00
  131  2.62e-04      5.07565e+00       2.16544e-01       3.45595e+00
  132  2.64e-04      5.11345e+00       2.17748e-01       3.48155e+00
  133  2.66e-04      5.09312e+00       2.48759e-01       3.47833e+00
  134  2.68e-04      5.06539e+00       2.48345e-01       3.45971e+00
  135  2.70e-04      5.03908e+00       2.37366e-01       3.43851e+00
  136  2.72e-04      5.09774e+00       2.04863e-01       3.46678e+00
  137  2.74e-04      5.11397e+00       2.66713e-01       3.49822e+00
  138  2.76e-04      5.11472e+00       2.80810e-01       3.50342e+00
  139  2.78e-04      5.09860e+00       2.23136e-01       3.47344e+00
  140  2.80e-04      5.13342e+00       2.34394e-01       3.50041e+00
  141  2.82e-04      5.11118e+00       3.00378e-01       3.50758e+00
  142  2.84e-04      5.09164e+00       2.59804e-01       3.48103e+00
  143  2.86e-04      5.05338e+00       2.23197e-01       3.44332e+00
  144  2.88e-04      5.08411e+00       3.01756e-01       3.48999e+00
  145  2.90e-04      5.07391e+00       2.71270e-01       3.47303e+00
  146  2.92e-04      5.06148e+00       2.69913e-01       3.46429e+00
  147  2.94e-04      5.04286e+00       2.05039e-01       3.43025e+00
  148  2.96e-04      5.05590e+00       2.49139e-01       3.45364e+00
  149  2.98e-04      5.05677e+00       2.89917e-01       3.46782e+00
  150  3.00e-04      5.02555e+00       2.41172e-01       3.43076e+00
  151  3.02e-04      5.00039e+00       2.47889e-01       3.41622e+00
  152  3.04e-04      5.05540e+00       2.05087e-01       3.43863e+00
  153  3.06e-04      5.09462e+00       3.04128e-01       3.49779e+00
  154  3.08e-04      5.09934e+00       2.60883e-01       3.48652e+00
  155  3.10e-04      5.08243e+00       2.54945e-01       3.47327e+00
  156  3.12e-04      5.05600e+00       2.07748e-01       3.43992e+00
  157  3.14e-04      5.06074e+00       2.53195e-01       3.45823e+00
  158  3.16e-04      5.01964e+00       3.24338e-01       3.45454e+00
  159  3.18e-04      5.03656e+00       2.42377e-01       3.43850e+00
  160  3.20e-04      5.05698e+00       2.32647e-01       3.44887e+00
  161  3.22e-04      5.10032e+00       2.82858e-01       3.49450e+00
  162  3.24e-04      5.11659e+00       2.69159e-01       3.50078e+00
  163  3.26e-04      5.05282e+00       3.28918e-01       3.47819e+00
  164  3.28e-04      5.07546e+00       2.29293e-01       3.46007e+00
  165  3.30e-04      5.09079e+00       2.85974e-01       3.48918e+00
  166  3.32e-04      5.07181e+00       2.64007e-01       3.46921e+00
  167  3.34e-04      5.07306e+00       3.11312e-01       3.48581e+00
  168  3.36e-04      5.08646e+00       2.82962e-01       3.48529e+00
  169  3.38e-04      5.08215e+00       2.52563e-01       3.47229e+00
  170  3.40e-04      5.08646e+00       2.92902e-01       3.48861e+00
  171  3.42e-04      5.12318e+00       2.66096e-01       3.50415e+00
  172  3.44e-04      5.08619e+00       2.58860e-01       3.47708e+00
  173  3.46e-04      5.07792e+00       2.76276e-01       3.47737e+00
  174  3.48e-04      5.08891e+00       3.16534e-01       3.49812e+00
  175  3.50e-04      5.14103e+00       2.75176e-01       3.51908e+00
  176  3.52e-04      5.09993e+00       2.05554e-01       3.46847e+00
  177  3.54e-04      5.11035e+00       3.09608e-01       3.51010e+00
  178  3.56e-04      5.11624e+00       2.70657e-01       3.50105e+00
  179  3.58e-04      5.15045e+00       2.98088e-01       3.53300e+00
  180  3.60e-04      5.09718e+00       2.40588e-01       3.47831e+00
  181  3.62e-04      5.12339e+00       2.70418e-01       3.50573e+00
  182  3.64e-04      5.07687e+00       3.11086e-01       3.48827e+00
  183  3.66e-04      5.06142e+00       2.94210e-01       3.47235e+00
  184  3.68e-04      5.01159e+00       2.99920e-01       3.44103e+00
  185  3.70e-04      5.05945e+00       2.78843e-01       3.46591e+00
  186  3.72e-04      5.02652e+00       2.89644e-01       3.44756e+00
  187  3.74e-04      5.05896e+00       2.81543e-01       3.46648e+00
  188  3.76e-04      5.02132e+00       2.75241e-01       3.43929e+00
  189  3.78e-04      5.02382e+00       2.55285e-01       3.43431e+00
  190  3.80e-04      5.05788e+00       3.21704e-01       3.47916e+00
  191  3.82e-04      5.10346e+00       2.70506e-01       3.49247e+00
  192  3.84e-04      5.07822e+00       2.97493e-01       3.48465e+00
  193  3.86e-04      5.06188e+00       2.99066e-01       3.47427e+00
  194  3.88e-04      5.04797e+00       2.61468e-01       3.45247e+00
  195  3.90e-04      5.03936e+00       2.85268e-01       3.45466e+00
  196  3.92e-04      5.02246e+00       2.57087e-01       3.43401e+00
  197  3.94e-04      5.03837e+00       2.98858e-01       3.45853e+00
  198  3.96e-04      5.05300e+00       2.80585e-01       3.46220e+00
  199  3.98e-04      5.05780e+00       3.27989e-01       3.48119e+00
  200  4.00e-04      5.11607e+00       2.86842e-01       3.50633e+00
  201  4.02e-04      5.10659e+00       3.24453e-01       3.51254e+00
  202  4.04e-04      5.09947e+00       2.70951e-01       3.48997e+00
  203  4.06e-04      5.07306e+00       3.71605e-01       3.50591e+00
  204  4.08e-04      5.06283e+00       3.18060e-01       3.48124e+00
  205  4.10e-04      5.10517e+00       3.07659e-01       3.50600e+00
  206  4.12e-04      5.11058e+00       2.99128e-01       3.50676e+00
  207  4.14e-04      5.07508e+00       3.22093e-01       3.49075e+00
  208  4.16e-04      5.06429e+00       3.09736e-01       3.47944e+00
  209  4.18e-04      5.03500e+00       3.41491e-01       3.47050e+00
  210  4.20e-04      5.00150e+00       2.94582e-01       3.43253e+00
  211  4.22e-04      4.99073e+00       3.54871e-01       3.44544e+00
  212  4.24e-04      4.96845e+00       3.87259e-01       3.44138e+00
  213  4.26e-04      4.97953e+00       3.19697e-01       3.42625e+00
  214  4.28e-04      4.99995e+00       3.11225e-01       3.43704e+00
  215  4.30e-04      4.97329e+00       3.22814e-01       3.42313e+00
  216  4.32e-04      4.95742e+00       2.99099e-01       3.40465e+00
  217  4.34e-04      4.95131e+00       3.78281e-01       3.42697e+00
  218  4.36e-04      5.02774e+00       2.82308e-01       3.44593e+00
  219  4.38e-04      5.03199e+00       3.33722e-01       3.46590e+00
  220  4.40e-04      5.03228e+00       3.52411e-01       3.47233e+00
  221  4.42e-04      5.02608e+00       3.55990e-01       3.46939e+00
  222  4.44e-04      5.06807e+00       3.13403e-01       3.48318e+00
  223  4.46e-04      5.05281e+00       3.40822e-01       3.48215e+00
  224  4.48e-04      5.07146e+00       3.48539e-01       3.49715e+00
  225  4.50e-04      5.06745e+00       3.64669e-01       3.49985e+00
  226  4.52e-04      5.06449e+00       3.59788e-01       3.49625e+00
  227  4.54e-04      5.05506e+00       3.45001e-01       3.48504e+00
  228  4.56e-04      5.07995e+00       3.67772e-01       3.50923e+00
  229  4.58e-04      5.08591e+00       3.58253e-01       3.51003e+00
  230  4.60e-04      5.09652e+00       4.37978e-01       3.54367e+00
  231  4.62e-04      5.07035e+00       3.94227e-01       3.51164e+00
  232  4.64e-04      5.13966e+00       3.51463e-01       3.54359e+00
  233  4.66e-04      5.16004e+00       3.82850e-01       3.56765e+00
  234  4.68e-04      5.14759e+00       3.55536e-01       3.55024e+00
  235  4.70e-04      5.14451e+00       4.30375e-01       3.57313e+00
  236  4.72e-04      5.12676e+00       3.82627e-01       3.54538e+00
  237  4.74e-04      5.15094e+00       3.26264e-01       3.54272e+00
  238  4.76e-04      5.17841e+00       3.54740e-01       3.57052e+00
  239  4.78e-04      5.15080e+00       4.21821e-01       3.57447e+00
  240  4.80e-04      5.17063e+00       4.08708e-01       3.58332e+00
  241  4.82e-04      5.17835e+00       4.25910e-01       3.59421e+00
  242  4.84e-04      5.21044e+00       3.32410e-01       3.58443e+00
  243  4.86e-04      5.19437e+00       3.69343e-01       3.58603e+00
  244  4.88e-04      5.21677e+00       4.20324e-01       3.61796e+00
  245  4.90e-04      5.14167e+00       4.97259e-01       3.59354e+00
  246  4.92e-04      5.18925e+00       3.60290e-01       3.57960e+00
  247  4.94e-04      5.18936e+00       4.48672e-01       3.60913e+00
  248  4.96e-04      5.21508e+00       3.86322e-01       3.60550e+00
  249  4.98e-04      5.22365e+00       4.99732e-01       3.64901e+00
  250  5.00e-04      5.21351e+00       4.21865e-01       3.61629e+00
  251  5.02e-04      5.22826e+00       3.90575e-01       3.61570e+00
  252  5.04e-04      5.22646e+00       4.35597e-01       3.62950e+00
  253  5.06e-04      5.23124e+00       4.08372e-01       3.62361e+00
  254  5.08e-04      5.17905e+00       4.87580e-01       3.61523e+00
  255  5.10e-04      5.22980e+00       4.48510e-01       3.63603e+00
  256  5.12e-04      5.23522e+00       3.76893e-01       3.61578e+00
  257  5.14e-04      5.23057e+00       4.54195e-01       3.63845e+00
  258  5.16e-04      5.28805e+00       4.10723e-01       3.66227e+00
  259  5.18e-04      5.33018e+00       4.46294e-01       3.70222e+00
  260  5.20e-04      5.35132e+00       4.29158e-01       3.71060e+00
  261  5.22e-04      5.39535e+00       4.02262e-01       3.73099e+00
  262  5.24e-04      5.45416e+00       3.88842e-01       3.76572e+00
  263  5.26e-04      5.44833e+00       5.24427e-01       3.80703e+00
  264  5.28e-04      5.42938e+00       3.53369e-01       3.73738e+00
  265  5.30e-04      5.46333e+00       4.22548e-01       3.78307e+00
  266  5.32e-04      5.45554e+00       4.17496e-01       3.77619e+00
  267  5.34e-04      5.50043e+00       4.54872e-01       3.81858e+00
  268  5.36e-04      5.49391e+00       4.51401e-01       3.81308e+00
  269  5.38e-04      5.55077e+00       4.28776e-01       3.84344e+00
  270  5.40e-04      5.59289e+00       4.54103e-01       3.87996e+00
  271  5.42e-04      5.61528e+00       4.85207e-01       3.90526e+00
  272  5.44e-04      5.62445e+00       4.69000e-01       3.90597e+00
  273  5.46e-04      5.62910e+00       4.84375e-01       3.91419e+00
  274  5.48e-04      5.61031e+00       4.85456e-01       3.90203e+00
  275  5.50e-04      5.64066e+00       3.75832e-01       3.88572e+00
  276  5.52e-04      5.67754e+00       5.06641e-01       3.95391e+00
  277  5.54e-04      5.76452e+00       4.67453e-01       3.99883e+00
  278  5.56e-04      5.74492e+00       4.98775e-01       3.99621e+00
  279  5.58e-04      5.71491e+00       4.76272e-01       3.96870e+00
  280  5.60e-04      5.72701e+00       4.69126e-01       3.97438e+00
  281  5.62e-04      5.74160e+00       5.26991e-01       4.00340e+00
  282  5.64e-04      5.71463e+00       4.98221e-01       3.97583e+00
  283  5.66e-04      5.74931e+00       4.77841e-01       3.99216e+00
  284  5.68e-04      5.75592e+00       4.31121e-01       3.98098e+00
  285  5.70e-04      5.74029e+00       4.84539e-01       3.98837e+00
  286  5.72e-04      5.68691e+00       4.24721e-01       3.93285e+00
  287  5.74e-04      5.75497e+00       5.68666e-01       4.02620e+00
  288  5.76e-04      5.67871e+00       4.25971e-01       3.92779e+00
  289  5.78e-04      5.72662e+00       5.46178e-01       3.99981e+00
  290  5.80e-04      5.69964e+00       5.35929e-01       3.97840e+00
  291  5.82e-04      5.72982e+00       4.67816e-01       3.97582e+00
  292  5.84e-04      5.68784e+00       5.51098e-01       3.97559e+00
  293  5.86e-04      5.70005e+00       4.80771e-01       3.96029e+00
  294  5.88e-04      5.73808e+00       5.71497e-01       4.01589e+00
  295  5.90e-04      5.75605e+00       5.77726e-01       4.02994e+00
  296  5.92e-04      5.76381e+00       5.19292e-01       4.01564e+00
  297  5.94e-04      5.78342e+00       5.28789e-01       4.03187e+00
  298  5.96e-04      5.83487e+00       5.77036e-01       4.08226e+00
  299  5.98e-04      5.86338e+00       5.81553e-01       4.10277e+00
  300  6.00e-04      5.88927e+00       5.51530e-01       4.11003e+00
  301  6.02e-04      5.89964e+00       5.40604e-01       4.11330e+00
  302  6.04e-04      5.86913e+00       5.60168e-01       4.09947e+00
  303  6.06e-04      5.90122e+00       6.32061e-01       4.14483e+00
  304  6.08e-04      5.96248e+00       5.70420e-01       4.16512e+00
  305  6.10e-04      5.95324e+00       4.71795e-01       4.12609e+00
  306  6.12e-04      5.94681e+00       5.17485e-01       4.13703e+00
  307  6.14e-04      5.97570e+00       4.98040e-01       4.14981e+00
  308  6.16e-04      5.98401e+00       5.54882e-01       4.17430e+00
  309  6.18e-04      6.02769e+00       5.31379e-01       4.19559e+00
  310  6.20e-04      6.01831e+00       5.33062e-01       4.18990e+00
  311  6.22e-04      6.02375e+00       5.52965e-01       4.20016e+00
  312  6.24e-04      6.04293e+00       6.69497e-01       4.25179e+00
  313  6.26e-04      6.04552e+00       5.67460e-01       4.21950e+00
  314  6.28e-04      6.03818e+00       5.87294e-01       4.22122e+00
  315  6.30e-04      5.97479e+00       4.22458e-01       4.12401e+00
  316  6.32e-04      6.02877e+00       6.54607e-01       4.23738e+00
  317  6.34e-04      6.02163e+00       5.29987e-01       4.19108e+00
  318  6.36e-04      6.09227e+00       5.67390e-01       4.25065e+00
  319  6.38e-04      6.03992e+00       5.28669e-01       4.20283e+00
  320  6.40e-04      6.13783e+00       6.15889e-01       4.29719e+00
  321  6.42e-04      6.11924e+00       4.87204e-01       4.24189e+00
  322  6.44e-04      6.22032e+00       7.33114e-01       4.39125e+00
  323  6.46e-04      6.23016e+00       5.22805e-01       4.32771e+00
  324  6.48e-04      6.24214e+00       6.84722e-01       4.38966e+00
  325  6.50e-04      6.19724e+00       6.71750e-01       4.35541e+00
  326  6.52e-04      6.20813e+00       5.94453e-01       4.33691e+00
  327  6.54e-04      6.23433e+00       6.30272e-01       4.36631e+00
  328  6.56e-04      6.27116e+00       5.91700e-01       4.37801e+00
  329  6.58e-04      6.23880e+00       5.61385e-01       4.34633e+00
  330  6.60e-04      6.30645e+00       6.26296e-01       4.41306e+00
  331  6.62e-04      6.28562e+00       4.83292e-01       4.35151e+00
  332  6.64e-04      6.32877e+00       7.39815e-01       4.46578e+00
  333  6.66e-04      6.32503e+00       6.82902e-01       4.44432e+00
  334  6.68e-04      6.36259e+00       6.04895e-01       4.44336e+00
  335  6.70e-04      6.33838e+00       6.12226e-01       4.42966e+00
  336  6.72e-04      6.35045e+00       6.10142e-01       4.43701e+00
  337  6.74e-04      6.26674e+00       6.65930e-01       4.39980e+00
  338  6.76e-04      6.34828e+00       6.71504e-01       4.45602e+00
  339  6.78e-04      6.34631e+00       4.64682e-01       4.38577e+00
  340  6.80e-04      6.40263e+00       6.71371e-01       4.49221e+00
  341  6.82e-04      6.32473e+00       6.40695e-01       4.43005e+00
  342  6.84e-04      6.30339e+00       6.69058e-01       4.42528e+00
  343  6.86e-04      6.34058e+00       6.23879e-01       4.43502e+00
  344  6.88e-04      6.34038e+00       6.44955e-01       4.44190e+00
  345  6.90e-04      6.34170e+00       6.73417e-01       4.45227e+00
  346  6.92e-04      6.34080e+00       7.25511e-01       4.46904e+00
  347  6.94e-04      6.35430e+00       6.27603e-01       4.44540e+00
  348  6.96e-04      6.32820e+00       6.63751e-01       4.44005e+00
  349  6.98e-04      6.37345e+00       7.73439e-01       4.50678e+00
  350  7.00e-04      6.37589e+00       5.73770e-01       4.44185e+00
  351  7.02e-04      6.42181e+00       5.60433e-01       4.46802e+00
  352  7.04e-04      6.39006e+00       6.26005e-01       4.46871e+00
  353  7.06e-04      6.38788e+00       6.05906e-01       4.46056e+00
  354  7.08e-04      6.36395e+00       7.30960e-01       4.48629e+00
  355  7.10e-04      6.39801e+00       5.05210e-01       4.43374e+00
  356  7.12e-04      6.35896e+00       6.57787e-01       4.45857e+00
  357  7.14e-04      6.33780e+00       7.47758e-01       4.47445e+00
  358  7.16e-04      6.31098e+00       8.37225e-01       4.48640e+00
  359  7.18e-04      6.36689e+00       6.57710e-01       4.46383e+00
  360  7.20e-04      6.33451e+00       5.68588e-01       4.41253e+00
  361  7.22e-04      6.32438e+00       5.86901e-01       4.41189e+00
  362  7.24e-04      6.27423e+00       9.08104e-01       4.48552e+00
  363  7.26e-04      6.33999e+00       5.44619e-01       4.40820e+00
  364  7.28e-04      6.30694e+00       5.68303e-01       4.39406e+00
  365  7.30e-04      6.36733e+00       7.27916e-01       4.48752e+00
  366  7.32e-04      6.34024e+00       7.30499e-01       4.47032e+00
  367  7.34e-04      6.35765e+00       8.24052e-01       4.51312e+00
  368  7.36e-04      6.33054e+00       6.97565e-01       4.45288e+00
  369  7.38e-04      6.31652e+00       5.59207e-01       4.39742e+00
  370  7.40e-04      6.30733e+00       8.71195e-01       4.49529e+00
  371  7.42e-04      6.34786e+00       6.80808e-01       4.45884e+00
  372  7.44e-04      6.35250e+00       7.19399e-01       4.47480e+00
  373  7.46e-04      6.37303e+00       6.24854e-01       4.45697e+00
  374  7.48e-04      6.28235e+00       6.39170e-01       4.40129e+00
  375  7.50e-04      6.30728e+00       8.67069e-01       4.49387e+00
  376  7.52e-04      6.29564e+00       6.95682e-01       4.42899e+00
  377  7.54e-04      6.33011e+00       6.52677e-01       4.43763e+00
  378  7.56e-04      6.28595e+00       7.83868e-01       4.45192e+00
  379  7.58e-04      6.28613e+00       6.87851e-01       4.42004e+00
  380  7.60e-04      6.24295e+00       8.09861e-01       4.43192e+00
  381  7.62e-04      6.23156e+00       7.78631e-01       4.41392e+00
  382  7.64e-04      6.21477e+00       6.11636e-01       4.34706e+00
  383  7.66e-04      6.27142e+00       7.31148e-01       4.42466e+00
  384  7.68e-04      6.23765e+00       6.74523e-01       4.38327e+00
  385  7.70e-04      6.24380e+00       7.34712e-01       4.40744e+00
  386  7.72e-04      6.23463e+00       7.66134e-01       4.41180e+00
  387  7.74e-04      6.22183e+00       7.99814e-01       4.41449e+00
  388  7.76e-04      6.24199e+00       6.37517e-01       4.37383e+00
  389  7.78e-04      6.26699e+00       9.24254e-01       4.48608e+00
  390  7.80e-04      6.23586e+00       6.62522e-01       4.37808e+00
  391  7.82e-04      6.27755e+00       8.14652e-01       4.45659e+00
  392  7.84e-04      6.22749e+00       7.01103e-01       4.38536e+00
  393  7.86e-04      6.23132e+00       6.76658e-01       4.37977e+00
  394  7.88e-04      6.27666e+00       8.00214e-01       4.45118e+00
  395  7.90e-04      6.24832e+00       7.95753e-01       4.43080e+00
  396  7.92e-04      6.21363e+00       6.96174e-01       4.37448e+00
  397  7.94e-04      6.19446e+00       8.33610e-01       4.40751e+00
  398  7.96e-04      6.22012e+00       6.18976e-01       4.35307e+00
  399  7.98e-04      6.20625e+00       7.91119e-01       4.40121e+00
  400  8.00e-04      6.20905e+00       7.28169e-01       4.38209e+00
  401  8.02e-04      6.20934e+00       8.01237e-01       4.40664e+00
  402  8.04e-04      6.14312e+00       7.44960e-01       4.34374e+00
  403  8.06e-04      6.12173e+00       7.67168e-01       4.33687e+00
  404  8.08e-04      6.16813e+00       7.61727e-01       4.36600e+00
  405  8.10e-04      6.16829e+00       7.69295e-01       4.36862e+00
  406  8.12e-04      6.20912e+00       5.39201e-01       4.31915e+00
  407  8.14e-04      6.18959e+00       7.88908e-01       4.38936e+00
  408  8.16e-04      6.18387e+00       8.18607e-01       4.39545e+00
  409  8.18e-04      6.15206e+00       7.29738e-01       4.34462e+00
  410  8.20e-04      6.12774e+00       8.14089e-01       4.35652e+00
  411  8.22e-04      6.06721e+00       8.82694e-01       4.33904e+00
  412  8.24e-04      6.03987e+00       7.21405e-01       4.26705e+00
  413  8.26e-04      6.00663e+00       8.94243e-01       4.30250e+00
  414  8.28e-04      6.03115e+00       7.27775e-01       4.26336e+00
  415  8.30e-04      5.98858e+00       8.16843e-01       4.26467e+00
  416  8.32e-04      6.08503e+00       7.50925e-01       4.30699e+00
  417  8.34e-04      6.10394e+00       7.81152e-01       4.32967e+00
  418  8.36e-04      6.13871e+00       7.86501e-01       4.35464e+00
  419  8.38e-04      6.14664e+00       6.98138e-01       4.33047e+00
  420  8.40e-04      6.21707e+00       6.78518e-01       4.37089e+00
  421  8.42e-04      6.14001e+00       8.13932e-01       4.36465e+00
  422  8.44e-04      6.13880e+00       7.01131e-01       4.32624e+00
  423  8.46e-04      6.09131e+00       9.14599e-01       4.36574e+00
  424  8.48e-04      6.16422e+00       7.50489e-01       4.35965e+00
  425  8.50e-04      6.21245e+00       6.72129e-01       4.36568e+00
  426  8.52e-04      6.22981e+00       7.41571e-01       4.40040e+00
  427  8.54e-04      6.19490e+00       7.17845e-01       4.36922e+00
  428  8.56e-04      6.21964e+00       6.25235e-01       4.35484e+00
  429  8.58e-04      6.18264e+00       7.71062e-01       4.37878e+00
  430  8.60e-04      6.19818e+00       6.89013e-01       4.36179e+00
  431  8.62e-04      6.23971e+00       8.68785e-01       4.44940e+00
  432  8.64e-04      6.23370e+00       8.37494e-01       4.43496e+00
  433  8.66e-04      6.22081e+00       6.63013e-01       4.36821e+00
  434  8.68e-04      6.21660e+00       7.89814e-01       4.40767e+00
  435  8.70e-04      6.21938e+00       8.67428e-01       4.43540e+00
  436  8.72e-04      6.16749e+00       7.36689e-01       4.35722e+00
  437  8.74e-04      6.16375e+00       8.73353e-01       4.40028e+00
  438  8.76e-04      6.13052e+00       5.85487e-01       4.28218e+00
  439  8.78e-04      6.14929e+00       9.15672e-01       4.40475e+00
  440  8.80e-04      6.12807e+00       8.79577e-01       4.37857e+00
  441  8.82e-04      6.19375e+00       7.01285e-01       4.36293e+00
  442  8.84e-04      6.20807e+00       7.91369e-01       4.40250e+00
  443  8.86e-04      6.24179e+00       8.19050e-01       4.43421e+00
  444  8.88e-04      6.21742e+00       8.04405e-01       4.41308e+00
  445  8.90e-04      6.19047e+00       9.64054e-01       4.44833e+00
  446  8.92e-04      6.19586e+00       6.60843e-01       4.35085e+00
  447  8.94e-04      6.18308e+00       8.24950e-01       4.39703e+00
  448  8.96e-04      6.21387e+00       8.24780e-01       4.41751e+00
  449  8.98e-04      6.21619e+00       7.81356e-01       4.40458e+00
  450  9.00e-04      6.23423e+00       8.23500e-01       4.43065e+00
  451  9.02e-04      6.23279e+00       7.57605e-01       4.40773e+00
  452  9.04e-04      6.21855e+00       7.71734e-01       4.40294e+00
  453  9.06e-04      6.26611e+00       9.52523e-01       4.49491e+00
  454  9.08e-04      6.30540e+00       6.33615e-01       4.41480e+00
  455  9.10e-04      6.29120e+00       7.88548e-01       4.45698e+00
  456  9.12e-04      6.30489e+00       7.58777e-01       4.45619e+00
  457  9.14e-04      6.27273e+00       8.08231e-01       4.45123e+00
  458  9.16e-04      6.27124e+00       8.46874e-01       4.46312e+00
  459  9.18e-04      6.28753e+00       7.89894e-01       4.45499e+00
  460  9.20e-04      6.30088e+00       9.15367e-01       4.50571e+00
  461  9.22e-04      6.32974e+00       8.37188e-01       4.49889e+00
  462  9.24e-04      6.34056e+00       6.55150e-01       4.44543e+00
  463  9.26e-04      6.39760e+00       7.95003e-01       4.53007e+00
  464  9.28e-04      6.32777e+00       8.58963e-01       4.50484e+00
  465  9.30e-04      6.35693e+00       7.02395e-01       4.47208e+00
  466  9.32e-04      6.25095e+00       9.51475e-01       4.48446e+00
  467  9.34e-04      6.27667e+00       6.93018e-01       4.41545e+00
  468  9.36e-04      6.23271e+00       8.68804e-01       4.44474e+00
  469  9.38e-04      6.24341e+00       8.15219e-01       4.43401e+00
  470  9.40e-04      6.25759e+00       7.43295e-01       4.41949e+00
  471  9.42e-04      6.26898e+00       7.50845e-01       4.42960e+00
  472  9.44e-04      6.26673e+00       8.68012e-01       4.46716e+00
  473  9.46e-04      6.25154e+00       7.54039e-01       4.41904e+00
  474  9.48e-04      6.21473e+00       8.74485e-01       4.43465e+00
  475  9.50e-04      6.25053e+00       7.04663e-01       4.40191e+00
  476  9.52e-04      6.25675e+00       8.64243e-01       4.45924e+00
  477  9.54e-04      6.24298e+00       7.23001e-01       4.40299e+00
  478  9.56e-04      6.24862e+00       8.57840e-01       4.45169e+00
  479  9.58e-04      6.22528e+00       7.84231e-01       4.41160e+00
  480  9.60e-04      6.22699e+00       8.99625e-01       4.45120e+00
  481  9.62e-04      6.27362e+00       7.44002e-01       4.43041e+00
  482  9.64e-04      6.21583e+00       8.85312e-01       4.43899e+00
  483  9.66e-04      6.25418e+00       6.95852e-01       4.40140e+00
  484  9.68e-04      6.23548e+00       8.11009e-01       4.42732e+00
  485  9.70e-04      6.20905e+00       8.48778e-01       4.42229e+00
  486  9.72e-04      6.23317e+00       8.98162e-01       4.45484e+00
  487  9.74e-04      6.28174e+00       8.01771e-01       4.45508e+00
  488  9.76e-04      6.28474e+00       9.50018e-01       4.50650e+00
  489  9.78e-04      6.26511e+00       8.09105e-01       4.44644e+00
  490  9.80e-04      6.19356e+00       7.88437e-01       4.39185e+00
  491  9.82e-04      6.19794e+00       9.12307e-01       4.43606e+00
  492  9.84e-04      6.19607e+00       6.94922e-01       4.36236e+00
  493  9.86e-04      6.22120e+00       8.41474e-01       4.42796e+00
  494  9.88e-04      6.21878e+00       7.56043e-01       4.39787e+00
  495  9.90e-04      6.18271e+00       9.75680e-01       4.44704e+00
  496  9.92e-04      6.18592e+00       8.56066e-01       4.40930e+00
  497  9.94e-04      6.19773e+00       7.06877e-01       4.36744e+00
  498  9.96e-04      6.22353e+00       8.61591e-01       4.43622e+00
  499  9.98e-04      6.23133e+00       8.50867e-01       4.43784e+00
  500  1.00e-03      6.23914e+00       7.55996e-01       4.41142e+00
  501  1.00e-03      6.22919e+00       8.04614e-01       4.42100e+00
  502  1.00e-03      6.22682e+00       6.65171e-01       4.37294e+00
  503  1.01e-03      6.23216e+00       7.42265e-01       4.40220e+00
  504  1.01e-03      6.27262e+00       8.28206e-01       4.45781e+00
  505  1.01e-03      6.27083e+00       8.02201e-01       4.44795e+00
  506  1.01e-03      6.35959e+00       7.82990e-01       4.50072e+00
  507  1.01e-03      6.25972e+00       7.63384e-01       4.42761e+00
  508  1.02e-03      6.29491e+00       7.80216e-01       4.45668e+00
  509  1.02e-03      6.26981e+00       1.00803e+00       4.51588e+00
  510  1.02e-03      6.30396e+00       7.34915e-01       4.44761e+00
  511  1.02e-03      6.32211e+00       7.34454e-01       4.45956e+00
  512  1.02e-03      6.32626e+00       7.90321e-01       4.48095e+00
  513  1.03e-03      6.36146e+00       7.84597e-01       4.50251e+00
  514  1.03e-03      6.42030e+00       9.18791e-01       4.58646e+00
  515  1.03e-03      6.45097e+00       7.70023e-01       4.55732e+00
  516  1.03e-03      6.43282e+00       7.50196e-01       4.53861e+00
  517  1.03e-03      6.43336e+00       8.97284e-01       4.58800e+00
  518  1.04e-03      6.44495e+00       8.04150e-01       4.56468e+00
  519  1.04e-03      6.43547e+00       7.14114e-01       4.52835e+00
  520  1.04e-03      6.46010e+00       8.30711e-01       4.58364e+00
  521  1.04e-03      6.42537e+00       6.94112e-01       4.51495e+00
  522  1.04e-03      6.49940e+00       9.44297e-01       4.64770e+00
  523  1.05e-03      6.52835e+00       8.46887e-01       4.63453e+00
  524  1.05e-03      6.55932e+00       8.90141e-01       4.66959e+00
  525  1.05e-03      6.55754e+00       8.56702e-01       4.65726e+00
  526  1.05e-03      6.54167e+00       7.10500e-01       4.59795e+00
  527  1.05e-03      6.57601e+00       7.72682e-01       4.64156e+00
  528  1.06e-03      6.59966e+00       7.75991e-01       4.65843e+00
  529  1.06e-03      6.49255e+00       7.34913e-01       4.57334e+00
  530  1.06e-03      6.47383e+00       9.22501e-01       4.62339e+00
  531  1.06e-03      6.46063e+00       8.29610e-01       4.58363e+00
  532  1.06e-03      6.47565e+00       7.83216e-01       4.57817e+00
  533  1.07e-03      6.41941e+00       8.68471e-01       4.56910e+00
  534  1.07e-03      6.43436e+00       8.20219e-01       4.56298e+00
  535  1.07e-03      6.49008e+00       8.88895e-01       4.62302e+00
  536  1.07e-03      6.47338e+00       8.84430e-01       4.61040e+00
  537  1.07e-03      6.47032e+00       8.22770e-01       4.58780e+00
  538  1.08e-03      6.44853e+00       8.71500e-01       4.58952e+00
  539  1.08e-03      6.46875e+00       8.32791e-01       4.59010e+00
  540  1.08e-03      6.47870e+00       8.86442e-01       4.61461e+00
  541  1.08e-03      6.52157e+00       8.32679e-01       4.62527e+00
  542  1.08e-03      6.46366e+00       7.53029e-01       4.56012e+00
  543  1.09e-03      6.49592e+00       9.93126e-01       4.66166e+00
  544  1.09e-03      6.49140e+00       9.60147e-01       4.64765e+00
  545  1.09e-03      6.52087e+00       7.91929e-01       4.61122e+00
  546  1.09e-03      6.53776e+00       9.27051e-01       4.66752e+00
  547  1.09e-03      6.60861e+00       7.77247e-01       4.66482e+00
  548  1.10e-03      6.58885e+00       7.82849e-01       4.65352e+00
  549  1.10e-03      6.61095e+00       9.29668e-01       4.71719e+00
  550  1.10e-03      6.56066e+00       8.31055e-01       4.65079e+00
  551  1.10e-03      6.59496e+00       8.61409e-01       4.68378e+00
  552  1.10e-03      6.60243e+00       8.16697e-01       4.67385e+00
  553  1.11e-03      6.57405e+00       8.81763e-01       4.67662e+00
  554  1.11e-03      6.56845e+00       9.28731e-01       4.68854e+00
  555  1.11e-03      6.59282e+00       8.54756e-01       4.68013e+00
  556  1.11e-03      6.66234e+00       8.94695e-01       4.73979e+00
  557  1.11e-03      6.68907e+00       9.46062e-01       4.77473e+00
  558  1.12e-03      6.67227e+00       8.51402e-01       4.73198e+00
  559  1.12e-03      6.69668e+00       9.85769e-01       4.79305e+00
  560  1.12e-03      6.66475e+00       9.76392e-01       4.76863e+00
  561  1.12e-03      6.69943e+00       8.79065e-01       4.75931e+00
  562  1.12e-03      6.69545e+00       8.61457e-01       4.75079e+00
  563  1.13e-03      6.73064e+00       8.37184e-01       4.76616e+00
  564  1.13e-03      6.68200e+00       8.28769e-01       4.73092e+00
  565  1.13e-03      6.77907e+00       9.94284e-01       4.85081e+00
  566  1.13e-03      6.71640e+00       7.27509e-01       4.72010e+00
  567  1.13e-03      6.79036e+00       8.29916e-01       4.80355e+00
  568  1.14e-03      6.78969e+00       9.62671e-01       4.84735e+00
  569  1.14e-03      6.84302e+00       9.77470e-01       4.88783e+00
  570  1.14e-03      6.81088e+00       9.02816e-01       4.84152e+00
  571  1.14e-03      6.79369e+00       8.13059e-01       4.80014e+00
  572  1.14e-03      6.73023e+00       8.27645e-01       4.76270e+00
  573  1.15e-03      6.80277e+00       9.62946e-01       4.85616e+00
  574  1.15e-03      6.77671e+00       8.48361e-01       4.80060e+00
  575  1.15e-03      6.78189e+00       9.44184e-01       4.83599e+00
  576  1.15e-03      6.78739e+00       8.23952e-01       4.79958e+00
  577  1.15e-03      6.84307e+00       8.25826e-01       4.83732e+00
  578  1.16e-03      6.81867e+00       9.83930e-01       4.87376e+00
  579  1.16e-03      6.86986e+00       9.27365e-01       4.88903e+00
  580  1.16e-03      6.83666e+00       8.62312e-01       4.84521e+00
  581  1.16e-03      6.92177e+00       9.88470e-01       4.94401e+00
  582  1.16e-03      6.91513e+00       8.35182e-01       4.88848e+00
  583  1.17e-03      6.96448e+00       8.91714e-01       4.94023e+00
  584  1.17e-03      6.97667e+00       9.02772e-01       4.95203e+00
  585  1.17e-03      6.92126e+00       8.61455e-01       4.90132e+00
  586  1.17e-03      6.98012e+00       8.74046e-01       4.94476e+00
  587  1.17e-03      7.08401e+00       8.61504e-01       5.00984e+00
  588  1.18e-03      7.05731e+00       9.47427e-01       5.02068e+00
  589  1.18e-03      7.08634e+00       1.06383e+00       5.07884e+00
  590  1.18e-03      7.17462e+00       8.27661e-01       5.05897e+00
  591  1.18e-03      7.21484e+00       9.10468e-01       5.11338e+00
  592  1.18e-03      7.15846e+00       8.43229e-01       5.05339e+00
  593  1.19e-03      7.17444e+00       9.62508e-01       5.10379e+00
  594  1.19e-03      7.15632e+00       1.07476e+00       5.12913e+00
  595  1.19e-03      7.10449e+00       7.83897e-01       4.99762e+00
  596  1.19e-03      7.21665e+00       9.04929e-01       5.11274e+00
  597  1.19e-03      7.21592e+00       1.14770e+00       5.19318e+00
  598  1.20e-03      7.15981e+00       8.51633e-01       5.05708e+00
  599  1.20e-03      7.15247e+00       9.29028e-01       5.07799e+00
  600  1.20e-03      7.24842e+00       8.75885e-01       5.12424e+00
  601  1.20e-03      7.26300e+00       8.51757e-01       5.12592e+00
  602  1.20e-03      7.32567e+00       9.64957e-01       5.20543e+00
  603  1.21e-03      7.35998e+00       9.44386e-01       5.22145e+00
  604  1.21e-03      7.38027e+00       9.27550e-01       5.22936e+00
  605  1.21e-03      7.37433e+00       9.69221e-01       5.23930e+00
  606  1.21e-03      7.40217e+00       8.93393e-01       5.23258e+00
  607  1.21e-03      7.32026e+00       1.07602e+00       5.23885e+00
  608  1.22e-03      7.32163e+00       8.74967e-01       5.17274e+00
  609  1.22e-03      7.34130e+00       1.12441e+00       5.26901e+00
  610  1.22e-03      7.41907e+00       1.07866e+00       5.30560e+00
  611  1.22e-03      7.40879e+00       9.75208e-01       5.26426e+00
  612  1.22e-03      7.47163e+00       1.02776e+00       5.32367e+00
  613  1.23e-03      7.41207e+00       1.09607e+00       5.30674e+00
  614  1.23e-03      7.46529e+00       7.94169e-01       5.24158e+00
  615  1.23e-03      7.36656e+00       1.04717e+00       5.26009e+00
  616  1.23e-03      7.44048e+00       1.01617e+00       5.29904e+00
  617  1.23e-03      7.40369e+00       9.03317e-01       5.23690e+00
  618  1.24e-03      7.41969e+00       8.88866e-01       5.24275e+00
  619  1.24e-03      7.41398e+00       1.07750e+00       5.30182e+00
  620  1.24e-03      7.49539e+00       1.04961e+00       5.34680e+00
  621  1.24e-03      7.47260e+00       9.85976e-01       5.31039e+00
  622  1.24e-03      7.52762e+00       1.10560e+00       5.38694e+00
  623  1.25e-03      7.49362e+00       1.10103e+00       5.36276e+00
  624  1.25e-03      7.58740e+00       8.85698e-01       5.35350e+00
  625  1.25e-03      7.56998e+00       9.99275e-01       5.37975e+00
  626  1.25e-03      7.55969e+00       1.01817e+00       5.37918e+00
  627  1.25e-03      7.52381e+00       7.18771e-01       5.25546e+00
  628  1.26e-03      7.59042e+00       9.98512e-01       5.39312e+00
  629  1.26e-03      7.57953e+00       1.11401e+00       5.42436e+00
  630  1.26e-03      7.61305e+00       1.01316e+00       5.41308e+00
  631  1.26e-03      7.56592e+00       9.83982e-01       5.37194e+00
  632  1.26e-03      7.57410e+00       1.18513e+00       5.44445e+00
  633  1.27e-03      7.56076e+00       1.10645e+00       5.40932e+00
  634  1.27e-03      7.65849e+00       1.06445e+00       5.46048e+00
  635  1.27e-03      7.67310e+00       1.02557e+00       5.45725e+00
  636  1.27e-03      7.78170e+00       1.12150e+00       5.56163e+00
  637  1.27e-03      7.76779e+00       9.41983e-01       5.49252e+00
  638  1.28e-03      7.83450e+00       8.80135e-01       5.51638e+00
  639  1.28e-03      7.81274e+00       1.06472e+00       5.56340e+00
  640  1.28e-03      7.91896e+00       1.00975e+00       5.61589e+00
  641  1.28e-03      7.95113e+00       9.79585e-01       5.62728e+00
  642  1.28e-03      7.94232e+00       1.12699e+00       5.67054e+00
  643  1.29e-03      7.96879e+00       9.64545e-01       5.63404e+00
  644  1.29e-03      7.93024e+00       1.08256e+00       5.64768e+00
  645  1.29e-03      7.87610e+00       1.08189e+00       5.61136e+00
  646  1.29e-03      7.92174e+00       1.03702e+00       5.62684e+00
  647  1.29e-03      7.94363e+00       8.03530e-01       5.56360e+00
  648  1.30e-03      7.95738e+00       9.43100e-01       5.61928e+00
  649  1.30e-03      7.98719e+00       1.08477e+00       5.68638e+00
  650  1.30e-03      7.97350e+00       9.63483e-01       5.63683e+00
  651  1.30e-03      8.11471e+00       8.35233e-01       5.68822e+00
  652  1.30e-03      7.99842e+00       1.02550e+00       5.67412e+00
  653  1.31e-03      8.04904e+00       1.05955e+00       5.71921e+00
  654  1.31e-03      8.04106e+00       1.03492e+00       5.70568e+00
  655  1.31e-03      8.08097e+00       1.21170e+00       5.79121e+00
  656  1.31e-03      8.05209e+00       1.18458e+00       5.76292e+00
  657  1.31e-03      8.14724e+00       1.08859e+00       5.79436e+00
  658  1.32e-03      8.10415e+00       1.12580e+00       5.77803e+00
  659  1.32e-03      8.14080e+00       1.19420e+00       5.82527e+00
  660  1.32e-03      8.12093e+00       1.01200e+00       5.75128e+00
  661  1.32e-03      8.18134e+00       1.03118e+00       5.79795e+00
  662  1.32e-03      8.14940e+00       9.15595e-01       5.73813e+00
  663  1.33e-03      8.20000e+00       1.03279e+00       5.81093e+00
  664  1.33e-03      8.17222e+00       1.05430e+00       5.79958e+00
  665  1.33e-03      8.19724e+00       1.23346e+00       5.87598e+00
  666  1.33e-03      8.16800e+00       9.69643e-01       5.76855e+00
  667  1.33e-03      8.25384e+00       8.79658e-01       5.79578e+00
  668  1.34e-03      8.19746e+00       1.18405e+00       5.85966e+00
  669  1.34e-03      8.17461e+00       1.16279e+00       5.83733e+00
  670  1.34e-03      8.13014e+00       8.30643e-01       5.69697e+00
  671  1.34e-03      8.23590e+00       1.23941e+00       5.90374e+00
  672  1.34e-03      8.18714e+00       1.13639e+00       5.83689e+00
  673  1.35e-03      8.24758e+00       9.89088e-01       5.82808e+00
  674  1.35e-03      8.25549e+00       1.01023e+00       5.84040e+00
  675  1.35e-03      8.34004e+00       1.36824e+00       6.01611e+00
  676  1.35e-03      8.31888e+00       1.26354e+00       5.96710e+00
  677  1.35e-03      8.32707e+00       1.11860e+00       5.92424e+00
  678  1.36e-03      8.36814e+00       1.15944e+00       5.96524e+00
  679  1.36e-03      8.37249e+00       1.21427e+00       5.98642e+00
  680  1.36e-03      8.32478e+00       1.16238e+00       5.93732e+00
  681  1.36e-03      8.46575e+00       1.24869e+00       6.06006e+00
  682  1.36e-03      8.38994e+00       1.18215e+00       5.98734e+00
  683  1.37e-03      8.47748e+00       9.81980e-01       5.97898e+00
  684  1.37e-03      8.54237e+00       1.28012e+00       6.12162e+00
  685  1.37e-03      8.54319e+00       1.27776e+00       6.12138e+00
  686  1.37e-03      8.46757e+00       9.61854e-01       5.96567e+00
  687  1.37e-03      8.47875e+00       1.05155e+00       6.00302e+00
  688  1.38e-03      8.45394e+00       1.12560e+00       6.01116e+00
  689  1.38e-03      8.48036e+00       9.81908e-01       5.98088e+00
  690  1.38e-03      8.40975e+00       1.04354e+00       5.95434e+00
  691  1.38e-03      8.40020e+00       1.20926e+00       6.00322e+00
  692  1.38e-03      8.40332e+00       1.20598e+00       6.00421e+00
  693  1.39e-03      8.40035e+00       1.03921e+00       5.94663e+00
  694  1.39e-03      8.44654e+00       1.08631e+00       5.99313e+00
  695  1.39e-03      8.45024e+00       1.25577e+00       6.05209e+00
  696  1.39e-03      8.45682e+00       9.51529e-01       5.95505e+00
  697  1.39e-03      8.49743e+00       1.11260e+00       6.03582e+00
  698  1.40e-03      8.52820e+00       1.18178e+00       6.07939e+00
  699  1.40e-03      8.55896e+00       1.14939e+00       6.08910e+00
  700  1.40e-03      8.58750e+00       1.13687e+00       6.10396e+00
  701  1.40e-03      8.64396e+00       1.33687e+00       6.20827e+00
  702  1.40e-03      8.66830e+00       1.17963e+00       6.17208e+00
  703  1.41e-03      8.62155e+00       1.11969e+00       6.12093e+00
  704  1.41e-03      8.69346e+00       1.19822e+00       6.19505e+00
  705  1.41e-03      8.71886e+00       1.32004e+00       6.25259e+00
  706  1.41e-03      8.73985e+00       9.90578e-01       6.15676e+00
  707  1.41e-03      8.75573e+00       1.24889e+00       6.25345e+00
  708  1.42e-03      8.75955e+00       1.35890e+00       6.29267e+00
  709  1.42e-03      8.79427e+00       1.02764e+00       6.20539e+00
  710  1.42e-03      8.84299e+00       9.47840e-01       6.21128e+00
  711  1.42e-03      8.72894e+00       1.26077e+00       6.23955e+00
  712  1.42e-03      8.73209e+00       1.14609e+00       6.20342e+00
  713  1.43e-03      8.66282e+00       9.47621e-01       6.09109e+00
  714  1.43e-03      8.67907e+00       1.15621e+00       6.17145e+00
  715  1.43e-03      8.61956e+00       1.13710e+00       6.12541e+00
  716  1.43e-03      8.66373e+00       1.17134e+00       6.16627e+00
  717  1.43e-03      8.67798e+00       1.13415e+00       6.16337e+00
  718  1.44e-03      8.74472e+00       1.29676e+00       6.26207e+00
  719  1.44e-03      8.72252e+00       1.21326e+00       6.21944e+00
  720  1.44e-03      8.82211e+00       1.18588e+00       6.27670e+00
  721  1.44e-03      8.78088e+00       1.20667e+00       6.25615e+00
  722  1.44e-03      8.85904e+00       1.22300e+00       6.31369e+00
  723  1.45e-03      8.79681e+00       9.32590e-01       6.17540e+00
  724  1.45e-03      8.90415e+00       1.47859e+00       6.42896e+00
  725  1.45e-03      8.86144e+00       1.34194e+00       6.35494e+00
  726  1.45e-03      8.94448e+00       1.15990e+00       6.34962e+00
  727  1.45e-03      8.92751e+00       1.23426e+00       6.36309e+00
  728  1.46e-03      9.03046e+00       1.24148e+00       6.43413e+00
  729  1.46e-03      8.96648e+00       1.24753e+00       6.39350e+00
  730  1.46e-03      8.99303e+00       1.21891e+00       6.40165e+00
  731  1.46e-03      8.98463e+00       1.25879e+00       6.40935e+00
  732  1.46e-03      9.12134e+00       1.12308e+00       6.45525e+00
  733  1.47e-03      9.09644e+00       9.45863e-01       6.37958e+00
  734  1.47e-03      9.10958e+00       1.27496e+00       6.49804e+00
  735  1.47e-03      9.06698e+00       1.45637e+00       6.53011e+00
  736  1.47e-03      9.10109e+00       8.68649e-01       6.35694e+00
  737  1.47e-03      9.07402e+00       1.30668e+00       6.48490e+00
  738  1.48e-03      9.13386e+00       1.35723e+00       6.54165e+00
  739  1.48e-03      9.13566e+00       1.30625e+00       6.52585e+00
  740  1.48e-03      9.20482e+00       1.21979e+00       6.54314e+00
  741  1.48e-03      9.16053e+00       1.19501e+00       6.50536e+00
  742  1.48e-03      9.20152e+00       1.10242e+00       6.50182e+00
  743  1.49e-03      9.32609e+00       1.20153e+00       6.61790e+00
  744  1.49e-03      9.33421e+00       1.27358e+00       6.64733e+00
  745  1.49e-03      9.30349e+00       1.40484e+00       6.67060e+00
  746  1.49e-03      9.31204e+00       1.04288e+00       6.55565e+00
  747  1.49e-03      9.32739e+00       1.18644e+00       6.61374e+00
  748  1.50e-03      9.41680e+00       1.37859e+00       6.73740e+00
  749  1.50e-03      9.36391e+00       1.10655e+00       6.61145e+00
  750  1.50e-03      9.32366e+00       1.15435e+00       6.60056e+00
  751  1.50e-03      9.39292e+00       1.32731e+00       6.70438e+00
  752  1.50e-03      9.43817e+00       1.20799e+00       6.69477e+00
  753  1.51e-03      9.51303e+00       1.15429e+00       6.72679e+00
  754  1.51e-03      9.54150e+00       1.36170e+00       6.81490e+00
  755  1.51e-03      9.56862e+00       1.25541e+00       6.79755e+00
  756  1.51e-03      9.53072e+00       1.14096e+00       6.73413e+00
  757  1.51e-03      9.62401e+00       1.19143e+00       6.81315e+00
  758  1.52e-03      9.62208e+00       1.48264e+00       6.90893e+00
  759  1.52e-03      9.67547e+00       1.21925e+00       6.85673e+00
  760  1.52e-03      9.60756e+00       1.25525e+00       6.82346e+00
  761  1.52e-03      9.66209e+00       1.42561e+00       6.91660e+00
  762  1.52e-03      9.62897e+00       1.46195e+00       6.90663e+00
  763  1.53e-03      9.71568e+00       1.04109e+00       6.82415e+00
  764  1.53e-03      9.63499e+00       1.21888e+00       6.82962e+00
  765  1.53e-03      9.73928e+00       1.19753e+00       6.89203e+00
  766  1.53e-03      9.69645e+00       1.45612e+00       6.94968e+00
  767  1.53e-03      9.80117e+00       1.36853e+00       6.99029e+00
  768  1.54e-03      9.70228e+00       1.29412e+00       6.89956e+00
  769  1.54e-03      9.75782e+00       1.16859e+00       6.89475e+00
  770  1.54e-03      9.66353e+00       1.18751e+00       6.83819e+00
  771  1.54e-03      9.73136e+00       1.32471e+00       6.92914e+00
  772  1.54e-03      9.71403e+00       1.32193e+00       6.91666e+00
  773  1.55e-03      9.72862e+00       1.03656e+00       6.83127e+00
  774  1.55e-03      9.68157e+00       1.33842e+00       6.90052e+00
  775  1.55e-03      9.74084e+00       1.23016e+00       6.90394e+00
  776  1.55e-03      9.68923e+00       1.42121e+00       6.93322e+00
  777  1.55e-03      9.66903e+00       1.48710e+00       6.94172e+00
  778  1.56e-03      9.66019e+00       1.33387e+00       6.88475e+00
  779  1.56e-03      9.81467e+00       1.30013e+00       6.97649e+00
  780  1.56e-03      9.77999e+00       1.30173e+00       6.95390e+00
  781  1.56e-03      9.85561e+00       1.38045e+00       7.03056e+00
  782  1.56e-03      9.91483e+00       1.36418e+00       7.06462e+00
  783  1.57e-03      9.87528e+00       1.25685e+00       7.00247e+00
  784  1.57e-03      9.85317e+00       1.14424e+00       6.95020e+00
  785  1.57e-03      1.00007e+01       1.41568e+00       7.13902e+00
  786  1.57e-03      9.97557e+00       1.31648e+00       7.08921e+00
  787  1.57e-03      1.01219e+01       1.32792e+00       7.19055e+00
  788  1.58e-03      1.01568e+01       1.08584e+00       7.13312e+00
  789  1.58e-03      1.01700e+01       1.21120e+00       7.18373e+00
  790  1.58e-03      1.01711e+01       1.28539e+00       7.20922e+00
  791  1.58e-03      1.01901e+01       1.28609e+00       7.22211e+00
  792  1.58e-03      1.01792e+01       1.31382e+00       7.22407e+00
  793  1.59e-03      1.02548e+01       1.49356e+00       7.33439e+00
  794  1.59e-03      1.02654e+01       1.18603e+00       7.23891e+00
  795  1.59e-03      1.02127e+01       1.34674e+00       7.25737e+00
  796  1.59e-03      1.02298e+01       1.26367e+00       7.24111e+00
  797  1.59e-03      1.02753e+01       1.31616e+00       7.28894e+00
  798  1.60e-03      1.02646e+01       1.52747e+00       7.35225e+00
  799  1.60e-03      1.02470e+01       1.49947e+00       7.33117e+00
  800  1.60e-03      1.03147e+01       1.44160e+00       7.35697e+00
  801  1.60e-03      1.03447e+01       1.51565e+00       7.40167e+00
  802  1.60e-03      1.02492e+01       1.26542e+00       7.25462e+00
  803  1.61e-03      1.02769e+01       1.57042e+00       7.37477e+00
  804  1.61e-03      1.03569e+01       1.30190e+00       7.33854e+00
  805  1.61e-03      1.03949e+01       1.21253e+00       7.33409e+00
  806  1.61e-03      1.04333e+01       1.40485e+00       7.42381e+00
  807  1.61e-03      1.04592e+01       1.31435e+00       7.41089e+00
  808  1.62e-03      1.04989e+01       1.46976e+00       7.48916e+00
  809  1.62e-03      1.04377e+01       1.27497e+00       7.38345e+00
  810  1.62e-03      1.05250e+01       1.24887e+00       7.43293e+00
  811  1.62e-03      1.04763e+01       1.36473e+00       7.43911e+00
  812  1.62e-03      1.05464e+01       1.27829e+00       7.45704e+00
  813  1.63e-03      1.05606e+01       1.36456e+00       7.49525e+00
  814  1.63e-03      1.06757e+01       1.49072e+00       7.61404e+00
  815  1.63e-03      1.06620e+01       9.50983e-01       7.42498e+00
  816  1.63e-03      1.07906e+01       1.56472e+00       7.71529e+00
  817  1.63e-03      1.07188e+01       1.41541e+00       7.61764e+00
  818  1.64e-03      1.07674e+01       1.20557e+00       7.58010e+00
  819  1.64e-03      1.08168e+01       1.36609e+00       7.66654e+00
  820  1.64e-03      1.08508e+01       1.56572e+00       7.75575e+00
  821  1.64e-03      1.08437e+01       1.46866e+00       7.71866e+00
  822  1.64e-03      1.08667e+01       1.43849e+00       7.72397e+00
  823  1.65e-03      1.07493e+01       1.34744e+00       7.61533e+00
  824  1.65e-03      1.08227e+01       1.55198e+00       7.73247e+00
  825  1.65e-03      1.07801e+01       1.39976e+00       7.65334e+00
  826  1.65e-03      1.08674e+01       1.27969e+00       7.67151e+00
  827  1.65e-03      1.08510e+01       1.71595e+00       7.80597e+00
  828  1.66e-03      1.09170e+01       1.15118e+00       7.66170e+00
  829  1.66e-03      1.10091e+01       1.24723e+00       7.75513e+00
  830  1.66e-03      1.10330e+01       1.48379e+00       7.84990e+00
  831  1.66e-03      1.09364e+01       1.31300e+00       7.72860e+00
  832  1.66e-03      1.09967e+01       1.32655e+00       7.77330e+00
  833  1.67e-03      1.09846e+01       1.34213e+00       7.77045e+00
  834  1.67e-03      1.09196e+01       1.30735e+00       7.71549e+00
  835  1.67e-03      1.09190e+01       1.60387e+00       7.81399e+00
  836  1.67e-03      1.09524e+01       1.10459e+00       7.66982e+00
  837  1.67e-03      1.09067e+01       1.51739e+00       7.77692e+00
  838  1.68e-03      1.10130e+01       1.52355e+00       7.84987e+00
  839  1.68e-03      1.10416e+01       1.36717e+00       7.81680e+00
  840  1.68e-03      1.10864e+01       1.84734e+00       8.00673e+00
  841  1.68e-03      1.11262e+01       1.40310e+00       7.88516e+00
  842  1.68e-03      1.10395e+01       1.39672e+00       7.82526e+00
  843  1.69e-03      1.10184e+01       1.70368e+00       7.91351e+00
  844  1.69e-03      1.09953e+01       1.48149e+00       7.82402e+00
  845  1.69e-03      1.09624e+01       1.52330e+00       7.81600e+00
  846  1.69e-03      1.09683e+01       1.66936e+00       7.86868e+00
  847  1.69e-03      1.09478e+01       1.18307e+00       7.69288e+00
  848  1.70e-03      1.09407e+01       1.58335e+00       7.82157e+00
  849  1.70e-03      1.10543e+01       1.40693e+00       7.83849e+00
  850  1.70e-03      1.09595e+01       1.48139e+00       7.80014e+00
  851  1.70e-03      1.11177e+01       1.42637e+00       7.88722e+00
  852  1.70e-03      1.11770e+01       1.28800e+00       7.88069e+00
  853  1.71e-03      1.11366e+01       1.57809e+00       7.95041e+00
  854  1.71e-03      1.10978e+01       1.78798e+00       7.99451e+00
  855  1.71e-03      1.12340e+01       1.27906e+00       7.91568e+00
  856  1.71e-03      1.12743e+01       1.42214e+00       7.99024e+00
  857  1.71e-03      1.13671e+01       1.42129e+00       8.05184e+00
  858  1.72e-03      1.13576e+01       1.54631e+00       8.08714e+00
  859  1.72e-03      1.13749e+01       1.71241e+00       8.15407e+00
  860  1.72e-03      1.14114e+01       1.51493e+00       8.11257e+00
  861  1.72e-03      1.14472e+01       1.53024e+00       8.14152e+00
  862  1.72e-03      1.14120e+01       1.78995e+00       8.20465e+00
  863  1.73e-03      1.14152e+01       1.42675e+00       8.08574e+00
  864  1.73e-03      1.14343e+01       1.90022e+00       8.25629e+00
  865  1.73e-03      1.14557e+01       1.26040e+00       8.05729e+00
  866  1.73e-03      1.15045e+01       1.10793e+00       8.03900e+00
  867  1.73e-03      1.14792e+01       1.53178e+00       8.16338e+00
  868  1.74e-03      1.15321e+01       1.39125e+00       8.15181e+00
  869  1.74e-03      1.15413e+01       1.41350e+00       8.16539e+00
  870  1.74e-03      1.15404e+01       1.46633e+00       8.18236e+00
  871  1.74e-03      1.16109e+01       1.37724e+00       8.19966e+00
  872  1.74e-03      1.15659e+01       1.58347e+00       8.23842e+00
  873  1.75e-03      1.17014e+01       1.75241e+00       8.38506e+00
  874  1.75e-03      1.17297e+01       1.36705e+00       8.27548e+00
  875  1.75e-03      1.16686e+01       1.86330e+00       8.40020e+00
  876  1.75e-03      1.16366e+01       1.31532e+00       8.19615e+00
  877  1.75e-03      1.16518e+01       1.72902e+00       8.34421e+00
  878  1.76e-03      1.15661e+01       1.61338e+00       8.24851e+00
  879  1.76e-03      1.16192e+01       1.67380e+00       8.30406e+00
  880  1.76e-03      1.16342e+01       1.52427e+00       8.26420e+00
  881  1.76e-03      1.17782e+01       1.57089e+00       8.37574e+00
  882  1.76e-03      1.18899e+01       1.55024e+00       8.44334e+00
  883  1.77e-03      1.18437e+01       1.65406e+00       8.44717e+00
  884  1.77e-03      1.19161e+01       1.53455e+00       8.45556e+00
  885  1.77e-03      1.19864e+01       1.72193e+00       8.56492e+00
  886  1.77e-03      1.19120e+01       1.64798e+00       8.49068e+00
  887  1.77e-03      1.20491e+01       1.49878e+00       8.53234e+00
  888  1.78e-03      1.20752e+01       1.47779e+00       8.54273e+00
  889  1.78e-03      1.21024e+01       1.31758e+00       8.50747e+00
  890  1.78e-03      1.20818e+01       1.56152e+00       8.57505e+00
  891  1.78e-03      1.20471e+01       1.47060e+00       8.52162e+00
  892  1.78e-03      1.20422e+01       1.45912e+00       8.51449e+00
  893  1.79e-03      1.20329e+01       1.71210e+00       8.59262e+00
  894  1.79e-03      1.19999e+01       1.67469e+00       8.55816e+00
  895  1.79e-03      1.20802e+01       1.59962e+00       8.58670e+00
  896  1.79e-03      1.21216e+01       1.73622e+00       8.65983e+00
  897  1.79e-03      1.20939e+01       1.50815e+00       8.56532e+00
  898  1.80e-03      1.22251e+01       1.45709e+00       8.63579e+00
  899  1.80e-03      1.22296e+01       1.38810e+00       8.61574e+00
  900  1.80e-03      1.22894e+01       1.70960e+00       8.76279e+00
  901  1.80e-03      1.23345e+01       1.80980e+00       8.82626e+00
  902  1.80e-03      1.23348e+01       1.27534e+00       8.64832e+00
  903  1.81e-03      1.24327e+01       1.39498e+00       8.75345e+00
  904  1.81e-03      1.25087e+01       1.53919e+00       8.85220e+00
  905  1.81e-03      1.24860e+01       1.38145e+00       8.78450e+00
  906  1.81e-03      1.26166e+01       1.72762e+00       8.98692e+00
  907  1.81e-03      1.26559e+01       1.47119e+00       8.92764e+00
  908  1.82e-03      1.26962e+01       1.34228e+00       8.91155e+00
  909  1.82e-03      1.28586e+01       1.59349e+00       9.10356e+00
  910  1.82e-03      1.27895e+01       1.57851e+00       9.05249e+00
  911  1.82e-03      1.28175e+01       1.67240e+00       9.10249e+00
  912  1.82e-03      1.28932e+01       1.47152e+00       9.08599e+00
  913  1.83e-03      1.29150e+01       1.04088e+00       8.95698e+00
  914  1.83e-03      1.29124e+01       1.88515e+00       9.23664e+00
  915  1.83e-03      1.29005e+01       1.45010e+00       9.08370e+00
  916  1.83e-03      1.30019e+01       1.60149e+00       9.20177e+00
  917  1.83e-03      1.29515e+01       1.50080e+00       9.13460e+00
  918  1.84e-03      1.29771e+01       1.27607e+00       9.07674e+00
  919  1.84e-03      1.30429e+01       1.44938e+00       9.17836e+00
  920  1.84e-03      1.30381e+01       1.60098e+00       9.22570e+00
  921  1.84e-03      1.30456e+01       1.39734e+00       9.16281e+00
  922  1.84e-03      1.32616e+01       1.68293e+00       9.40202e+00
  923  1.85e-03      1.32236e+01       1.32509e+00       9.25744e+00
  924  1.85e-03      1.34135e+01       1.66579e+00       9.49759e+00
  925  1.85e-03      1.34663e+01       1.91191e+00       9.61486e+00
  926  1.85e-03      1.35649e+01       1.26205e+00       9.46396e+00
  927  1.85e-03      1.35436e+01       1.63775e+00       9.57496e+00
  928  1.86e-03      1.36068e+01       1.41729e+00       9.54361e+00
  929  1.86e-03      1.35302e+01       1.35322e+00       9.47122e+00
  930  1.86e-03      1.35941e+01       1.68538e+00       9.62454e+00
  931  1.86e-03      1.36084e+01       1.32274e+00       9.51316e+00
  932  1.86e-03      1.36381e+01       1.47554e+00       9.58389e+00
  933  1.87e-03      1.36790e+01       1.72901e+00       9.69567e+00
  934  1.87e-03      1.36713e+01       1.42070e+00       9.58776e+00
  935  1.87e-03      1.36498e+01       1.34497e+00       9.54816e+00
  936  1.87e-03      1.37238e+01       1.52528e+00       9.65764e+00
  937  1.87e-03      1.36901e+01       1.45975e+00       9.61329e+00
  938  1.88e-03      1.37381e+01       1.75674e+00       9.74434e+00
  939  1.88e-03      1.37929e+01       1.44292e+00       9.67625e+00
  940  1.88e-03      1.38124e+01       1.27269e+00       9.63248e+00
  941  1.88e-03      1.40594e+01       1.64447e+00       9.92108e+00
  942  1.88e-03      1.41228e+01       1.47269e+00       9.90610e+00
  943  1.89e-03      1.40320e+01       1.64896e+00       9.90435e+00
  944  1.89e-03      1.40737e+01       1.69600e+00       9.94783e+00
  945  1.89e-03      1.40769e+01       1.46066e+00       9.87149e+00
  946  1.89e-03      1.40672e+01       1.69480e+00       9.94306e+00
  947  1.89e-03      1.41218e+01       2.08026e+00       1.01079e+01
  948  1.90e-03      1.40074e+01       1.60657e+00       9.87382e+00
  949  1.90e-03      1.40511e+01       1.56350e+00       9.88856e+00
  950  1.90e-03      1.40059e+01       1.25913e+00       9.75700e+00
  951  1.90e-03      1.39323e+01       1.29809e+00       9.72088e+00
  952  1.90e-03      1.40345e+01       1.48542e+00       9.85147e+00
  953  1.91e-03      1.40690e+01       1.57872e+00       9.90557e+00
  954  1.91e-03      1.40759e+01       1.50789e+00       9.88656e+00
  955  1.91e-03      1.41985e+01       1.36385e+00       9.92028e+00
  956  1.91e-03      1.42972e+01       1.47064e+00       1.00217e+01
  957  1.91e-03      1.43194e+01       1.74151e+00       1.01268e+01
  958  1.92e-03      1.43441e+01       1.59651e+00       1.00949e+01
  959  1.92e-03      1.44171e+01       1.37154e+00       1.00686e+01
  960  1.92e-03      1.44493e+01       1.37419e+00       1.00910e+01
  961  1.92e-03      1.45668e+01       1.37083e+00       1.01682e+01
  962  1.92e-03      1.45295e+01       1.52976e+00       1.01962e+01
  963  1.93e-03      1.46814e+01       1.51666e+00       1.02931e+01
  964  1.93e-03      1.46463e+01       1.59816e+00       1.02969e+01
  965  1.93e-03      1.46163e+01       1.28622e+00       1.01729e+01
  966  1.93e-03      1.46984e+01       1.54808e+00       1.03150e+01
  967  1.93e-03      1.47188e+01       1.65852e+00       1.03654e+01
  968  1.94e-03      1.46775e+01       1.56641e+00       1.03072e+01
  969  1.94e-03      1.47479e+01       1.56800e+00       1.03546e+01
  970  1.94e-03      1.46779e+01       1.53750e+00       1.02978e+01
  971  1.94e-03      1.46677e+01       1.43007e+00       1.02552e+01
  972  1.94e-03      1.46702e+01       1.70515e+00       1.03485e+01
  973  1.95e-03      1.47782e+01       1.29760e+00       1.02847e+01
  974  1.95e-03      1.48405e+01       1.58699e+00       1.04226e+01
  975  1.95e-03      1.48867e+01       1.40193e+00       1.03918e+01
  976  1.95e-03      1.47789e+01       1.24273e+00       1.02668e+01
  977  1.95e-03      1.49174e+01       1.78900e+00       1.05413e+01
  978  1.96e-03      1.49420e+01       1.68754e+00       1.05238e+01
  979  1.96e-03      1.49032e+01       1.49155e+00       1.04327e+01
  980  1.96e-03      1.49306e+01       1.81331e+00       1.05582e+01
  981  1.96e-03      1.49802e+01       1.37124e+00       1.04439e+01
  982  1.96e-03      1.49891e+01       1.58936e+00       1.05225e+01
  983  1.97e-03      1.50782e+01       1.46487e+00       1.05404e+01
  984  1.97e-03      1.50412e+01       1.36259e+00       1.04817e+01
  985  1.97e-03      1.50961e+01       1.65694e+00       1.06164e+01
  986  1.97e-03      1.51773e+01       1.52373e+00       1.06261e+01
  987  1.97e-03      1.51953e+01       1.37165e+00       1.05874e+01
  988  1.98e-03      1.52174e+01       1.75517e+00       1.07300e+01
  989  1.98e-03      1.52553e+01       1.24217e+00       1.05843e+01
  990  1.98e-03      1.53637e+01       1.72008e+00       1.08158e+01
  991  1.98e-03      1.53562e+01       1.79129e+00       1.08346e+01
  992  1.98e-03      1.52624e+01       1.31425e+00       1.06130e+01
  993  1.99e-03      1.52638e+01       1.68340e+00       1.07370e+01
  994  1.99e-03      1.54454e+01       1.60289e+00       1.08312e+01
  995  1.99e-03      1.53656e+01       1.56291e+00       1.07647e+01
  996  1.99e-03      1.54533e+01       1.85101e+00       1.09192e+01
  997  1.99e-03      1.54746e+01       1.71068e+00       1.08866e+01
  998  2.00e-03      1.57297e+01       1.43933e+00       1.09662e+01
  999  2.00e-03      1.58706e+01       1.61567e+00       1.11189e+01
