Delta = -1.500e+01 gamma
 step      t        T_in_plane/mK   T_out_of_plane/mK   T_tot/mK
    0  0.00e+00      5.84314e+00       0.00000e+00       3.89542e+00
    1  2.00e-06      5.72277e+00       8.78590e-08       3.81518e+00
    2  4.00e-06      5.70401e+00       4.62013e-08       3.80267e+00
    3  6.00e-06      5.72918e+00       1.63173e-04       3.81951e+00
    4  8.00e-06      5.75778e+00       1.27471e-04       3.83856e+00
    5  1.00e-05      5.74874e+00       1.55346e-04       3.83255e+00
    6  1.20e-05      5.73855e+00       2.76260e-04       3.82580e+00
    7  1.40e-05      5.74194e+00       2.73792e-04       3.82805e+00
    8  1.60e-05      5.74786e+00       2.44205e-04       3.83199e+00
    9  1.80e-05      5.74890e+00       2.27703e-04       3.83267e+00
   10  2.00e-05      5.73847e+00       2.16042e-04       3.82572e+00
   11  2.20e-05      5.72634e+00       3.78091e-04       3.81769e+00
   12  2.40e-05      5.72765e+00       4.60655e-04       3.81859e+00
   13  2.60e-05      5.74720e+00       3.79211e-04       3.83159e+00
   14  2.80e-05      5.74180e+00       3.40105e-04       3.82798e+00
   15  3.00e-05      5.73612e+00       4.71482e-04       3.82424e+00
   16  3.20e-05      5.72208e+00       6.79079e-04       3.81494e+00
   17  3.40e-05      5.72043e+00       7.95387e-04       3.81388e+00
   18  3.60e-05      5.73441e+00       8.00910e-04       3.82321e+00
   19  3.80e-05      5.74218e+00       9.81784e-04       3.82845e+00
   20  4.00e-05      5.72833e+00       1.01004e-03       3.81922e+00
   21  4.20e-05      5.72317e+00       8.95696e-04       3.81574e+00
   22  4.40e-05      5.72846e+00       1.00950e-03       3.81931e+00
   23  4.60e-05      5.75971e+00       1.00542e-03       3.84014e+00
   24  4.80e-05      5.75833e+00       1.06352e-03       3.83924e+00
   25  5.00e-05      5.73016e+00       1.03146e-03       3.82045e+00
   26  5.20e-05      5.74113e+00       1.10327e-03       3.82779e+00
   27  5.40e-05      5.75728e+00       1.23812e-03       3.83860e+00
   28  5.60e-05      5.75309e+00       1.14638e-03       3.83577e+00
   29  5.80e-05      5.73801e+00       1.13385e-03       3.82571e+00
   30  6.00e-05      5.74341e+00       1.14593e-03       3.82932e+00
   31  6.20e-05      5.74782e+00       1.49932e-03       3.83238e+00
   32  6.40e-05      5.75908e+00       1.37229e-03       3.83984e+00
   33  6.60e-05      5.75585e+00       1.27826e-03       3.83766e+00
   34  6.80e-05      5.74291e+00       1.64967e-03       3.82915e+00
   35  7.00e-05      5.73485e+00       1.40579e-03       3.82370e+00
   36  7.20e-05      5.72613e+00       1.44518e-03       3.81790e+00
   37  7.40e-05      5.73091e+00       1.63895e-03       3.82116e+00
   38  7.60e-05      5.73138e+00       1.49675e-03       3.82142e+00
   39  7.80e-05      5.74645e+00       1.39187e-03       3.83143e+00
   40  8.00e-05      5.73881e+00       1.66787e-03       3.82643e+00
   41  8.20e-05      5.73284e+00       1.49461e-03       3.82239e+00
   42  8.40e-05      5.73175e+00       1.62656e-03       3.82171e+00
   43  8.60e-05      5.73352e+00       1.64134e-03       3.82290e+00
   44  8.80e-05      5.74605e+00       2.16919e-03       3.83142e+00
   45  9.00e-05      5.75174e+00       2.09217e-03       3.83519e+00
   46  9.20e-05      5.73503e+00       2.15074e-03       3.82407e+00
   47  9.40e-05      5.74592e+00       1.94583e-03       3.83126e+00
   48  9.60e-05      5.75521e+00       1.58804e-03       3.83733e+00
   49  9.80e-05      5.73999e+00       2.16160e-03       3.82738e+00
   50  1.00e-04      5.76168e+00       1.98571e-03       3.84178e+00
   51  1.02e-04      5.74691e+00       1.89933e-03       3.83190e+00
   52  1.04e-04      5.73818e+00       1.98428e-03       3.82612e+00
   53  1.06e-04      5.73926e+00       2.21598e-03       3.82691e+00
   54  1.08e-04      5.74947e+00       1.77054e-03       3.83357e+00
   55  1.10e-04      5.75754e+00       2.18072e-03       3.83909e+00
   56  1.12e-04      5.73420e+00       2.40532e-03       3.82360e+00
   57  1.14e-04      5.75457e+00       2.01156e-03       3.83705e+00
   58  1.16e-04      5.75232e+00       2.59085e-03       3.83574e+00
   59  1.18e-04      5.73731e+00       2.08020e-03       3.82557e+00
   60  1.20e-04      5.75224e+00       2.43229e-03       3.83564e+00
   61  1.22e-04      5.75784e+00       2.27931e-03       3.83932e+00
   62  1.24e-04      5.76490e+00       2.28581e-03       3.84403e+00
   63  1.26e-04      5.75099e+00       2.15803e-03       3.83471e+00
   64  1.28e-04      5.73820e+00       2.54654e-03       3.82631e+00
   65  1.30e-04      5.75156e+00       2.50548e-03       3.83521e+00
   66  1.32e-04      5.75054e+00       2.51760e-03       3.83453e+00
   67  1.34e-04      5.74295e+00       2.61604e-03       3.82951e+00
   68  1.36e-04      5.73462e+00       2.46862e-03       3.82390e+00
   69  1.38e-04      5.74875e+00       2.46750e-03       3.83332e+00
   70  1.40e-04      5.74406e+00       3.01058e-03       3.83037e+00
   71  1.42e-04      5.75211e+00       3.08804e-03       3.83577e+00
   72  1.44e-04      5.74186e+00       3.34998e-03       3.82902e+00
   73  1.46e-04      5.74273e+00       3.19108e-03       3.82955e+00
   74  1.48e-04      5.75041e+00       3.33286e-03       3.83472e+00
   75  1.50e-04      5.74540e+00       2.80101e-03       3.83120e+00
   76  1.52e-04      5.74011e+00       2.89314e-03       3.82770e+00
   77  1.54e-04      5.73779e+00       3.04341e-03       3.82621e+00
   78  1.56e-04      5.73174e+00       3.30242e-03       3.82226e+00
   79  1.58e-04      5.73943e+00       3.34547e-03       3.82740e+00
   80  1.60e-04      5.74389e+00       3.08359e-03       3.83029e+00
   81  1.62e-04      5.73645e+00       3.56136e-03       3.82548e+00
   82  1.64e-04      5.73052e+00       3.92508e-03       3.82165e+00
   83  1.66e-04      5.73770e+00       3.81848e-03       3.82641e+00
   84  1.68e-04      5.74153e+00       3.87800e-03       3.82898e+00
   85  1.70e-04      5.73889e+00       4.01663e-03       3.82727e+00
   86  1.72e-04      5.73480e+00       4.08625e-03       3.82456e+00
   87  1.74e-04      5.74261e+00       4.19737e-03       3.82981e+00
   88  1.76e-04      5.74257e+00       4.04779e-03       3.82973e+00
   89  1.78e-04      5.73518e+00       3.66254e-03       3.82467e+00
   90  1.80e-04      5.74394e+00       4.68678e-03       3.83086e+00
   91  1.82e-04      5.74935e+00       4.46932e-03       3.83439e+00
   92  1.84e-04      5.73739e+00       4.19948e-03       3.82633e+00
   93  1.86e-04      5.74752e+00       4.51569e-03       3.83318e+00
   94  1.88e-04      5.74968e+00       3.99165e-03       3.83445e+00
   95  1.90e-04      5.76386e+00       3.97486e-03       3.84390e+00
   96  1.92e-04      5.75358e+00       4.10695e-03       3.83709e+00
   97  1.94e-04      5.75142e+00       5.05742e-03       3.83596e+00
   98  1.96e-04      5.74659e+00       4.07221e-03       3.83242e+00
   99  1.98e-04      5.76491e+00       5.02193e-03       3.84495e+00
  100  2.00e-04      5.74187e+00       4.46979e-03       3.82940e+00
  101  2.02e-04      5.75740e+00       4.23150e-03       3.83968e+00
  102  2.04e-04      5.75439e+00       4.35967e-03       3.83771e+00
  103  2.06e-04      5.76373e+00       4.01133e-03       3.84382e+00
  104  2.08e-04      5.75849e+00       4.41141e-03       3.84046e+00
  105  2.10e-04      5.74932e+00       4.63529e-03       3.83443e+00
  106  2.12e-04      5.74071e+00       5.49638e-03       3.82897e+00
  107  2.14e-04      5.77413e+00       5.06934e-03       3.85111e+00
  108  2.16e-04      5.75800e+00       6.08870e-03       3.84070e+00
  109  2.18e-04      5.75967e+00       5.69443e-03       3.84168e+00
  110  2.20e-04      5.76905e+00       4.94481e-03       3.84768e+00
  111  2.22e-04      5.76157e+00       4.32503e-03       3.84249e+00
  112  2.24e-04      5.74715e+00       4.89337e-03       3.83306e+00
  113  2.26e-04      5.76313e+00       5.67077e-03       3.84398e+00
  114  2.28e-04      5.76314e+00       5.32562e-03       3.84387e+00
  115  2.30e-04      5.76606e+00       5.48483e-03       3.84587e+00
  116  2.32e-04      5.75520e+00       4.49336e-03       3.83830e+00
  117  2.34e-04      5.76759e+00       5.72883e-03       3.84697e+00
  118  2.36e-04      5.75742e+00       5.19916e-03       3.84001e+00
  119  2.38e-04      5.75856e+00       4.89031e-03       3.84067e+00
  120  2.40e-04      5.75590e+00       5.71652e-03       3.83917e+00
  121  2.42e-04      5.75590e+00       5.16310e-03       3.83899e+00
  122  2.44e-04      5.73401e+00       5.33726e-03       3.82445e+00
  123  2.46e-04      5.73492e+00       5.61098e-03       3.82515e+00
  124  2.48e-04      5.73540e+00       5.49408e-03       3.82543e+00
  125  2.50e-04      5.74766e+00       5.36454e-03       3.83356e+00
  126  2.52e-04      5.74239e+00       5.19415e-03       3.82999e+00
  127  2.54e-04      5.73431e+00       5.11991e-03       3.82458e+00
  128  2.56e-04      5.74858e+00       4.97830e-03       3.83405e+00
  129  2.58e-04      5.75497e+00       6.62518e-03       3.83885e+00
  130  2.60e-04      5.73988e+00       5.17377e-03       3.82831e+00
  131  2.62e-04      5.73637e+00       4.42540e-03       3.82573e+00
  132  2.64e-04      5.74460e+00       4.57413e-03       3.83126e+00
  133  2.66e-04      5.75635e+00       5.21658e-03       3.83930e+00
  134  2.68e-04      5.76234e+00       5.73619e-03       3.84347e+00
  135  2.70e-04      5.74532e+00       6.41133e-03       3.83235e+00
  136  2.72e-04      5.74473e+00       5.83378e-03       3.83177e+00
  137  2.74e-04      5.76033e+00       6.99872e-03       3.84255e+00
  138  2.76e-04      5.74406e+00       5.72375e-03       3.83128e+00
  139  2.78e-04      5.74360e+00       6.14427e-03       3.83112e+00
  140  2.80e-04      5.74977e+00       6.68764e-03       3.83541e+00
  141  2.82e-04      5.74781e+00       5.94065e-03       3.83385e+00
  142  2.84e-04      5.74603e+00       5.90920e-03       3.83265e+00
  143  2.86e-04      5.74982e+00       5.39049e-03       3.83501e+00
  144  2.88e-04      5.75409e+00       5.71563e-03       3.83797e+00
  145  2.90e-04      5.74469e+00       5.83202e-03       3.83174e+00
  146  2.92e-04      5.74270e+00       6.95430e-03       3.83078e+00
  147  2.94e-04      5.73144e+00       6.17849e-03       3.82302e+00
  148  2.96e-04      5.73096e+00       5.76292e-03       3.82256e+00
  149  2.98e-04      5.72581e+00       7.08486e-03       3.81957e+00
  150  3.00e-04      5.74592e+00       6.24111e-03       3.83270e+00
  151  3.02e-04      5.72389e+00       6.63571e-03       3.81814e+00
  152  3.04e-04      5.72729e+00       5.74881e-03       3.82011e+00
  153  3.06e-04      5.71657e+00       6.61659e-03       3.81325e+00
  154  3.08e-04      5.73221e+00       6.49288e-03       3.82364e+00
  155  3.10e-04      5.72144e+00       6.57865e-03       3.81649e+00
  156  3.12e-04      5.73747e+00       6.37508e-03       3.82711e+00
  157  3.14e-04      5.72175e+00       6.07304e-03       3.81652e+00
  158  3.16e-04      5.73896e+00       6.08447e-03       3.82800e+00
  159  3.18e-04      5.72770e+00       6.89208e-03       3.82077e+00
  160  3.20e-04      5.73739e+00       6.79091e-03       3.82719e+00
  161  3.22e-04      5.73355e+00       6.84451e-03       3.82465e+00
  162  3.24e-04      5.73536e+00       7.49940e-03       3.82607e+00
  163  3.26e-04      5.73422e+00       6.04005e-03       3.82482e+00
  164  3.28e-04      5.74332e+00       6.19840e-03       3.83094e+00
  165  3.30e-04      5.74784e+00       6.74243e-03       3.83414e+00
  166  3.32e-04      5.74663e+00       7.18919e-03       3.83348e+00
  167  3.34e-04      5.74163e+00       7.71116e-03       3.83032e+00
  168  3.36e-04      5.73818e+00       7.46990e-03       3.82795e+00
  169  3.38e-04      5.74619e+00       8.25643e-03       3.83355e+00
  170  3.40e-04      5.75464e+00       8.10497e-03       3.83913e+00
  171  3.42e-04      5.73411e+00       7.51628e-03       3.82525e+00
  172  3.44e-04      5.73414e+00       6.06190e-03       3.82478e+00
  173  3.46e-04      5.75655e+00       7.42495e-03       3.84018e+00
  174  3.48e-04      5.76137e+00       7.20620e-03       3.84331e+00
  175  3.50e-04      5.73345e+00       7.92960e-03       3.82494e+00
  176  3.52e-04      5.73840e+00       6.38231e-03       3.82773e+00
  177  3.54e-04      5.71602e+00       8.77729e-03       3.81360e+00
  178  3.56e-04      5.72851e+00       7.72054e-03       3.82158e+00
  179  3.58e-04      5.72602e+00       6.34979e-03       3.81946e+00
  180  3.60e-04      5.73598e+00       7.09610e-03       3.82635e+00
  181  3.62e-04      5.73190e+00       8.37830e-03       3.82406e+00
  182  3.64e-04      5.71435e+00       7.97492e-03       3.81223e+00
  183  3.66e-04      5.72831e+00       8.79487e-03       3.82180e+00
  184  3.68e-04      5.72999e+00       7.87152e-03       3.82262e+00
  185  3.70e-04      5.73455e+00       7.02442e-03       3.82538e+00
  186  3.72e-04      5.71021e+00       7.70911e-03       3.80937e+00
  187  3.74e-04      5.72534e+00       6.51365e-03       3.81906e+00
  188  3.76e-04      5.74646e+00       9.29408e-03       3.83407e+00
  189  3.78e-04      5.73375e+00       8.02656e-03       3.82517e+00
  190  3.80e-04      5.72356e+00       8.74607e-03       3.81862e+00
  191  3.82e-04      5.72228e+00       8.13746e-03       3.81757e+00
  192  3.84e-04      5.71868e+00       8.18168e-03       3.81518e+00
  193  3.86e-04      5.71813e+00       7.51242e-03       3.81459e+00
  194  3.88e-04      5.70502e+00       9.01062e-03       3.80635e+00
  195  3.90e-04      5.71423e+00       8.21185e-03       3.81223e+00
  196  3.92e-04      5.72197e+00       8.71562e-03       3.81755e+00
  197  3.94e-04      5.71905e+00       8.80403e-03       3.81564e+00
  198  3.96e-04      5.72082e+00       6.87183e-03       3.81617e+00
  199  3.98e-04      5.71438e+00       8.83101e-03       3.81253e+00
  200  4.00e-04      5.70962e+00       8.31267e-03       3.80918e+00
  201  4.02e-04      5.71884e+00       7.68609e-03       3.81512e+00
  202  4.04e-04      5.72221e+00       7.66138e-03       3.81736e+00
  203  4.06e-04      5.72845e+00       8.45883e-03       3.82179e+00
  204  4.08e-04      5.70610e+00       9.31349e-03       3.80717e+00
  205  4.10e-04      5.72558e+00       7.82730e-03       3.81966e+00
  206  4.12e-04      5.72069e+00       7.71305e-03       3.81636e+00
  207  4.14e-04      5.72417e+00       8.06159e-03       3.81880e+00
  208  4.16e-04      5.72728e+00       9.73830e-03       3.82143e+00
  209  4.18e-04      5.71145e+00       8.54277e-03       3.81048e+00
  210  4.20e-04      5.71488e+00       1.04034e-02       3.81339e+00
  211  4.22e-04      5.72277e+00       7.90172e-03       3.81781e+00
  212  4.24e-04      5.73813e+00       7.75682e-03       3.82801e+00
  213  4.26e-04      5.71986e+00       9.30132e-03       3.81634e+00
  214  4.28e-04      5.73195e+00       9.00263e-03       3.82430e+00
  215  4.30e-04      5.72426e+00       9.24621e-03       3.81926e+00
  216  4.32e-04      5.71436e+00       8.36122e-03       3.81236e+00
  217  4.34e-04      5.71577e+00       9.16014e-03       3.81357e+00
  218  4.36e-04      5.72700e+00       9.65971e-03       3.82122e+00
  219  4.38e-04      5.73446e+00       8.39294e-03       3.82577e+00
  220  4.40e-04      5.72143e+00       9.38481e-03       3.81741e+00
  221  4.42e-04      5.74037e+00       1.07543e-02       3.83050e+00
  222  4.44e-04      5.74460e+00       8.65020e-03       3.83262e+00
  223  4.46e-04      5.72232e+00       8.70840e-03       3.81778e+00
  224  4.48e-04      5.72043e+00       9.01108e-03       3.81663e+00
  225  4.50e-04      5.73462e+00       1.00303e-02       3.82642e+00
  226  4.52e-04      5.75440e+00       1.01792e-02       3.83966e+00
  227  4.54e-04      5.73769e+00       7.42312e-03       3.82760e+00
  228  4.56e-04      5.74117e+00       8.28752e-03       3.83021e+00
  229  4.58e-04      5.74074e+00       8.68265e-03       3.83005e+00
  230  4.60e-04      5.76222e+00       1.19797e-02       3.84548e+00
  231  4.62e-04      5.74634e+00       9.49240e-03       3.83406e+00
  232  4.64e-04      5.74790e+00       1.03377e-02       3.83538e+00
  233  4.66e-04      5.75584e+00       8.49853e-03       3.84006e+00
  234  4.68e-04      5.73581e+00       1.01426e-02       3.82725e+00
  235  4.70e-04      5.75456e+00       7.68648e-03       3.83894e+00
  236  4.72e-04      5.75657e+00       9.67212e-03       3.84094e+00
  237  4.74e-04      5.76710e+00       1.26553e-02       3.84895e+00
  238  4.76e-04      5.75747e+00       9.89581e-03       3.84161e+00
  239  4.78e-04      5.75035e+00       1.07415e-02       3.83715e+00
  240  4.80e-04      5.75119e+00       9.06217e-03       3.83715e+00
  241  4.82e-04      5.75663e+00       1.12940e-02       3.84152e+00
  242  4.84e-04      5.75396e+00       1.13317e-02       3.83975e+00
  243  4.86e-04      5.75703e+00       8.56076e-03       3.84087e+00
  244  4.88e-04      5.75160e+00       1.04284e-02       3.83788e+00
  245  4.90e-04      5.75920e+00       1.10626e-02       3.84316e+00
  246  4.92e-04      5.75670e+00       9.49037e-03       3.84096e+00
  247  4.94e-04      5.76271e+00       1.03294e-02       3.84525e+00
  248  4.96e-04      5.73533e+00       9.15297e-03       3.82660e+00
  249  4.98e-04      5.76049e+00       1.01100e-02       3.84370e+00
  250  5.00e-04      5.74759e+00       1.11459e-02       3.83544e+00
  251  5.02e-04      5.73252e+00       1.12856e-02       3.82544e+00
  252  5.04e-04      5.74867e+00       1.16141e-02       3.83632e+00
  253  5.06e-04      5.75016e+00       1.15489e-02       3.83729e+00
  254  5.08e-04      5.75389e+00       1.11408e-02       3.83964e+00
  255  5.10e-04      5.73145e+00       1.02001e-02       3.82437e+00
  256  5.12e-04      5.73030e+00       1.06213e-02       3.82374e+00
  257  5.14e-04      5.72545e+00       1.22091e-02       3.82103e+00
  258  5.16e-04      5.74963e+00       1.24705e-02       3.83724e+00
  259  5.18e-04      5.74389e+00       1.04401e-02       3.83274e+00
  260  5.20e-04      5.74359e+00       9.30839e-03       3.83217e+00
  261  5.22e-04      5.72192e+00       1.14192e-02       3.81842e+00
  262  5.24e-04      5.73209e+00       9.77275e-03       3.82465e+00
  263  5.26e-04      5.74316e+00       1.17184e-02       3.83268e+00
  264  5.28e-04      5.75476e+00       9.88189e-03       3.83980e+00
  265  5.30e-04      5.73431e+00       1.24254e-02       3.82702e+00
  266  5.32e-04      5.74013e+00       1.12448e-02       3.83050e+00
  267  5.34e-04      5.73933e+00       1.22127e-02       3.83029e+00
  268  5.36e-04      5.75574e+00       1.16306e-02       3.84104e+00
  269  5.38e-04      5.73740e+00       1.22094e-02       3.82900e+00
  270  5.40e-04      5.74270e+00       1.20357e-02       3.83248e+00
  271  5.42e-04      5.74329e+00       1.23963e-02       3.83299e+00
  272  5.44e-04      5.75080e+00       8.95289e-03       3.83685e+00
  273  5.46e-04      5.74133e+00       9.95439e-03       3.83087e+00
  274  5.48e-04      5.75112e+00       1.41630e-02       3.83880e+00
  275  5.50e-04      5.75477e+00       9.03375e-03       3.83952e+00
  276  5.52e-04      5.76131e+00       1.13161e-02       3.84465e+00
  277  5.54e-04      5.74581e+00       1.11875e-02       3.83427e+00
  278  5.56e-04      5.74918e+00       1.12609e-02       3.83654e+00
  279  5.58e-04      5.75506e+00       1.27756e-02       3.84097e+00
  280  5.60e-04      5.74704e+00       1.19322e-02       3.83534e+00
  281  5.62e-04      5.74763e+00       1.36557e-02       3.83631e+00
  282  5.64e-04      5.75805e+00       1.23905e-02       3.84283e+00
  283  5.66e-04      5.75908e+00       1.18967e-02       3.84335e+00
  284  5.68e-04      5.75610e+00       1.29678e-02       3.84172e+00
  285  5.70e-04      5.76048e+00       1.41184e-02       3.84503e+00
  286  5.72e-04      5.75218e+00       1.31161e-02       3.83916e+00
  287  5.74e-04      5.75804e+00       1.24217e-02       3.84283e+00
  288  5.76e-04      5.75736e+00       1.28001e-02       3.84251e+00
  289  5.78e-04      5.75187e+00       1.06106e-02       3.83812e+00
  290  5.80e-04      5.75413e+00       1.16244e-02       3.83996e+00
  291  5.82e-04      5.73789e+00       1.12226e-02       3.82900e+00
  292  5.84e-04      5.75157e+00       1.35048e-02       3.83888e+00
  293  5.86e-04      5.74239e+00       1.28391e-02       3.83254e+00
  294  5.88e-04      5.74741e+00       1.31145e-02       3.83598e+00
  295  5.90e-04      5.73451e+00       1.31778e-02       3.82740e+00
  296  5.92e-04      5.73746e+00       1.25822e-02       3.82917e+00
  297  5.94e-04      5.72494e+00       1.35477e-02       3.82115e+00
  298  5.96e-04      5.73073e+00       1.37483e-02       3.82507e+00
  299  5.98e-04      5.73842e+00       1.27946e-02       3.82988e+00
  300  6.00e-04      5.73086e+00       1.53171e-02       3.82568e+00
  301  6.02e-04      5.73373e+00       1.56138e-02       3.82769e+00
  302  6.04e-04      5.73744e+00       1.20193e-02       3.82897e+00
  303  6.06e-04      5.72906e+00       1.28404e-02       3.82365e+00
  304  6.08e-04      5.72250e+00       1.16744e-02       3.81889e+00
  305  6.10e-04      5.72258e+00       1.43972e-02       3.81986e+00
  306  6.12e-04      5.73339e+00       1.23284e-02       3.82637e+00
  307  6.14e-04      5.73002e+00       1.26076e-02       3.82422e+00
  308  6.16e-04      5.73042e+00       1.26362e-02       3.82449e+00
  309  6.18e-04      5.73054e+00       1.31076e-02       3.82473e+00
  310  6.20e-04      5.73716e+00       1.12770e-02       3.82853e+00
  311  6.22e-04      5.73372e+00       1.43794e-02       3.82727e+00
  312  6.24e-04      5.71758e+00       1.33734e-02       3.81618e+00
  313  6.26e-04      5.75050e+00       1.53896e-02       3.83880e+00
  314  6.28e-04      5.72697e+00       1.58446e-02       3.82326e+00
  315  6.30e-04      5.73829e+00       1.42161e-02       3.83027e+00
  316  6.32e-04      5.72364e+00       1.29931e-02       3.82009e+00
  317  6.34e-04      5.73207e+00       1.34635e-02       3.82587e+00
  318  6.36e-04      5.70497e+00       1.34977e-02       3.80781e+00
  319  6.38e-04      5.71575e+00       1.34405e-02       3.81498e+00
  320  6.40e-04      5.72734e+00       1.34466e-02       3.82271e+00
  321  6.42e-04      5.72261e+00       1.59117e-02       3.82038e+00
  322  6.44e-04      5.70004e+00       1.43427e-02       3.80481e+00
  323  6.46e-04      5.71771e+00       1.38168e-02       3.81641e+00
  324  6.48e-04      5.73881e+00       1.54220e-02       3.83101e+00
  325  6.50e-04      5.71419e+00       1.49253e-02       3.81443e+00
  326  6.52e-04      5.72112e+00       1.36281e-02       3.81862e+00
  327  6.54e-04      5.72238e+00       1.58989e-02       3.82022e+00
  328  6.56e-04      5.72381e+00       1.34850e-02       3.82037e+00
  329  6.58e-04      5.70568e+00       1.29504e-02       3.80811e+00
  330  6.60e-04      5.72634e+00       1.59772e-02       3.82289e+00
  331  6.62e-04      5.71909e+00       1.09055e-02       3.81636e+00
  332  6.64e-04      5.71645e+00       1.48997e-02       3.81593e+00
  333  6.66e-04      5.72981e+00       1.50978e-02       3.82490e+00
  334  6.68e-04      5.72343e+00       1.25343e-02       3.81980e+00
  335  6.70e-04      5.69246e+00       1.50607e-02       3.79999e+00
  336  6.72e-04      5.72423e+00       1.34036e-02       3.82062e+00
  337  6.74e-04      5.73082e+00       1.39996e-02       3.82521e+00
  338  6.76e-04      5.71865e+00       1.25134e-02       3.81660e+00
  339  6.78e-04      5.70879e+00       1.23755e-02       3.80998e+00
  340  6.80e-04      5.70751e+00       1.60078e-02       3.81034e+00
  341  6.82e-04      5.69969e+00       1.50257e-02       3.80480e+00
  342  6.84e-04      5.72150e+00       1.54562e-02       3.81948e+00
  343  6.86e-04      5.71875e+00       1.47220e-02       3.81741e+00
  344  6.88e-04      5.71202e+00       1.43807e-02       3.81281e+00
  345  6.90e-04      5.70776e+00       1.57103e-02       3.81041e+00
  346  6.92e-04      5.72605e+00       1.45903e-02       3.82223e+00
  347  6.94e-04      5.71246e+00       1.35501e-02       3.81282e+00
  348  6.96e-04      5.71676e+00       1.72305e-02       3.81692e+00
  349  6.98e-04      5.72483e+00       1.60935e-02       3.82192e+00
  350  7.00e-04      5.72775e+00       1.49255e-02       3.82347e+00
  351  7.02e-04      5.73607e+00       1.48049e-02       3.82898e+00
  352  7.04e-04      5.71451e+00       1.35177e-02       3.81418e+00
  353  7.06e-04      5.73299e+00       1.52680e-02       3.82708e+00
  354  7.08e-04      5.73550e+00       1.66424e-02       3.82921e+00
  355  7.10e-04      5.72849e+00       1.47467e-02       3.82391e+00
  356  7.12e-04      5.73256e+00       1.83170e-02       3.82781e+00
  357  7.14e-04      5.71827e+00       1.46620e-02       3.81707e+00
  358  7.16e-04      5.72277e+00       1.62169e-02       3.82058e+00
  359  7.18e-04      5.72043e+00       1.46875e-02       3.81851e+00
  360  7.20e-04      5.73132e+00       1.46926e-02       3.82578e+00
  361  7.22e-04      5.70513e+00       1.67305e-02       3.80899e+00
  362  7.24e-04      5.71361e+00       1.72692e-02       3.81483e+00
  363  7.26e-04      5.70422e+00       1.29648e-02       3.80714e+00
  364  7.28e-04      5.71341e+00       1.51491e-02       3.81399e+00
  365  7.30e-04      5.69507e+00       1.49822e-02       3.80171e+00
  366  7.32e-04      5.71048e+00       1.53397e-02       3.81210e+00
  367  7.34e-04      5.69982e+00       1.79322e-02       3.80586e+00
  368  7.36e-04      5.71325e+00       1.60209e-02       3.81417e+00
  369  7.38e-04      5.71495e+00       1.71524e-02       3.81569e+00
  370  7.40e-04      5.71551e+00       1.79644e-02       3.81633e+00
  371  7.42e-04      5.70268e+00       1.37287e-02       3.80636e+00
  372  7.44e-04      5.72953e+00       1.68886e-02       3.82532e+00
  373  7.46e-04      5.73740e+00       1.41779e-02       3.82966e+00
  374  7.48e-04      5.71264e+00       1.93315e-02       3.81487e+00
  375  7.50e-04      5.72782e+00       1.78301e-02       3.82449e+00
  376  7.52e-04      5.72948e+00       1.39798e-02       3.82431e+00
  377  7.54e-04      5.74769e+00       1.69296e-02       3.83744e+00
  378  7.56e-04      5.73151e+00       1.70415e-02       3.82668e+00
  379  7.58e-04      5.72866e+00       1.60364e-02       3.82445e+00
  380  7.60e-04      5.71743e+00       1.76442e-02       3.81750e+00
  381  7.62e-04      5.74862e+00       1.49426e-02       3.83740e+00
  382  7.64e-04      5.72820e+00       1.65792e-02       3.82433e+00
  383  7.66e-04      5.73738e+00       1.88261e-02       3.83120e+00
  384  7.68e-04      5.74062e+00       1.71428e-02       3.83280e+00
  385  7.70e-04      5.73435e+00       1.65103e-02       3.82840e+00
  386  7.72e-04      5.72327e+00       1.62285e-02       3.82093e+00
  387  7.74e-04      5.73453e+00       1.93622e-02       3.82948e+00
  388  7.76e-04      5.73233e+00       1.82243e-02       3.82762e+00
  389  7.78e-04      5.72426e+00       1.57029e-02       3.82141e+00
  390  7.80e-04      5.73614e+00       1.62672e-02       3.82952e+00
  391  7.82e-04      5.72609e+00       1.72625e-02       3.82315e+00
  392  7.84e-04      5.71366e+00       1.55308e-02       3.81428e+00
  393  7.86e-04      5.72187e+00       1.74087e-02       3.82038e+00
  394  7.88e-04      5.72469e+00       1.79691e-02       3.82245e+00
  395  7.90e-04      5.71602e+00       1.60376e-02       3.81603e+00
  396  7.92e-04      5.72033e+00       2.04127e-02       3.82036e+00
  397  7.94e-04      5.72198e+00       1.70943e-02       3.82035e+00
  398  7.96e-04      5.69629e+00       1.89403e-02       3.80384e+00
  399  7.98e-04      5.68041e+00       1.78648e-02       3.79290e+00
  400  8.00e-04      5.68726e+00       1.61835e-02       3.79690e+00
  401  8.02e-04      5.70304e+00       1.69286e-02       3.80767e+00
  402  8.04e-04      5.69835e+00       1.42895e-02       3.80366e+00
  403  8.06e-04      5.69712e+00       1.75266e-02       3.80392e+00
  404  8.08e-04      5.69037e+00       1.72634e-02       3.79934e+00
  405  8.10e-04      5.68662e+00       1.46341e-02       3.79596e+00
  406  8.12e-04      5.69613e+00       1.58096e-02       3.80269e+00
  407  8.14e-04      5.70797e+00       1.58883e-02       3.81061e+00
  408  8.16e-04      5.71790e+00       1.51459e-02       3.81698e+00
  409  8.18e-04      5.71236e+00       2.07214e-02       3.81515e+00
  410  8.20e-04      5.71584e+00       1.70914e-02       3.81625e+00
  411  8.22e-04      5.73476e+00       1.57262e-02       3.82842e+00
  412  8.24e-04      5.70704e+00       1.83820e-02       3.81082e+00
  413  8.26e-04      5.70658e+00       1.55672e-02       3.80958e+00
  414  8.28e-04      5.71101e+00       1.74361e-02       3.81315e+00
  415  8.30e-04      5.71343e+00       1.62374e-02       3.81436e+00
  416  8.32e-04      5.71625e+00       1.69568e-02       3.81648e+00
  417  8.34e-04      5.71955e+00       2.00100e-02       3.81970e+00
  418  8.36e-04      5.69909e+00       1.69689e-02       3.80505e+00
  419  8.38e-04      5.70993e+00       1.65166e-02       3.81212e+00
  420  8.40e-04      5.71599e+00       2.00766e-02       3.81735e+00
  421  8.42e-04      5.69934e+00       1.75121e-02       3.80540e+00
  422  8.44e-04      5.70231e+00       1.62363e-02       3.80695e+00
  423  8.46e-04      5.71492e+00       1.75118e-02       3.81579e+00
  424  8.48e-04      5.71401e+00       1.59108e-02       3.81465e+00
  425  8.50e-04      5.67914e+00       1.83940e-02       3.79223e+00
  426  8.52e-04      5.68702e+00       1.70119e-02       3.79702e+00
  427  8.54e-04      5.69106e+00       1.95075e-02       3.80054e+00
  428  8.56e-04      5.70477e+00       1.76294e-02       3.80905e+00
  429  8.58e-04      5.69132e+00       1.93439e-02       3.80066e+00
  430  8.60e-04      5.70142e+00       2.11015e-02       3.80798e+00
  431  8.62e-04      5.68214e+00       1.93075e-02       3.79453e+00
  432  8.64e-04      5.69043e+00       1.46626e-02       3.79851e+00
  433  8.66e-04      5.70070e+00       1.96677e-02       3.80703e+00
  434  8.68e-04      5.70170e+00       1.62705e-02       3.80656e+00
  435  8.70e-04      5.69088e+00       1.94731e-02       3.80041e+00
  436  8.72e-04      5.69264e+00       1.96538e-02       3.80165e+00
  437  8.74e-04      5.68850e+00       1.60376e-02       3.79768e+00
  438  8.76e-04      5.69138e+00       1.87287e-02       3.80050e+00
  439  8.78e-04      5.69572e+00       2.08017e-02       3.80408e+00
  440  8.80e-04      5.69370e+00       1.90362e-02       3.80215e+00
  441  8.82e-04      5.70181e+00       2.10301e-02       3.80821e+00
  442  8.84e-04      5.68975e+00       2.21695e-02       3.80055e+00
  443  8.86e-04      5.69563e+00       2.10418e-02       3.80410e+00
  444  8.88e-04      5.69641e+00       1.91714e-02       3.80399e+00
  445  8.90e-04      5.68880e+00       1.99456e-02       3.79918e+00
  446  8.92e-04      5.69673e+00       1.90725e-02       3.80418e+00
  447  8.94e-04      5.69551e+00       1.93859e-02       3.80347e+00
  448  8.96e-04      5.69964e+00       1.72478e-02       3.80551e+00
  449  8.98e-04      5.69207e+00       2.11990e-02       3.80178e+00
  450  9.00e-04      5.71693e+00       1.84570e-02       3.81744e+00
  451  9.02e-04      5.70235e+00       2.11511e-02       3.80862e+00
  452  9.04e-04      5.71317e+00       1.83393e-02       3.81489e+00
  453  9.06e-04      5.70610e+00       1.92540e-02       3.81049e+00
  454  9.08e-04      5.71781e+00       1.90228e-02       3.81821e+00
  455  9.10e-04      5.70100e+00       1.69789e-02       3.80633e+00
  456  9.12e-04      5.71653e+00       1.86562e-02       3.81724e+00
  457  9.14e-04      5.71996e+00       2.19627e-02       3.82063e+00
  458  9.16e-04      5.71398e+00       1.94611e-02       3.81581e+00
  459  9.18e-04      5.70376e+00       2.07839e-02       3.80943e+00
  460  9.20e-04      5.72585e+00       2.15467e-02       3.82441e+00
  461  9.22e-04      5.71897e+00       1.95401e-02       3.81916e+00
  462  9.24e-04      5.69357e+00       2.26760e-02       3.80327e+00
  463  9.26e-04      5.71936e+00       2.12382e-02       3.81998e+00
  464  9.28e-04      5.73903e+00       1.76926e-02       3.83192e+00
  465  9.30e-04      5.72154e+00       2.32680e-02       3.82212e+00
  466  9.32e-04      5.71425e+00       1.93827e-02       3.81596e+00
  467  9.34e-04      5.71359e+00       1.87958e-02       3.81533e+00
  468  9.36e-04      5.71263e+00       2.11351e-02       3.81547e+00
  469  9.38e-04      5.71541e+00       1.84410e-02       3.81642e+00
  470  9.40e-04      5.71127e+00       1.85859e-02       3.81371e+00
  471  9.42e-04      5.71946e+00       2.01458e-02       3.81969e+00
  472  9.44e-04      5.71854e+00       2.19064e-02       3.81966e+00
  473  9.46e-04      5.71259e+00       2.24352e-02       3.81587e+00
  474  9.48e-04      5.71006e+00       1.71422e-02       3.81242e+00
  475  9.50e-04      5.72252e+00       2.20380e-02       3.82236e+00
  476  9.52e-04      5.72357e+00       1.85093e-02       3.82188e+00
  477  9.54e-04      5.71751e+00       1.94781e-02       3.81817e+00
  478  9.56e-04      5.70838e+00       1.94575e-02       3.81207e+00
  479  9.58e-04      5.70872e+00       1.91379e-02       3.81219e+00
  480  9.60e-04      5.72417e+00       1.72370e-02       3.82186e+00
  481  9.62e-04      5.73182e+00       2.12601e-02       3.82830e+00
  482  9.64e-04      5.72296e+00       1.91917e-02       3.82170e+00
  483  9.66e-04      5.73048e+00       2.04865e-02       3.82715e+00
  484  9.68e-04      5.71588e+00       2.05535e-02       3.81744e+00
  485  9.70e-04      5.72102e+00       1.73672e-02       3.81980e+00
  486  9.72e-04      5.72261e+00       2.15833e-02       3.82226e+00
  487  9.74e-04      5.73031e+00       1.85714e-02       3.82640e+00
  488  9.76e-04      5.71215e+00       1.90819e-02       3.81446e+00
  489  9.78e-04      5.73175e+00       2.43929e-02       3.82930e+00
  490  9.80e-04      5.73980e+00       2.12291e-02       3.83361e+00
  491  9.82e-04      5.71055e+00       2.25187e-02       3.81454e+00
  492  9.84e-04      5.70873e+00       2.14769e-02       3.81298e+00
  493  9.86e-04      5.71432e+00       1.86734e-02       3.81577e+00
  494  9.88e-04      5.72787e+00       2.27450e-02       3.82616e+00
  495  9.90e-04      5.73241e+00       1.82188e-02       3.82768e+00
  496  9.92e-04      5.74088e+00       1.85641e-02       3.83344e+00
  497  9.94e-04      5.72900e+00       1.87990e-02       3.82560e+00
  498  9.96e-04      5.72953e+00       1.90919e-02       3.82605e+00
  499  9.98e-04      5.71759e+00       2.02227e-02       3.81847e+00
  500  1.00e-03      5.71154e+00       2.12000e-02       3.81476e+00
  501  1.00e-03      5.71041e+00       2.31839e-02       3.81467e+00
  502  1.00e-03      5.71986e+00       2.24759e-02       3.82073e+00
  503  1.01e-03      5.73351e+00       1.97026e-02       3.82891e+00
  504  1.01e-03      5.73048e+00       2.18557e-02       3.82760e+00
  505  1.01e-03      5.70769e+00       2.40347e-02       3.81314e+00
  506  1.01e-03      5.71755e+00       2.06026e-02       3.81857e+00
  507  1.01e-03      5.72286e+00       2.01668e-02       3.82196e+00
  508  1.02e-03      5.72284e+00       2.10997e-02       3.82226e+00
  509  1.02e-03      5.70368e+00       1.83936e-02       3.80858e+00
  510  1.02e-03      5.70459e+00       2.23617e-02       3.81051e+00
  511  1.02e-03      5.70522e+00       1.76070e-02       3.80935e+00
  512  1.02e-03      5.70405e+00       2.27711e-02       3.81029e+00
  513  1.03e-03      5.71652e+00       2.47642e-02       3.81927e+00
  514  1.03e-03      5.70055e+00       2.31404e-02       3.80808e+00
  515  1.03e-03      5.69929e+00       2.20088e-02       3.80686e+00
  516  1.03e-03      5.70639e+00       2.38114e-02       3.81220e+00
  517  1.03e-03      5.67791e+00       2.07704e-02       3.79219e+00
  518  1.04e-03      5.67907e+00       2.24191e-02       3.79352e+00
  519  1.04e-03      5.67457e+00       2.04672e-02       3.78987e+00
  520  1.04e-03      5.67177e+00       2.30863e-02       3.78887e+00
  521  1.04e-03      5.68030e+00       2.31019e-02       3.79457e+00
  522  1.04e-03      5.68527e+00       2.32721e-02       3.79794e+00
  523  1.05e-03      5.68582e+00       2.66098e-02       3.79942e+00
  524  1.05e-03      5.67171e+00       2.22289e-02       3.78855e+00
  525  1.05e-03      5.66504e+00       2.04811e-02       3.78352e+00
  526  1.05e-03      5.68400e+00       2.87650e-02       3.79892e+00
  527  1.05e-03      5.66986e+00       2.31545e-02       3.78762e+00
  528  1.06e-03      5.67497e+00       2.21689e-02       3.79070e+00
  529  1.06e-03      5.67367e+00       2.44065e-02       3.79058e+00
  530  1.06e-03      5.68895e+00       2.24480e-02       3.80011e+00
  531  1.06e-03      5.65303e+00       2.65306e-02       3.77753e+00
  532  1.06e-03      5.66656e+00       2.27393e-02       3.78529e+00
  533  1.07e-03      5.67110e+00       2.24930e-02       3.78823e+00
  534  1.07e-03      5.67293e+00       2.75128e-02       3.79112e+00
  535  1.07e-03      5.66640e+00       2.16610e-02       3.78482e+00
  536  1.07e-03      5.67312e+00       2.43156e-02       3.79018e+00
  537  1.07e-03      5.66530e+00       2.36985e-02       3.78477e+00
  538  1.08e-03      5.66509e+00       2.50380e-02       3.78508e+00
  539  1.08e-03      5.67335e+00       2.65815e-02       3.79109e+00
  540  1.08e-03      5.67190e+00       2.34646e-02       3.78909e+00
  541  1.08e-03      5.66220e+00       2.19886e-02       3.78213e+00
  542  1.08e-03      5.65874e+00       2.49785e-02       3.78082e+00
  543  1.09e-03      5.65909e+00       2.30328e-02       3.78041e+00
  544  1.09e-03      5.65391e+00       2.27563e-02       3.77686e+00
  545  1.09e-03      5.66268e+00       2.56890e-02       3.78369e+00
  546  1.09e-03      5.66350e+00       1.95415e-02       3.78218e+00
  547  1.09e-03      5.66381e+00       2.59187e-02       3.78451e+00
  548  1.10e-03      5.65504e+00       2.39256e-02       3.77800e+00
  549  1.10e-03      5.66172e+00       2.55200e-02       3.78299e+00
  550  1.10e-03      5.66076e+00       2.71228e-02       3.78288e+00
  551  1.10e-03      5.67571e+00       1.85265e-02       3.78999e+00
  552  1.10e-03      5.66665e+00       2.52277e-02       3.78617e+00
  553  1.11e-03      5.65406e+00       2.81531e-02       3.77876e+00
  554  1.11e-03      5.65601e+00       2.07225e-02       3.77758e+00
  555  1.11e-03      5.66279e+00       2.61561e-02       3.78391e+00
  556  1.11e-03      5.64652e+00       2.53103e-02       3.77278e+00
  557  1.11e-03      5.65768e+00       2.27658e-02       3.77937e+00
  558  1.12e-03      5.66291e+00       2.39021e-02       3.78324e+00
  559  1.12e-03      5.66270e+00       2.59885e-02       3.78380e+00
  560  1.12e-03      5.65697e+00       2.84350e-02       3.78079e+00
  561  1.12e-03      5.65082e+00       2.41005e-02       3.77525e+00
  562  1.12e-03      5.64981e+00       2.44120e-02       3.77468e+00
  563  1.13e-03      5.65661e+00       2.79588e-02       3.78039e+00
  564  1.13e-03      5.64700e+00       2.66193e-02       3.77354e+00
  565  1.13e-03      5.65306e+00       2.53477e-02       3.77716e+00
  566  1.13e-03      5.65912e+00       2.47183e-02       3.78099e+00
  567  1.13e-03      5.65586e+00       1.89676e-02       3.77690e+00
  568  1.14e-03      5.66456e+00       2.33492e-02       3.78416e+00
  569  1.14e-03      5.66400e+00       2.80138e-02       3.78534e+00
  570  1.14e-03      5.65065e+00       2.28941e-02       3.77473e+00
  571  1.14e-03      5.65843e+00       2.51107e-02       3.78066e+00
  572  1.14e-03      5.65650e+00       2.13136e-02       3.77811e+00
  573  1.15e-03      5.66452e+00       2.60686e-02       3.78503e+00
  574  1.15e-03      5.66181e+00       2.73494e-02       3.78366e+00
  575  1.15e-03      5.65648e+00       2.64059e-02       3.77979e+00
  576  1.15e-03      5.65983e+00       2.49539e-02       3.78154e+00
  577  1.15e-03      5.66607e+00       2.48812e-02       3.78567e+00
  578  1.16e-03      5.67107e+00       2.42762e-02       3.78880e+00
  579  1.16e-03      5.65842e+00       2.45243e-02       3.78046e+00
  580  1.16e-03      5.65951e+00       2.23102e-02       3.78044e+00
  581  1.16e-03      5.65443e+00       2.68112e-02       3.77855e+00
  582  1.16e-03      5.66472e+00       2.58307e-02       3.78509e+00
  583  1.17e-03      5.67194e+00       2.13983e-02       3.78842e+00
  584  1.17e-03      5.66884e+00       2.29919e-02       3.78689e+00
  585  1.17e-03      5.66907e+00       2.85263e-02       3.78889e+00
  586  1.17e-03      5.67292e+00       3.03551e-02       3.79206e+00
  587  1.17e-03      5.66397e+00       3.00715e-02       3.78600e+00
  588  1.18e-03      5.65634e+00       2.12072e-02       3.77796e+00
  589  1.18e-03      5.68115e+00       2.99462e-02       3.79741e+00
  590  1.18e-03      5.65190e+00       2.64230e-02       3.77674e+00
  591  1.18e-03      5.68122e+00       2.23492e-02       3.79493e+00
  592  1.18e-03      5.70236e+00       2.56901e-02       3.81013e+00
  593  1.19e-03      5.67894e+00       2.50304e-02       3.79430e+00
  594  1.19e-03      5.65405e+00       2.27552e-02       3.77695e+00
  595  1.19e-03      5.67558e+00       3.04198e-02       3.79386e+00
  596  1.19e-03      5.69185e+00       2.73489e-02       3.80368e+00
  597  1.19e-03      5.67905e+00       2.91383e-02       3.79575e+00
  598  1.20e-03      5.66919e+00       2.57888e-02       3.78806e+00
  599  1.20e-03      5.68148e+00       2.35645e-02       3.79551e+00
  600  1.20e-03      5.69588e+00       2.44900e-02       3.80542e+00
  601  1.20e-03      5.67812e+00       2.46570e-02       3.79363e+00
  602  1.20e-03      5.65983e+00       2.63359e-02       3.78200e+00
  603  1.21e-03      5.65215e+00       2.66451e-02       3.77698e+00
  604  1.21e-03      5.63919e+00       2.39335e-02       3.76744e+00
  605  1.21e-03      5.66212e+00       2.51825e-02       3.78314e+00
  606  1.21e-03      5.66446e+00       2.98907e-02       3.78627e+00
  607  1.21e-03      5.65445e+00       2.64614e-02       3.77846e+00
  608  1.22e-03      5.64569e+00       3.12427e-02       3.77421e+00
  609  1.22e-03      5.65420e+00       2.26473e-02       3.77701e+00
  610  1.22e-03      5.64200e+00       2.27220e-02       3.76891e+00
  611  1.22e-03      5.63822e+00       2.74804e-02       3.76797e+00
  612  1.22e-03      5.66380e+00       2.40511e-02       3.78389e+00
  613  1.23e-03      5.64545e+00       2.58064e-02       3.77223e+00
  614  1.23e-03      5.63612e+00       2.17523e-02       3.76466e+00
  615  1.23e-03      5.65550e+00       2.21001e-02       3.77770e+00
  616  1.23e-03      5.66025e+00       2.95355e-02       3.78334e+00
  617  1.23e-03      5.64302e+00       2.71563e-02       3.77107e+00
  618  1.24e-03      5.65539e+00       2.49966e-02       3.77859e+00
  619  1.24e-03      5.63765e+00       3.24781e-02       3.76926e+00
  620  1.24e-03      5.63962e+00       2.72290e-02       3.76882e+00
  621  1.24e-03      5.64647e+00       2.48499e-02       3.77259e+00
  622  1.24e-03      5.65438e+00       2.83938e-02       3.77905e+00
  623  1.25e-03      5.64376e+00       2.01985e-02       3.76924e+00
  624  1.25e-03      5.64748e+00       2.82245e-02       3.77440e+00
  625  1.25e-03      5.63767e+00       2.63273e-02       3.76722e+00
  626  1.25e-03      5.65560e+00       2.76718e-02       3.77963e+00
  627  1.25e-03      5.64493e+00       2.48987e-02       3.77158e+00
  628  1.26e-03      5.64500e+00       2.71565e-02       3.77239e+00
  629  1.26e-03      5.63807e+00       2.81004e-02       3.76808e+00
  630  1.26e-03      5.64445e+00       2.35453e-02       3.77082e+00
  631  1.26e-03      5.64744e+00       2.10049e-02       3.77196e+00
  632  1.26e-03      5.65829e+00       3.02643e-02       3.78228e+00
  633  1.27e-03      5.63783e+00       2.81285e-02       3.76793e+00
  634  1.27e-03      5.63125e+00       2.80487e-02       3.76352e+00
  635  1.27e-03      5.63082e+00       2.56228e-02       3.76242e+00
  636  1.27e-03      5.65174e+00       2.81594e-02       3.77721e+00
  637  1.27e-03      5.64406e+00       2.82871e-02       3.77214e+00
  638  1.28e-03      5.62434e+00       2.63209e-02       3.75834e+00
  639  1.28e-03      5.63095e+00       2.08735e-02       3.76092e+00
  640  1.28e-03      5.64228e+00       2.60700e-02       3.77021e+00
  641  1.28e-03      5.63735e+00       2.60323e-02       3.76691e+00
  642  1.28e-03      5.62261e+00       2.56216e-02       3.75695e+00
  643  1.29e-03      5.65579e+00       2.68090e-02       3.77946e+00
  644  1.29e-03      5.64620e+00       2.41789e-02       3.77219e+00
  645  1.29e-03      5.63591e+00       3.29250e-02       3.76825e+00
  646  1.29e-03      5.65415e+00       2.80117e-02       3.77877e+00
  647  1.29e-03      5.64789e+00       2.30067e-02       3.77293e+00
  648  1.30e-03      5.63577e+00       3.30001e-02       3.76818e+00
  649  1.30e-03      5.64991e+00       2.59577e-02       3.77526e+00
  650  1.30e-03      5.64967e+00       2.76521e-02       3.77566e+00
  651  1.30e-03      5.62970e+00       2.82895e-02       3.76256e+00
  652  1.30e-03      5.63598e+00       2.82714e-02       3.76674e+00
  653  1.31e-03      5.66175e+00       2.77371e-02       3.78374e+00
  654  1.31e-03      5.63653e+00       2.87634e-02       3.76727e+00
  655  1.31e-03      5.63593e+00       2.70710e-02       3.76631e+00
  656  1.31e-03      5.64882e+00       2.97061e-02       3.77578e+00
  657  1.31e-03      5.64862e+00       2.60597e-02       3.77444e+00
  658  1.32e-03      5.63484e+00       2.75066e-02       3.76573e+00
  659  1.32e-03      5.62960e+00       2.97968e-02       3.76300e+00
  660  1.32e-03      5.64683e+00       2.47129e-02       3.77279e+00
  661  1.32e-03      5.64382e+00       2.90227e-02       3.77222e+00
  662  1.32e-03      5.64154e+00       2.97947e-02       3.77096e+00
  663  1.33e-03      5.63739e+00       2.59569e-02       3.76692e+00
  664  1.33e-03      5.64535e+00       2.83935e-02       3.77303e+00
  665  1.33e-03      5.63320e+00       3.00626e-02       3.76549e+00
  666  1.33e-03      5.64708e+00       2.98058e-02       3.77466e+00
  667  1.33e-03      5.63266e+00       3.10980e-02       3.76548e+00
  668  1.34e-03      5.63942e+00       2.52318e-02       3.76803e+00
  669  1.34e-03      5.63119e+00       2.91103e-02       3.76383e+00
  670  1.34e-03      5.63896e+00       2.97287e-02       3.76922e+00
  671  1.34e-03      5.63437e+00       2.65200e-02       3.76509e+00
  672  1.34e-03      5.63195e+00       3.46372e-02       3.76618e+00
  673  1.35e-03      5.63640e+00       2.38254e-02       3.76554e+00
  674  1.35e-03      5.63393e+00       3.03790e-02       3.76608e+00
  675  1.35e-03      5.62229e+00       3.11560e-02       3.75858e+00
  676  1.35e-03      5.62805e+00       2.68244e-02       3.76098e+00
  677  1.35e-03      5.62399e+00       2.85703e-02       3.75885e+00
  678  1.36e-03      5.62661e+00       3.05878e-02       3.76127e+00
  679  1.36e-03      5.63437e+00       2.87280e-02       3.76582e+00
  680  1.36e-03      5.62158e+00       3.11413e-02       3.75810e+00
  681  1.36e-03      5.61909e+00       3.09674e-02       3.75639e+00
  682  1.36e-03      5.61166e+00       3.07081e-02       3.75134e+00
  683  1.37e-03      5.61597e+00       3.10876e-02       3.75434e+00
  684  1.37e-03      5.61970e+00       2.91532e-02       3.75618e+00
  685  1.37e-03      5.61291e+00       3.50219e-02       3.75362e+00
  686  1.37e-03      5.60917e+00       2.80542e-02       3.74880e+00
  687  1.37e-03      5.60208e+00       2.63003e-02       3.74349e+00
  688  1.38e-03      5.61328e+00       3.42619e-02       3.75361e+00
  689  1.38e-03      5.60364e+00       3.06578e-02       3.74598e+00
  690  1.38e-03      5.60026e+00       2.88113e-02       3.74311e+00
  691  1.38e-03      5.59113e+00       3.25314e-02       3.73826e+00
  692  1.38e-03      5.59248e+00       2.93480e-02       3.73811e+00
  693  1.39e-03      5.60290e+00       3.44830e-02       3.74676e+00
  694  1.39e-03      5.59833e+00       3.13233e-02       3.74266e+00
  695  1.39e-03      5.59848e+00       3.44074e-02       3.74379e+00
  696  1.39e-03      5.59675e+00       3.33467e-02       3.74228e+00
  697  1.39e-03      5.60867e+00       2.76494e-02       3.74833e+00
  698  1.40e-03      5.58888e+00       3.18512e-02       3.73654e+00
  699  1.40e-03      5.57695e+00       3.40910e-02       3.72933e+00
  700  1.40e-03      5.59924e+00       2.96901e-02       3.74272e+00
  701  1.40e-03      5.59421e+00       3.37407e-02       3.74072e+00
  702  1.40e-03      5.60439e+00       3.10755e-02       3.74662e+00
  703  1.41e-03      5.59233e+00       2.97866e-02       3.73815e+00
  704  1.41e-03      5.59295e+00       3.47246e-02       3.74021e+00
  705  1.41e-03      5.57757e+00       3.38644e-02       3.72967e+00
  706  1.41e-03      5.58328e+00       3.02769e-02       3.73228e+00
  707  1.41e-03      5.59233e+00       3.79986e-02       3.74088e+00
  708  1.42e-03      5.57313e+00       2.90156e-02       3.72509e+00
  709  1.42e-03      5.57693e+00       3.53599e-02       3.72974e+00
  710  1.42e-03      5.57957e+00       2.80971e-02       3.72908e+00
  711  1.42e-03      5.57762e+00       3.07997e-02       3.72868e+00
  712  1.42e-03      5.56954e+00       3.18519e-02       3.72364e+00
  713  1.43e-03      5.59415e+00       3.20187e-02       3.74011e+00
  714  1.43e-03      5.58193e+00       3.12367e-02       3.73170e+00
  715  1.43e-03      5.56369e+00       3.41921e-02       3.72052e+00
  716  1.43e-03      5.58752e+00       3.58437e-02       3.73696e+00
  717  1.43e-03      5.58626e+00       3.35859e-02       3.73537e+00
  718  1.44e-03      5.57361e+00       3.34547e-02       3.72689e+00
  719  1.44e-03      5.55965e+00       3.21648e-02       3.71716e+00
  720  1.44e-03      5.58293e+00       3.52500e-02       3.73371e+00
  721  1.44e-03      5.56590e+00       3.24389e-02       3.72141e+00
  722  1.44e-03      5.55138e+00       3.14136e-02       3.71139e+00
  723  1.45e-03      5.55874e+00       2.83479e-02       3.71528e+00
  724  1.45e-03      5.57055e+00       3.22853e-02       3.72446e+00
  725  1.45e-03      5.54644e+00       3.83568e-02       3.71041e+00
  726  1.45e-03      5.56119e+00       3.51116e-02       3.71916e+00
  727  1.45e-03      5.55474e+00       3.25309e-02       3.71400e+00
  728  1.46e-03      5.56288e+00       3.37645e-02       3.71984e+00
  729  1.46e-03      5.54400e+00       3.33715e-02       3.70713e+00
  730  1.46e-03      5.57580e+00       3.10522e-02       3.72755e+00
  731  1.46e-03      5.56960e+00       3.25579e-02       3.72392e+00
  732  1.46e-03      5.56009e+00       3.14029e-02       3.71719e+00
  733  1.47e-03      5.55759e+00       3.60294e-02       3.71707e+00
  734  1.47e-03      5.57908e+00       3.01095e-02       3.72943e+00
  735  1.47e-03      5.57491e+00       3.21856e-02       3.72734e+00
  736  1.47e-03      5.58473e+00       3.68281e-02       3.73543e+00
  737  1.47e-03      5.56068e+00       3.42282e-02       3.71853e+00
  738  1.48e-03      5.57514e+00       3.27921e-02       3.72769e+00
  739  1.48e-03      5.57590e+00       3.05909e-02       3.72746e+00
  740  1.48e-03      5.57878e+00       3.04300e-02       3.72933e+00
  741  1.48e-03      5.56789e+00       3.67194e-02       3.72416e+00
  742  1.48e-03      5.58050e+00       3.23561e-02       3.73112e+00
  743  1.49e-03      5.56450e+00       2.96689e-02       3.71956e+00
  744  1.49e-03      5.57901e+00       2.97289e-02       3.72925e+00
  745  1.49e-03      5.58406e+00       2.96685e-02       3.73260e+00
  746  1.49e-03      5.56338e+00       3.88756e-02       3.72188e+00
  747  1.49e-03      5.57344e+00       3.47176e-02       3.72720e+00
  748  1.50e-03      5.58365e+00       3.19837e-02       3.73309e+00
  749  1.50e-03      5.57339e+00       3.25530e-02       3.72644e+00
  750  1.50e-03      5.57024e+00       3.35636e-02       3.72468e+00
  751  1.50e-03      5.56892e+00       3.23722e-02       3.72340e+00
  752  1.50e-03      5.57068e+00       3.71967e-02       3.72618e+00
  753  1.51e-03      5.56314e+00       3.21410e-02       3.71948e+00
  754  1.51e-03      5.57766e+00       3.12400e-02       3.72885e+00
  755  1.51e-03      5.56714e+00       3.62082e-02       3.72349e+00
  756  1.51e-03      5.58482e+00       3.53222e-02       3.73499e+00
  757  1.51e-03      5.56663e+00       3.67651e-02       3.72334e+00
  758  1.52e-03      5.57273e+00       3.45771e-02       3.72668e+00
  759  1.52e-03      5.56278e+00       3.22816e-02       3.71928e+00
  760  1.52e-03      5.57401e+00       3.01583e-02       3.72606e+00
  761  1.52e-03      5.56726e+00       2.88001e-02       3.72111e+00
  762  1.52e-03      5.59406e+00       3.76502e-02       3.74192e+00
  763  1.53e-03      5.58183e+00       3.24144e-02       3.73202e+00
  764  1.53e-03      5.58440e+00       4.11097e-02       3.73664e+00
  765  1.53e-03      5.56980e+00       3.22324e-02       3.72395e+00
  766  1.53e-03      5.58395e+00       3.64347e-02       3.73478e+00
  767  1.53e-03      5.58723e+00       3.65002e-02       3.73699e+00
  768  1.54e-03      5.57698e+00       3.85402e-02       3.73083e+00
  769  1.54e-03      5.56658e+00       3.12945e-02       3.72149e+00
  770  1.54e-03      5.58335e+00       2.74269e-02       3.73138e+00
  771  1.54e-03      5.57592e+00       2.81283e-02       3.72665e+00
  772  1.54e-03      5.57042e+00       3.52245e-02       3.72536e+00
  773  1.55e-03      5.58037e+00       3.43039e-02       3.73168e+00
  774  1.55e-03      5.58243e+00       2.88080e-02       3.73122e+00
  775  1.55e-03      5.58051e+00       3.27507e-02       3.73126e+00
  776  1.55e-03      5.57888e+00       3.80632e-02       3.73194e+00
  777  1.55e-03      5.58170e+00       3.40358e-02       3.73248e+00
  778  1.56e-03      5.57224e+00       3.57877e-02       3.72676e+00
  779  1.56e-03      5.57605e+00       3.39393e-02       3.72868e+00
  780  1.56e-03      5.59043e+00       3.29895e-02       3.73795e+00
  781  1.56e-03      5.58744e+00       3.87571e-02       3.73788e+00
  782  1.56e-03      5.57741e+00       3.52183e-02       3.73001e+00
  783  1.57e-03      5.57085e+00       3.09328e-02       3.72421e+00
  784  1.57e-03      5.57439e+00       3.36312e-02       3.72747e+00
  785  1.57e-03      5.56363e+00       3.69413e-02       3.72140e+00
  786  1.57e-03      5.56353e+00       3.16154e-02       3.71956e+00
  787  1.57e-03      5.57147e+00       3.76738e-02       3.72687e+00
  788  1.58e-03      5.56714e+00       3.64714e-02       3.72358e+00
  789  1.58e-03      5.55221e+00       3.56745e-02       3.71336e+00
  790  1.58e-03      5.56137e+00       3.69179e-02       3.71988e+00
  791  1.58e-03      5.56365e+00       3.54095e-02       3.72091e+00
  792  1.58e-03      5.56207e+00       3.33960e-02       3.71918e+00
  793  1.59e-03      5.55826e+00       3.43228e-02       3.71695e+00
  794  1.59e-03      5.55537e+00       3.96944e-02       3.71681e+00
  795  1.59e-03      5.56735e+00       3.38668e-02       3.72286e+00
  796  1.59e-03      5.56592e+00       3.73473e-02       3.72307e+00
  797  1.59e-03      5.57068e+00       3.72238e-02       3.72619e+00
  798  1.60e-03      5.57212e+00       3.80187e-02       3.72742e+00
  799  1.60e-03      5.57732e+00       3.74538e-02       3.73070e+00
  800  1.60e-03      5.57042e+00       3.27937e-02       3.72454e+00
  801  1.60e-03      5.56222e+00       3.46504e-02       3.71970e+00
  802  1.60e-03      5.55371e+00       3.55761e-02       3.71433e+00
  803  1.61e-03      5.55158e+00       3.03805e-02       3.71118e+00
  804  1.61e-03      5.55182e+00       3.22781e-02       3.71198e+00
  805  1.61e-03      5.54918e+00       3.59098e-02       3.71142e+00
  806  1.61e-03      5.56903e+00       3.60605e-02       3.72470e+00
  807  1.61e-03      5.53957e+00       3.52870e-02       3.70481e+00
  808  1.62e-03      5.54351e+00       3.55567e-02       3.70753e+00
  809  1.62e-03      5.54362e+00       3.32626e-02       3.70684e+00
  810  1.62e-03      5.54343e+00       4.32633e-02       3.71004e+00
  811  1.62e-03      5.53439e+00       3.72773e-02       3.70202e+00
  812  1.62e-03      5.55300e+00       3.80792e-02       3.71469e+00
  813  1.63e-03      5.54698e+00       3.33926e-02       3.70912e+00
  814  1.63e-03      5.54971e+00       3.74224e-02       3.71228e+00
  815  1.63e-03      5.54193e+00       4.06652e-02       3.70817e+00
  816  1.63e-03      5.55009e+00       3.74723e-02       3.71255e+00
  817  1.63e-03      5.53517e+00       3.37559e-02       3.70136e+00
  818  1.64e-03      5.54245e+00       3.11964e-02       3.70536e+00
  819  1.64e-03      5.53226e+00       3.16974e-02       3.69874e+00
  820  1.64e-03      5.54141e+00       3.55601e-02       3.70612e+00
  821  1.64e-03      5.52548e+00       3.80614e-02       3.69634e+00
  822  1.64e-03      5.51868e+00       3.36042e-02       3.69032e+00
  823  1.65e-03      5.50852e+00       3.32445e-02       3.68343e+00
  824  1.65e-03      5.50783e+00       3.38170e-02       3.68316e+00
  825  1.65e-03      5.50590e+00       4.09083e-02       3.68423e+00
  826  1.65e-03      5.50672e+00       3.60222e-02       3.68315e+00
  827  1.65e-03      5.50198e+00       3.82989e-02       3.68075e+00
  828  1.66e-03      5.51344e+00       3.87617e-02       3.68855e+00
  829  1.66e-03      5.52191e+00       3.84425e-02       3.69409e+00
  830  1.66e-03      5.51974e+00       3.03018e-02       3.68993e+00
  831  1.66e-03      5.49613e+00       3.94288e-02       3.67723e+00
  832  1.66e-03      5.51334e+00       3.54995e-02       3.68740e+00
  833  1.67e-03      5.50881e+00       3.19327e-02       3.68318e+00
  834  1.67e-03      5.50364e+00       2.87498e-02       3.67868e+00
  835  1.67e-03      5.50166e+00       3.18902e-02       3.67840e+00
  836  1.67e-03      5.51054e+00       3.54479e-02       3.68551e+00
  837  1.67e-03      5.51359e+00       3.85778e-02       3.68859e+00
  838  1.68e-03      5.50343e+00       3.77383e-02       3.68153e+00
  839  1.68e-03      5.50117e+00       3.56054e-02       3.67931e+00
  840  1.68e-03      5.51429e+00       3.57360e-02       3.68810e+00
  841  1.68e-03      5.50370e+00       3.98275e-02       3.68241e+00
  842  1.68e-03      5.49935e+00       3.44863e-02       3.67773e+00
  843  1.69e-03      5.47108e+00       3.55615e-02       3.65924e+00
  844  1.69e-03      5.48773e+00       3.29237e-02       3.66946e+00
  845  1.69e-03      5.49763e+00       3.27597e-02       3.67600e+00
  846  1.69e-03      5.48753e+00       3.46442e-02       3.66990e+00
  847  1.69e-03      5.48950e+00       4.02964e-02       3.67310e+00
  848  1.70e-03      5.48424e+00       3.44489e-02       3.66764e+00
  849  1.70e-03      5.49754e+00       3.14617e-02       3.67551e+00
  850  1.70e-03      5.48470e+00       3.77150e-02       3.66904e+00
  851  1.70e-03      5.47974e+00       3.44721e-02       3.66465e+00
  852  1.70e-03      5.47943e+00       3.63497e-02       3.66507e+00
  853  1.71e-03      5.50642e+00       3.42888e-02       3.68238e+00
  854  1.71e-03      5.49345e+00       3.20921e-02       3.67300e+00
  855  1.71e-03      5.48667e+00       3.86498e-02       3.67067e+00
  856  1.71e-03      5.48916e+00       3.39347e-02       3.67075e+00
  857  1.71e-03      5.48802e+00       3.82012e-02       3.67141e+00
  858  1.72e-03      5.48723e+00       3.84664e-02       3.67098e+00
  859  1.72e-03      5.49109e+00       3.48494e-02       3.67234e+00
  860  1.72e-03      5.49792e+00       3.93684e-02       3.67840e+00
  861  1.72e-03      5.49593e+00       3.75949e-02       3.67648e+00
  862  1.72e-03      5.49098e+00       3.68389e-02       3.67293e+00
  863  1.73e-03      5.48158e+00       3.53089e-02       3.66615e+00
  864  1.73e-03      5.49227e+00       3.50742e-02       3.67321e+00
  865  1.73e-03      5.47654e+00       3.33905e-02       3.66216e+00
  866  1.73e-03      5.47372e+00       3.18848e-02       3.65977e+00
  867  1.73e-03      5.47436e+00       3.26783e-02       3.66047e+00
  868  1.74e-03      5.47821e+00       3.51509e-02       3.66386e+00
  869  1.74e-03      5.48516e+00       3.62835e-02       3.66887e+00
  870  1.74e-03      5.47446e+00       3.29817e-02       3.66063e+00
  871  1.74e-03      5.50340e+00       3.88012e-02       3.68187e+00
  872  1.74e-03      5.49600e+00       4.05272e-02       3.67751e+00
  873  1.75e-03      5.50949e+00       4.04583e-02       3.68648e+00
  874  1.75e-03      5.51433e+00       3.14964e-02       3.68672e+00
  875  1.75e-03      5.51438e+00       3.25670e-02       3.68711e+00
  876  1.75e-03      5.51047e+00       4.02944e-02       3.68708e+00
  877  1.75e-03      5.51864e+00       3.72739e-02       3.69152e+00
  878  1.76e-03      5.51767e+00       3.76489e-02       3.69100e+00
  879  1.76e-03      5.53704e+00       3.56949e-02       3.70326e+00
  880  1.76e-03      5.52406e+00       3.68914e-02       3.69500e+00
  881  1.76e-03      5.51286e+00       4.18748e-02       3.68920e+00
  882  1.76e-03      5.52084e+00       3.61927e-02       3.69263e+00
  883  1.77e-03      5.53258e+00       3.00314e-02       3.69840e+00
  884  1.77e-03      5.51061e+00       4.42075e-02       3.68847e+00
  885  1.77e-03      5.52945e+00       3.51180e-02       3.69801e+00
  886  1.77e-03      5.52352e+00       3.37765e-02       3.69360e+00
  887  1.77e-03      5.53210e+00       3.41155e-02       3.69944e+00
  888  1.78e-03      5.53613e+00       3.54439e-02       3.70257e+00
  889  1.78e-03      5.52546e+00       3.32140e-02       3.69471e+00
  890  1.78e-03      5.51237e+00       4.01927e-02       3.68831e+00
  891  1.78e-03      5.52305e+00       3.59577e-02       3.69402e+00
  892  1.78e-03      5.51854e+00       3.64687e-02       3.69118e+00
  893  1.79e-03      5.52223e+00       3.95597e-02       3.69467e+00
  894  1.79e-03      5.50936e+00       3.94043e-02       3.68604e+00
  895  1.79e-03      5.50872e+00       3.49847e-02       3.68414e+00
  896  1.79e-03      5.51205e+00       3.50934e-02       3.68640e+00
  897  1.79e-03      5.51788e+00       3.86044e-02       3.69146e+00
  898  1.80e-03      5.51659e+00       3.97355e-02       3.69097e+00
  899  1.80e-03      5.52686e+00       3.29304e-02       3.69555e+00
  900  1.80e-03      5.52202e+00       3.71512e-02       3.69373e+00
  901  1.80e-03      5.50788e+00       4.19795e-02       3.68592e+00
  902  1.80e-03      5.50411e+00       4.15996e-02       3.68327e+00
  903  1.81e-03      5.50933e+00       4.10776e-02       3.68658e+00
  904  1.81e-03      5.51864e+00       3.12287e-02       3.68950e+00
  905  1.81e-03      5.51397e+00       2.89497e-02       3.68563e+00
  906  1.81e-03      5.50346e+00       3.35745e-02       3.68016e+00
  907  1.81e-03      5.49983e+00       3.51584e-02       3.67827e+00
  908  1.82e-03      5.49124e+00       3.47466e-02       3.67241e+00
  909  1.82e-03      5.50443e+00       3.74956e-02       3.68212e+00
  910  1.82e-03      5.51014e+00       4.05649e-02       3.68695e+00
  911  1.82e-03      5.49188e+00       4.04964e-02       3.67475e+00
  912  1.82e-03      5.49038e+00       3.59883e-02       3.67225e+00
  913  1.83e-03      5.49236e+00       4.03264e-02       3.67502e+00
  914  1.83e-03      5.49952e+00       3.87079e-02       3.67925e+00
  915  1.83e-03      5.50783e+00       3.20775e-02       3.68258e+00
  916  1.83e-03      5.52151e+00       3.21217e-02       3.69171e+00
  917  1.83e-03      5.50701e+00       3.54135e-02       3.68314e+00
  918  1.84e-03      5.50130e+00       3.54536e-02       3.67935e+00
  919  1.84e-03      5.51167e+00       3.86887e-02       3.68734e+00
  920  1.84e-03      5.51431e+00       3.80961e-02       3.68891e+00
  921  1.84e-03      5.50085e+00       4.31579e-02       3.68162e+00
  922  1.84e-03      5.50671e+00       3.93967e-02       3.68427e+00
  923  1.85e-03      5.51250e+00       3.58254e-02       3.68694e+00
  924  1.85e-03      5.52291e+00       3.94928e-02       3.69511e+00
  925  1.85e-03      5.49966e+00       3.48289e-02       3.67805e+00
  926  1.85e-03      5.50859e+00       3.46153e-02       3.68393e+00
  927  1.85e-03      5.50464e+00       4.15221e-02       3.68360e+00
  928  1.86e-03      5.52537e+00       3.74078e-02       3.69605e+00
  929  1.86e-03      5.50453e+00       3.61724e-02       3.68174e+00
  930  1.86e-03      5.51380e+00       4.07082e-02       3.68944e+00
  931  1.86e-03      5.50936e+00       4.24878e-02       3.68707e+00
  932  1.86e-03      5.50926e+00       4.50271e-02       3.68785e+00
  933  1.87e-03      5.50795e+00       3.60441e-02       3.68398e+00
  934  1.87e-03      5.51202e+00       3.84670e-02       3.68750e+00
  935  1.87e-03      5.50097e+00       3.37967e-02       3.67858e+00
  936  1.87e-03      5.50501e+00       3.54778e-02       3.68183e+00
  937  1.87e-03      5.49959e+00       3.81653e-02       3.67912e+00
  938  1.88e-03      5.51801e+00       3.21987e-02       3.68941e+00
  939  1.88e-03      5.52177e+00       3.83422e-02       3.69396e+00
  940  1.88e-03      5.51354e+00       4.34536e-02       3.69018e+00
  941  1.88e-03      5.51419e+00       4.16090e-02       3.69000e+00
  942  1.88e-03      5.51981e+00       3.64329e-02       3.69202e+00
  943  1.89e-03      5.51329e+00       4.78970e-02       3.69149e+00
  944  1.89e-03      5.51047e+00       4.24570e-02       3.68780e+00
  945  1.89e-03      5.51388e+00       4.22306e-02       3.69000e+00
  946  1.89e-03      5.53063e+00       3.99595e-02       3.70041e+00
  947  1.89e-03      5.50839e+00       3.78892e-02       3.68489e+00
  948  1.90e-03      5.51374e+00       3.55988e-02       3.68770e+00
  949  1.90e-03      5.49776e+00       3.58614e-02       3.67713e+00
  950  1.90e-03      5.51659e+00       3.44669e-02       3.68921e+00
  951  1.90e-03      5.50861e+00       3.61143e-02       3.68444e+00
  952  1.90e-03      5.50526e+00       3.12255e-02       3.68058e+00
  953  1.91e-03      5.50191e+00       3.92383e-02       3.68102e+00
  954  1.91e-03      5.50921e+00       3.81836e-02       3.68553e+00
  955  1.91e-03      5.50960e+00       3.33610e-02       3.68419e+00
  956  1.91e-03      5.47974e+00       4.01013e-02       3.66652e+00
  957  1.91e-03      5.51407e+00       3.97865e-02       3.68931e+00
  958  1.92e-03      5.51360e+00       3.76653e-02       3.68829e+00
  959  1.92e-03      5.48452e+00       3.72579e-02       3.66877e+00
  960  1.92e-03      5.47964e+00       3.74538e-02       3.66557e+00
  961  1.92e-03      5.50440e+00       4.13435e-02       3.68338e+00
  962  1.92e-03      5.49338e+00       3.99409e-02       3.67557e+00
  963  1.93e-03      5.48939e+00       3.54332e-02       3.67140e+00
  964  1.93e-03      5.49454e+00       4.35064e-02       3.67753e+00
  965  1.93e-03      5.49025e+00       3.76005e-02       3.67270e+00
  966  1.93e-03      5.47870e+00       3.76201e-02       3.66501e+00
  967  1.93e-03      5.47341e+00       3.56956e-02       3.66084e+00
  968  1.94e-03      5.47712e+00       3.25297e-02       3.66226e+00
  969  1.94e-03      5.47403e+00       3.59169e-02       3.66133e+00
  970  1.94e-03      5.48875e+00       3.80818e-02       3.67186e+00
  971  1.94e-03      5.49401e+00       3.48873e-02       3.67430e+00
  972  1.94e-03      5.49020e+00       4.20233e-02       3.67414e+00
  973  1.95e-03      5.49292e+00       4.22519e-02       3.67603e+00
  974  1.95e-03      5.50196e+00       4.03310e-02       3.68141e+00
  975  1.95e-03      5.49733e+00       3.92617e-02       3.67797e+00
  976  1.95e-03      5.50466e+00       3.90439e-02       3.68279e+00
  977  1.95e-03      5.48940e+00       3.49844e-02       3.67126e+00
  978  1.96e-03      5.49891e+00       3.59718e-02       3.67793e+00
  979  1.96e-03      5.49367e+00       2.67920e-02       3.67138e+00
  980  1.96e-03      5.51303e+00       3.59035e-02       3.68732e+00
  981  1.96e-03      5.49951e+00       3.33597e-02       3.67746e+00
  982  1.96e-03      5.49186e+00       3.49148e-02       3.67288e+00
  983  1.97e-03      5.50163e+00       3.92071e-02       3.68082e+00
  984  1.97e-03      5.49584e+00       4.09323e-02       3.67754e+00
  985  1.97e-03      5.48784e+00       3.81592e-02       3.67128e+00
  986  1.97e-03      5.49794e+00       3.93877e-02       3.67842e+00
  987  1.97e-03      5.49295e+00       4.10998e-02       3.67567e+00
  988  1.98e-03      5.50463e+00       3.50400e-02       3.68144e+00
  989  1.98e-03      5.49971e+00       3.50215e-02       3.67815e+00
  990  1.98e-03      5.49169e+00       3.97546e-02       3.67438e+00
  991  1.98e-03      5.49058e+00       4.12335e-02       3.67413e+00
  992  1.98e-03      5.50623e+00       4.15667e-02       3.68468e+00
  993  1.99e-03      5.49921e+00       4.70102e-02       3.68181e+00
  994  1.99e-03      5.50659e+00       3.86991e-02       3.68396e+00
  995  1.99e-03      5.51642e+00       3.70442e-02       3.68996e+00
  996  1.99e-03      5.50795e+00       3.74796e-02       3.68446e+00
  997  1.99e-03      5.49130e+00       3.91000e-02       3.67390e+00
  998  2.00e-03      5.49521e+00       3.37048e-02       3.67471e+00
  999  2.00e-03      5.49885e+00       3.75095e-02       3.67840e+00
