Delta = -4.138e+00 gamma
 step      t        T_in_plane/mK   T_out_of_plane/mK   T_tot/mK
    0  0.00e+00      5.93784e+00       0.00000e+00       3.95856e+00
    1  2.00e-06      5.80718e+00       9.39758e-04       3.87177e+00
    2  4.00e-06      5.86362e+00       2.72706e-03       3.90999e+00
    3  6.00e-06      5.93867e+00       4.34930e-03       3.96056e+00
    4  8.00e-06      5.92405e+00       6.15031e-03       3.95142e+00
    5  1.00e-05      5.87958e+00       8.79842e-03       3.92265e+00
    6  1.20e-05      5.89865e+00       8.37047e-03       3.93522e+00
    7  1.40e-05      5.94269e+00       1.00400e-02       3.96514e+00
    8  1.60e-05      5.92908e+00       1.28619e-02       3.95701e+00
    9  1.80e-05      5.91713e+00       1.67336e-02       3.95033e+00
   10  2.00e-05      5.91401e+00       1.27697e-02       3.94693e+00
   11  2.20e-05      5.93065e+00       1.60495e-02       3.95912e+00
   12  2.40e-05      5.94367e+00       1.98301e-02       3.96906e+00
   13  2.60e-05      5.96511e+00       1.91464e-02       3.98312e+00
   14  2.80e-05      5.99473e+00       2.06926e-02       4.00338e+00
   15  3.00e-05      5.99820e+00       2.45093e-02       4.00697e+00
   16  3.20e-05      5.98837e+00       2.70808e-02       4.00127e+00
   17  3.40e-05      6.00660e+00       2.43119e-02       4.01250e+00
   18  3.60e-05      6.02644e+00       2.02617e-02       4.02438e+00
   19  3.80e-05      6.01066e+00       2.63033e-02       4.01587e+00
   20  4.00e-05      5.98834e+00       2.52303e-02       4.00064e+00
   21  4.20e-05      5.93040e+00       2.81035e-02       3.96297e+00
   22  4.40e-05      5.95938e+00       2.53142e-02       3.98136e+00
   23  4.60e-05      5.93878e+00       3.04273e-02       3.96933e+00
   24  4.80e-05      5.91861e+00       2.65421e-02       3.95459e+00
   25  5.00e-05      5.85149e+00       3.13942e-02       3.91146e+00
   26  5.20e-05      5.85124e+00       4.08176e-02       3.91443e+00
   27  5.40e-05      5.82015e+00       3.24937e-02       3.89093e+00
   28  5.60e-05      5.86577e+00       4.73283e-02       3.92629e+00
   29  5.80e-05      5.85182e+00       3.86418e-02       3.91410e+00
   30  6.00e-05      5.90050e+00       4.72822e-02       3.94942e+00
   31  6.20e-05      5.94909e+00       4.06671e-02       3.97962e+00
   32  6.40e-05      5.97105e+00       5.02531e-02       3.99745e+00
   33  6.60e-05      5.96276e+00       4.37581e-02       3.98976e+00
   34  6.80e-05      5.94019e+00       5.13350e-02       3.97724e+00
   35  7.00e-05      5.92904e+00       5.76459e-02       3.97191e+00
   36  7.20e-05      5.93079e+00       5.10210e-02       3.97087e+00
   37  7.40e-05      5.91610e+00       6.60531e-02       3.96609e+00
   38  7.60e-05      5.88172e+00       6.04438e-02       3.94129e+00
   39  7.80e-05      5.88917e+00       5.96486e-02       3.94599e+00
   40  8.00e-05      5.86025e+00       5.42273e-02       3.92491e+00
   41  8.20e-05      5.85955e+00       5.57929e-02       3.92497e+00
   42  8.40e-05      5.90030e+00       6.80429e-02       3.95622e+00
   43  8.60e-05      5.88224e+00       7.15927e-02       3.94535e+00
   44  8.80e-05      5.91161e+00       5.77089e-02       3.96031e+00
   45  9.00e-05      5.89975e+00       7.27859e-02       3.95743e+00
   46  9.20e-05      5.92767e+00       7.47543e-02       3.97670e+00
   47  9.40e-05      5.84813e+00       8.23081e-02       3.92619e+00
   48  9.60e-05      5.91772e+00       6.24420e-02       3.96596e+00
   49  9.80e-05      5.93846e+00       7.54893e-02       3.98413e+00
   50  1.00e-04      5.92858e+00       7.89852e-02       3.97872e+00
   51  1.02e-04      5.91696e+00       7.76417e-02       3.97052e+00
   52  1.04e-04      5.90077e+00       7.15165e-02       3.95768e+00
   53  1.06e-04      5.88914e+00       8.13528e-02       3.95321e+00
   54  1.08e-04      5.87047e+00       8.45083e-02       3.94182e+00
   55  1.10e-04      5.92869e+00       7.36268e-02       3.97700e+00
   56  1.12e-04      5.88475e+00       7.29400e-02       3.94748e+00
   57  1.14e-04      5.88476e+00       8.48504e-02       3.95146e+00
   58  1.16e-04      5.89045e+00       8.05710e-02       3.95382e+00
   59  1.18e-04      5.87488e+00       8.85733e-02       3.94611e+00
   60  1.20e-04      5.84935e+00       8.90759e-02       3.92926e+00
   61  1.22e-04      5.83143e+00       9.76259e-02       3.92016e+00
   62  1.24e-04      5.82540e+00       9.21352e-02       3.91431e+00
   63  1.26e-04      5.81128e+00       1.15789e-01       3.91278e+00
   64  1.28e-04      5.82537e+00       1.15138e-01       3.92196e+00
   65  1.30e-04      5.80462e+00       9.03490e-02       3.89986e+00
   66  1.32e-04      5.83359e+00       1.06127e-01       3.92443e+00
   67  1.34e-04      5.82900e+00       1.16735e-01       3.92491e+00
   68  1.36e-04      5.82171e+00       9.95750e-02       3.91433e+00
   69  1.38e-04      5.85105e+00       1.22185e-01       3.94143e+00
   70  1.40e-04      5.82210e+00       1.58311e-01       3.93417e+00
   71  1.42e-04      5.84347e+00       1.01267e-01       3.92940e+00
   72  1.44e-04      5.84119e+00       1.13809e-01       3.93206e+00
   73  1.46e-04      5.79290e+00       1.52343e-01       3.91271e+00
   74  1.48e-04      5.75974e+00       1.29200e-01       3.88289e+00
   75  1.50e-04      5.78532e+00       1.30196e-01       3.90028e+00
   76  1.52e-04      5.85223e+00       1.52446e-01       3.95230e+00
   77  1.54e-04      5.83388e+00       1.31490e-01       3.93308e+00
   78  1.56e-04      5.85805e+00       1.17925e-01       3.94467e+00
   79  1.58e-04      5.84695e+00       1.49366e-01       3.94775e+00
   80  1.60e-04      5.85056e+00       1.45929e-01       3.94901e+00
   81  1.62e-04      5.81634e+00       1.28338e-01       3.92034e+00
   82  1.64e-04      5.80968e+00       1.43486e-01       3.92095e+00
   83  1.66e-04      5.79853e+00       1.53633e-01       3.91689e+00
   84  1.68e-04      5.81467e+00       1.23824e-01       3.91772e+00
   85  1.70e-04      5.83797e+00       1.36341e-01       3.93742e+00
   86  1.72e-04      5.84093e+00       1.53557e-01       3.94514e+00
   87  1.74e-04      5.89005e+00       1.49725e-01       3.97661e+00
   88  1.76e-04      5.87819e+00       1.30921e-01       3.96243e+00
   89  1.78e-04      5.82521e+00       1.57308e-01       3.93591e+00
   90  1.80e-04      5.81325e+00       1.32780e-01       3.91976e+00
   91  1.82e-04      5.78004e+00       1.27427e-01       3.89584e+00
   92  1.84e-04      5.73975e+00       1.32117e-01       3.87054e+00
   93  1.86e-04      5.71257e+00       1.67634e-01       3.86426e+00
   94  1.88e-04      5.73030e+00       1.56221e-01       3.87227e+00
   95  1.90e-04      5.66922e+00       1.52806e-01       3.83041e+00
   96  1.92e-04      5.66682e+00       1.47270e-01       3.82697e+00
   97  1.94e-04      5.66155e+00       1.45406e-01       3.82284e+00
   98  1.96e-04      5.65209e+00       1.44073e-01       3.81608e+00
   99  1.98e-04      5.61827e+00       1.49102e-01       3.79521e+00
  100  2.00e-04      5.60603e+00       1.57870e-01       3.78998e+00
  101  2.02e-04      5.60431e+00       1.33867e-01       3.78083e+00
  102  2.04e-04      5.61100e+00       1.52904e-01       3.79164e+00
  103  2.06e-04      5.61052e+00       1.73811e-01       3.79828e+00
  104  2.08e-04      5.61103e+00       1.19460e-01       3.78050e+00
  105  2.10e-04      5.59568e+00       1.38901e-01       3.77675e+00
  106  2.12e-04      5.66322e+00       1.74790e-01       3.83374e+00
  107  2.14e-04      5.66191e+00       1.37661e-01       3.82050e+00
  108  2.16e-04      5.70541e+00       1.40153e-01       3.85032e+00
  109  2.18e-04      5.68919e+00       1.59265e-01       3.84588e+00
  110  2.20e-04      5.72866e+00       1.86397e-01       3.88124e+00
  111  2.22e-04      5.72419e+00       1.56136e-01       3.86817e+00
  112  2.24e-04      5.75454e+00       1.68164e-01       3.89241e+00
  113  2.26e-04      5.70639e+00       1.97763e-01       3.87018e+00
  114  2.28e-04      5.68866e+00       1.60870e-01       3.84606e+00
  115  2.30e-04      5.73058e+00       1.55974e-01       3.87238e+00
  116  2.32e-04      5.76992e+00       1.92696e-01       3.91085e+00
  117  2.34e-04      5.71437e+00       1.32967e-01       3.85390e+00
  118  2.36e-04      5.68283e+00       1.40960e-01       3.83554e+00
  119  2.38e-04      5.70389e+00       1.80622e-01       3.86280e+00
  120  2.40e-04      5.68441e+00       1.72441e-01       3.84708e+00
  121  2.42e-04      5.72862e+00       1.41469e-01       3.86624e+00
  122  2.44e-04      5.77289e+00       2.04809e-01       3.91686e+00
  123  2.46e-04      5.79385e+00       1.81406e-01       3.92303e+00
  124  2.48e-04      5.79777e+00       1.72929e-01       3.92282e+00
  125  2.50e-04      5.78164e+00       2.07242e-01       3.92351e+00
  126  2.52e-04      5.76933e+00       1.72599e-01       3.90375e+00
  127  2.54e-04      5.74669e+00       1.61736e-01       3.88504e+00
  128  2.56e-04      5.76531e+00       1.94297e-01       3.90831e+00
  129  2.58e-04      5.83583e+00       1.90747e-01       3.95413e+00
  130  2.60e-04      5.85786e+00       1.78431e-01       3.96472e+00
  131  2.62e-04      5.82252e+00       2.02903e-01       3.94931e+00
  132  2.64e-04      5.87661e+00       1.99557e-01       3.98426e+00
  133  2.66e-04      5.82139e+00       2.10824e-01       3.95120e+00
  134  2.68e-04      5.85358e+00       2.25186e-01       3.97745e+00
  135  2.70e-04      5.85568e+00       1.95626e-01       3.96900e+00
  136  2.72e-04      5.85932e+00       2.15810e-01       3.97815e+00
  137  2.74e-04      5.87645e+00       2.22741e-01       3.99188e+00
  138  2.76e-04      5.91289e+00       2.14955e-01       4.01358e+00
  139  2.78e-04      5.86814e+00       2.26895e-01       3.98772e+00
  140  2.80e-04      5.87869e+00       2.62967e-01       4.00678e+00
  141  2.82e-04      5.88545e+00       2.01926e-01       3.99094e+00
  142  2.84e-04      5.89644e+00       2.38574e-01       4.01049e+00
  143  2.86e-04      5.91793e+00       2.14590e-01       4.01681e+00
  144  2.88e-04      5.91828e+00       1.94868e-01       4.01048e+00
  145  2.90e-04      5.88976e+00       2.49758e-01       4.00976e+00
  146  2.92e-04      5.86262e+00       2.34969e-01       3.98674e+00
  147  2.94e-04      5.85998e+00       1.82685e-01       3.96755e+00
  148  2.96e-04      5.88119e+00       2.59207e-01       4.00720e+00
  149  2.98e-04      5.84516e+00       2.56391e-01       3.98224e+00
  150  3.00e-04      5.83839e+00       2.19844e-01       3.96554e+00
  151  3.02e-04      5.83156e+00       2.33216e-01       3.96545e+00
  152  3.04e-04      5.84672e+00       2.70555e-01       3.98800e+00
  153  3.06e-04      5.89061e+00       2.30908e-01       4.00404e+00
  154  3.08e-04      5.93100e+00       2.49735e-01       4.03725e+00
  155  3.10e-04      5.97359e+00       2.50178e-01       4.06579e+00
  156  3.12e-04      5.96145e+00       2.37011e-01       4.05331e+00
  157  3.14e-04      5.91610e+00       2.84470e-01       4.03889e+00
  158  3.16e-04      5.87824e+00       2.83502e-01       4.01332e+00
  159  3.18e-04      5.85236e+00       2.82631e-01       3.99578e+00
  160  3.20e-04      5.89117e+00       2.63002e-01       4.01511e+00
  161  3.22e-04      5.90744e+00       2.84904e-01       4.03326e+00
  162  3.24e-04      5.87484e+00       2.71330e-01       4.00700e+00
  163  3.26e-04      5.82445e+00       2.83305e-01       3.97740e+00
  164  3.28e-04      5.81686e+00       2.63125e-01       3.96561e+00
  165  3.30e-04      5.79909e+00       2.89126e-01       3.96243e+00
  166  3.32e-04      5.79223e+00       2.80844e-01       3.95510e+00
  167  3.34e-04      5.78564e+00       2.74175e-01       3.94849e+00
  168  3.36e-04      5.77732e+00       2.54127e-01       3.93625e+00
  169  3.38e-04      5.77724e+00       3.16121e-01       3.95686e+00
  170  3.40e-04      5.74006e+00       2.24943e-01       3.90169e+00
  171  3.42e-04      5.77522e+00       2.97426e-01       3.94929e+00
  172  3.44e-04      5.74768e+00       2.99238e-01       3.93153e+00
  173  3.46e-04      5.75981e+00       2.59057e-01       3.92623e+00
  174  3.48e-04      5.82622e+00       2.50381e-01       3.96761e+00
  175  3.50e-04      5.81859e+00       3.54811e-01       3.99733e+00
  176  3.52e-04      5.82284e+00       2.42159e-01       3.96261e+00
  177  3.54e-04      5.80317e+00       3.07068e-01       3.97113e+00
  178  3.56e-04      5.78201e+00       3.12662e-01       3.95890e+00
  179  3.58e-04      5.77052e+00       2.65866e-01       3.93564e+00
  180  3.60e-04      5.74885e+00       2.57148e-01       3.91828e+00
  181  3.62e-04      5.71757e+00       3.21070e-01       3.91873e+00
  182  3.64e-04      5.72862e+00       3.14011e-01       3.92375e+00
  183  3.66e-04      5.67902e+00       2.58773e-01       3.87227e+00
  184  3.68e-04      5.60924e+00       3.24643e-01       3.84771e+00
  185  3.70e-04      5.61162e+00       2.98300e-01       3.84052e+00
  186  3.72e-04      5.58470e+00       3.25890e-01       3.83176e+00
  187  3.74e-04      5.60678e+00       3.02910e-01       3.83882e+00
  188  3.76e-04      5.62211e+00       2.83472e-01       3.84256e+00
  189  3.78e-04      5.68345e+00       3.25986e-01       3.89763e+00
  190  3.80e-04      5.64749e+00       2.65254e-01       3.85341e+00
  191  3.82e-04      5.63959e+00       3.15922e-01       3.86503e+00
  192  3.84e-04      5.61888e+00       2.96710e-01       3.84482e+00
  193  3.86e-04      5.62349e+00       2.71116e-01       3.83936e+00
  194  3.88e-04      5.62344e+00       3.21855e-01       3.85624e+00
  195  3.90e-04      5.62652e+00       3.38203e-01       3.86375e+00
  196  3.92e-04      5.61663e+00       3.49278e-01       3.86085e+00
  197  3.94e-04      5.60350e+00       2.51102e-01       3.81937e+00
  198  3.96e-04      5.62223e+00       3.62188e-01       3.86888e+00
  199  3.98e-04      5.62069e+00       3.29654e-01       3.85701e+00
  200  4.00e-04      5.60459e+00       2.80115e-01       3.82976e+00
  201  4.02e-04      5.67627e+00       4.08760e-01       3.92043e+00
  202  4.04e-04      5.68008e+00       3.22532e-01       3.89423e+00
  203  4.06e-04      5.66875e+00       2.67966e-01       3.86849e+00
  204  4.08e-04      5.64463e+00       3.59343e-01       3.88287e+00
  205  4.10e-04      5.71679e+00       3.61489e-01       3.93169e+00
  206  4.12e-04      5.67541e+00       3.04981e-01       3.88527e+00
  207  4.14e-04      5.70095e+00       3.11134e-01       3.90435e+00
  208  4.16e-04      5.68379e+00       3.85601e-01       3.91772e+00
  209  4.18e-04      5.67378e+00       3.15563e-01       3.88770e+00
  210  4.20e-04      5.67466e+00       3.32593e-01       3.89397e+00
  211  4.22e-04      5.68607e+00       3.92229e-01       3.92146e+00
  212  4.24e-04      5.66699e+00       3.30137e-01       3.88804e+00
  213  4.26e-04      5.65820e+00       3.81043e-01       3.89915e+00
  214  4.28e-04      5.66059e+00       3.51293e-01       3.89082e+00
  215  4.30e-04      5.66946e+00       3.56838e-01       3.89859e+00
  216  4.32e-04      5.68315e+00       3.31751e-01       3.89935e+00
  217  4.34e-04      5.64961e+00       3.03705e-01       3.86764e+00
  218  4.36e-04      5.63340e+00       3.49478e-01       3.87209e+00
  219  4.38e-04      5.60478e+00       3.58241e-01       3.85594e+00
  220  4.40e-04      5.61080e+00       2.91818e-01       3.83780e+00
  221  4.42e-04      5.59904e+00       3.93310e-01       3.86380e+00
  222  4.44e-04      5.62377e+00       3.54796e-01       3.86745e+00
  223  4.46e-04      5.65254e+00       3.19657e-01       3.87491e+00
  224  4.48e-04      5.69339e+00       3.95591e-01       3.92746e+00
  225  4.50e-04      5.67900e+00       3.77765e-01       3.91192e+00
  226  4.52e-04      5.68070e+00       3.16570e-01       3.89266e+00
  227  4.54e-04      5.69152e+00       3.39233e-01       3.90743e+00
  228  4.56e-04      5.71456e+00       3.97131e-01       3.94208e+00
  229  4.58e-04      5.69288e+00       2.74946e-01       3.88690e+00
  230  4.60e-04      5.69580e+00       3.59747e-01       3.91712e+00
  231  4.62e-04      5.70308e+00       3.14751e-01       3.90697e+00
  232  4.64e-04      5.72338e+00       3.48350e-01       3.93170e+00
  233  4.66e-04      5.76051e+00       3.11957e-01       3.94433e+00
  234  4.68e-04      5.77511e+00       3.63543e-01       3.97125e+00
  235  4.70e-04      5.72601e+00       3.12957e-01       3.92166e+00
  236  4.72e-04      5.73602e+00       3.50335e-01       3.94079e+00
  237  4.74e-04      5.73172e+00       3.32484e-01       3.93197e+00
  238  4.76e-04      5.73323e+00       3.79525e-01       3.94866e+00
  239  4.78e-04      5.67701e+00       2.86734e-01       3.88025e+00
  240  4.80e-04      5.65866e+00       3.52654e-01       3.88999e+00
  241  4.82e-04      5.68331e+00       3.48827e-01       3.90515e+00
  242  4.84e-04      5.70322e+00       3.84673e-01       3.93037e+00
  243  4.86e-04      5.74780e+00       2.77528e-01       3.92438e+00
  244  4.88e-04      5.72511e+00       3.35472e-01       3.92857e+00
  245  4.90e-04      5.74379e+00       3.45828e-01       3.94447e+00
  246  4.92e-04      5.81741e+00       3.32392e-01       3.98907e+00
  247  4.94e-04      5.80550e+00       3.59265e-01       3.99009e+00
  248  4.96e-04      5.82994e+00       3.56281e-01       4.00539e+00
  249  4.98e-04      5.81084e+00       3.99391e-01       4.00702e+00
  250  5.00e-04      5.79164e+00       2.96777e-01       3.96002e+00
  251  5.02e-04      5.75913e+00       4.19581e-01       3.97928e+00
  252  5.04e-04      5.76219e+00       3.59511e-01       3.96130e+00
  253  5.06e-04      5.78659e+00       3.35922e-01       3.96970e+00
  254  5.08e-04      5.85027e+00       3.61616e-01       4.02072e+00
  255  5.10e-04      5.86242e+00       3.82486e-01       4.03578e+00
  256  5.12e-04      5.81270e+00       3.28716e-01       3.98470e+00
  257  5.14e-04      5.86547e+00       3.71549e-01       4.03416e+00
  258  5.16e-04      5.92495e+00       3.53745e-01       4.06788e+00
  259  5.18e-04      5.90291e+00       3.59018e-01       4.05494e+00
  260  5.20e-04      5.93823e+00       3.37275e-01       4.07125e+00
  261  5.22e-04      5.98697e+00       4.12983e-01       4.12897e+00
  262  5.24e-04      5.95378e+00       3.36964e-01       4.08151e+00
  263  5.26e-04      5.96545e+00       4.03592e-01       4.11149e+00
  264  5.28e-04      5.99893e+00       3.71929e-01       4.12326e+00
  265  5.30e-04      6.09237e+00       4.63372e-01       4.21604e+00
  266  5.32e-04      6.01413e+00       3.33148e-01       4.12047e+00
  267  5.34e-04      5.99166e+00       4.06262e-01       4.12986e+00
  268  5.36e-04      6.03327e+00       3.95901e-01       4.15415e+00
  269  5.38e-04      6.01582e+00       3.59045e-01       4.13023e+00
  270  5.40e-04      5.99918e+00       3.77326e-01       4.12523e+00
  271  5.42e-04      6.04971e+00       4.29159e-01       4.17619e+00
  272  5.44e-04      6.02266e+00       4.27690e-01       4.15767e+00
  273  5.46e-04      6.03919e+00       3.51923e-01       4.14344e+00
  274  5.48e-04      6.03644e+00       4.49701e-01       4.17419e+00
  275  5.50e-04      6.01540e+00       4.07038e-01       4.14595e+00
  276  5.52e-04      5.99764e+00       4.06041e-01       4.13377e+00
  277  5.54e-04      6.01769e+00       3.88009e-01       4.14113e+00
  278  5.56e-04      6.01750e+00       4.28764e-01       4.15459e+00
  279  5.58e-04      6.02124e+00       3.66239e-01       4.13624e+00
  280  5.60e-04      6.01409e+00       3.75766e-01       4.13465e+00
  281  5.62e-04      5.98297e+00       3.49597e-01       4.10518e+00
  282  5.64e-04      6.01915e+00       4.47613e-01       4.16197e+00
  283  5.66e-04      5.94491e+00       3.02238e-01       4.06402e+00
  284  5.68e-04      5.94649e+00       4.68564e-01       4.12052e+00
  285  5.70e-04      5.97200e+00       3.41890e-01       4.09530e+00
  286  5.72e-04      5.98223e+00       4.47310e-01       4.13726e+00
  287  5.74e-04      6.01194e+00       3.40935e-01       4.12160e+00
  288  5.76e-04      6.03351e+00       4.49049e-01       4.17202e+00
  289  5.78e-04      6.02713e+00       3.59298e-01       4.13785e+00
  290  5.80e-04      6.03965e+00       4.45447e-01       4.17492e+00
  291  5.82e-04      6.06094e+00       4.17870e-01       4.17991e+00
  292  5.84e-04      6.02518e+00       3.62174e-01       4.13751e+00
  293  5.86e-04      6.03607e+00       4.06539e-01       4.15956e+00
  294  5.88e-04      6.03447e+00       4.04073e-01       4.15767e+00
  295  5.90e-04      6.00915e+00       4.19089e-01       4.14580e+00
  296  5.92e-04      6.00197e+00       4.27248e-01       4.14373e+00
  297  5.94e-04      6.06799e+00       3.76666e-01       4.17088e+00
  298  5.96e-04      6.00821e+00       4.25612e-01       4.14734e+00
  299  5.98e-04      6.00579e+00       4.02659e-01       4.13808e+00
  300  6.00e-04      5.99969e+00       4.41335e-01       4.14690e+00
  301  6.02e-04      6.03284e+00       4.16892e-01       4.16086e+00
  302  6.04e-04      6.03100e+00       3.77736e-01       4.14658e+00
  303  6.06e-04      6.05303e+00       4.72179e-01       4.19275e+00
  304  6.08e-04      6.04538e+00       4.45636e-01       4.17880e+00
  305  6.10e-04      6.01716e+00       3.83299e-01       4.13921e+00
  306  6.12e-04      6.00767e+00       3.02499e-01       4.10595e+00
  307  6.14e-04      6.03098e+00       4.57924e-01       4.17330e+00
  308  6.16e-04      6.05220e+00       3.69845e-01       4.15808e+00
  309  6.18e-04      6.03508e+00       4.08376e-01       4.15951e+00
  310  6.20e-04      6.08644e+00       3.97739e-01       4.19021e+00
  311  6.22e-04      6.04975e+00       4.45918e-01       4.18180e+00
  312  6.24e-04      6.02208e+00       3.74827e-01       4.13966e+00
  313  6.26e-04      6.07064e+00       4.75126e-01       4.20547e+00
  314  6.28e-04      6.08961e+00       4.30290e-01       4.20317e+00
  315  6.30e-04      6.09427e+00       4.44957e-01       4.21117e+00
  316  6.32e-04      6.03942e+00       4.18578e-01       4.16581e+00
  317  6.34e-04      6.03818e+00       4.41009e-01       4.17246e+00
  318  6.36e-04      6.05456e+00       4.11904e-01       4.17368e+00
  319  6.38e-04      6.02965e+00       4.48397e-01       4.16923e+00
  320  6.40e-04      6.02834e+00       4.06990e-01       4.15455e+00
  321  6.42e-04      6.05370e+00       4.84663e-01       4.19736e+00
  322  6.44e-04      6.07961e+00       4.03429e-01       4.18755e+00
  323  6.46e-04      6.05066e+00       4.74344e-01       4.19189e+00
  324  6.48e-04      6.07401e+00       4.69358e-01       4.20580e+00
  325  6.50e-04      6.10296e+00       4.51014e-01       4.21898e+00
  326  6.52e-04      6.05309e+00       4.51212e-01       4.18579e+00
  327  6.54e-04      6.10980e+00       5.24631e-01       4.24808e+00
  328  6.56e-04      6.09032e+00       4.98681e-01       4.22644e+00
  329  6.58e-04      6.09016e+00       4.36057e-01       4.20546e+00
  330  6.60e-04      6.13403e+00       4.78265e-01       4.24878e+00
  331  6.62e-04      6.07474e+00       4.59455e-01       4.20298e+00
  332  6.64e-04      6.03977e+00       5.13361e-01       4.19763e+00
  333  6.66e-04      6.03116e+00       4.54060e-01       4.17213e+00
  334  6.68e-04      6.01409e+00       5.08223e-01       4.17880e+00
  335  6.70e-04      6.02271e+00       4.29195e-01       4.15821e+00
  336  6.72e-04      6.02482e+00       4.03065e-01       4.15090e+00
  337  6.74e-04      6.01566e+00       5.41192e-01       4.19083e+00
  338  6.76e-04      5.98884e+00       4.77066e-01       4.15158e+00
  339  6.78e-04      5.99165e+00       4.73484e-01       4.15226e+00
  340  6.80e-04      5.98655e+00       5.26439e-01       4.16652e+00
  341  6.82e-04      5.98536e+00       5.33103e-01       4.16794e+00
  342  6.84e-04      5.99188e+00       4.59073e-01       4.14761e+00
  343  6.86e-04      5.99600e+00       4.64757e-01       4.15225e+00
  344  6.88e-04      5.98929e+00       5.62921e-01       4.18050e+00
  345  6.90e-04      5.99010e+00       4.41680e-01       4.14062e+00
  346  6.92e-04      5.99927e+00       4.59113e-01       4.15255e+00
  347  6.94e-04      6.02446e+00       5.01103e-01       4.18334e+00
  348  6.96e-04      6.00025e+00       4.60617e-01       4.15370e+00
  349  6.98e-04      5.98556e+00       4.16194e-01       4.12911e+00
  350  7.00e-04      6.06089e+00       4.78558e-01       4.20011e+00
  351  7.02e-04      6.07624e+00       5.36438e-01       4.22964e+00
  352  7.04e-04      6.08990e+00       4.02713e-01       4.19417e+00
  353  7.06e-04      6.10397e+00       5.56238e-01       4.25473e+00
  354  7.08e-04      6.10289e+00       5.06606e-01       4.23746e+00
  355  7.10e-04      6.07540e+00       4.79207e-01       4.21000e+00
  356  7.12e-04      6.04900e+00       4.73685e-01       4.19056e+00
  357  7.14e-04      6.07851e+00       5.08846e-01       4.22195e+00
  358  7.16e-04      6.07859e+00       5.08167e-01       4.22178e+00
  359  7.18e-04      6.02445e+00       4.89362e-01       4.17942e+00
  360  7.20e-04      5.99334e+00       4.24554e-01       4.13708e+00
  361  7.22e-04      5.98933e+00       5.22453e-01       4.16703e+00
  362  7.24e-04      5.98994e+00       4.69288e-01       4.14972e+00
  363  7.26e-04      5.97365e+00       4.74750e-01       4.14068e+00
  364  7.28e-04      5.97039e+00       4.61815e-01       4.13420e+00
  365  7.30e-04      5.94807e+00       6.09146e-01       4.16843e+00
  366  7.32e-04      5.98656e+00       4.35463e-01       4.13619e+00
  367  7.34e-04      6.04990e+00       6.20638e-01       4.24015e+00
  368  7.36e-04      6.06009e+00       6.01871e-01       4.24068e+00
  369  7.38e-04      6.09073e+00       5.62643e-01       4.24804e+00
  370  7.40e-04      6.05560e+00       5.65435e-01       4.22555e+00
  371  7.42e-04      6.05567e+00       6.70112e-01       4.26049e+00
  372  7.44e-04      6.10063e+00       5.55493e-01       4.25225e+00
  373  7.46e-04      6.10642e+00       4.59885e-01       4.22424e+00
  374  7.48e-04      6.05041e+00       6.08946e-01       4.23659e+00
  375  7.50e-04      6.04199e+00       6.45005e-01       4.24299e+00
  376  7.52e-04      6.06837e+00       4.31240e-01       4.18932e+00
  377  7.54e-04      6.09786e+00       6.19119e-01       4.27161e+00
  378  7.56e-04      6.09133e+00       6.85793e-01       4.28948e+00
  379  7.58e-04      6.10736e+00       5.09391e-01       4.24137e+00
  380  7.60e-04      6.06775e+00       5.78493e-01       4.23800e+00
  381  7.62e-04      6.03944e+00       7.76861e-01       4.28525e+00
  382  7.64e-04      6.06708e+00       5.58894e-01       4.23102e+00
  383  7.66e-04      6.10063e+00       6.05435e-01       4.26890e+00
  384  7.68e-04      6.11840e+00       7.05231e-01       4.31401e+00
  385  7.70e-04      6.16788e+00       5.48239e-01       4.29467e+00
  386  7.72e-04      6.20372e+00       5.56741e-01       4.32139e+00
  387  7.74e-04      6.17438e+00       5.98941e-01       4.31590e+00
  388  7.76e-04      6.18748e+00       6.41677e-01       4.33888e+00
  389  7.78e-04      6.21061e+00       4.99856e-01       4.30703e+00
  390  7.80e-04      6.22854e+00       6.61469e-01       4.37285e+00
  391  7.82e-04      6.23416e+00       6.55569e-01       4.37463e+00
  392  7.84e-04      6.21207e+00       6.57830e-01       4.36066e+00
  393  7.86e-04      6.22020e+00       5.56102e-01       4.33217e+00
  394  7.88e-04      6.19132e+00       7.26460e-01       4.36970e+00
  395  7.90e-04      6.15697e+00       7.09841e-01       4.34126e+00
  396  7.92e-04      6.15392e+00       5.53828e-01       4.28723e+00
  397  7.94e-04      6.19465e+00       6.73767e-01       4.35436e+00
  398  7.96e-04      6.25321e+00       6.61569e-01       4.38933e+00
  399  7.98e-04      6.27950e+00       5.30684e-01       4.36323e+00
  400  8.00e-04      6.31120e+00       5.86425e-01       4.40295e+00
  401  8.02e-04      6.35169e+00       6.75717e-01       4.45970e+00
  402  8.04e-04      6.39306e+00       6.39384e-01       4.47517e+00
  403  8.06e-04      6.39996e+00       5.27373e-01       4.44243e+00
  404  8.08e-04      6.33885e+00       7.02905e-01       4.46020e+00
  405  8.10e-04      6.33501e+00       6.18888e-01       4.42964e+00
  406  8.12e-04      6.36879e+00       5.05800e-01       4.41446e+00
  407  8.14e-04      6.41294e+00       7.20129e-01       4.51534e+00
  408  8.16e-04      6.50267e+00       6.75857e-01       4.56040e+00
  409  8.18e-04      6.47020e+00       5.87041e-01       4.50915e+00
  410  8.20e-04      6.48733e+00       5.44201e-01       4.50629e+00
  411  8.22e-04      6.48762e+00       7.76506e-01       4.58391e+00
  412  8.24e-04      6.44674e+00       5.35707e-01       4.47640e+00
  413  8.26e-04      6.39398e+00       5.72497e-01       4.45349e+00
  414  8.28e-04      6.38649e+00       7.13665e-01       4.49555e+00
  415  8.30e-04      6.34908e+00       7.19915e-01       4.47269e+00
  416  8.32e-04      6.35889e+00       5.28783e-01       4.41552e+00
  417  8.34e-04      6.31711e+00       6.51959e-01       4.42873e+00
  418  8.36e-04      6.34839e+00       6.74365e-01       4.45705e+00
  419  8.38e-04      6.32880e+00       6.08696e-01       4.42210e+00
  420  8.40e-04      6.31610e+00       5.99319e-01       4.41050e+00
  421  8.42e-04      6.30166e+00       7.72372e-01       4.45857e+00
  422  8.44e-04      6.29381e+00       6.74270e-01       4.42063e+00
  423  8.46e-04      6.31762e+00       6.19954e-01       4.41840e+00
  424  8.48e-04      6.34417e+00       7.33844e-01       4.47406e+00
  425  8.50e-04      6.36342e+00       7.73510e-01       4.50012e+00
  426  8.52e-04      6.36565e+00       6.22054e-01       4.45112e+00
  427  8.54e-04      6.30731e+00       6.97340e-01       4.43732e+00
  428  8.56e-04      6.37127e+00       8.31695e-01       4.52474e+00
  429  8.58e-04      6.33174e+00       6.74139e-01       4.44587e+00
  430  8.60e-04      6.34516e+00       4.88147e-01       4.39282e+00
  431  8.62e-04      6.31983e+00       7.73118e-01       4.47092e+00
  432  8.64e-04      6.32977e+00       7.53430e-01       4.47099e+00
  433  8.66e-04      6.38144e+00       5.49943e-01       4.43761e+00
  434  8.68e-04      6.37046e+00       8.36270e-01       4.52573e+00
  435  8.70e-04      6.34693e+00       9.08486e-01       4.53411e+00
  436  8.72e-04      6.38289e+00       6.34897e-01       4.46689e+00
  437  8.74e-04      6.38040e+00       6.79683e-01       4.48016e+00
  438  8.76e-04      6.40340e+00       9.78619e-01       4.59514e+00
  439  8.78e-04      6.40005e+00       6.06253e-01       4.46878e+00
  440  8.80e-04      6.42898e+00       6.85493e-01       4.51448e+00
  441  8.82e-04      6.46259e+00       7.72621e-01       4.56593e+00
  442  8.84e-04      6.51108e+00       6.53618e-01       4.55859e+00
  443  8.86e-04      6.55012e+00       5.90955e-01       4.56373e+00
  444  8.88e-04      6.59036e+00       7.15423e-01       4.63205e+00
  445  8.90e-04      6.58988e+00       7.63707e-01       4.64782e+00
  446  8.92e-04      6.56704e+00       6.48962e-01       4.59435e+00
  447  8.94e-04      6.52070e+00       7.66239e-01       4.60255e+00
  448  8.96e-04      6.54951e+00       8.57703e-01       4.65224e+00
  449  8.98e-04      6.45532e+00       7.24522e-01       4.54505e+00
  450  9.00e-04      6.47593e+00       6.71869e-01       4.54124e+00
  451  9.02e-04      6.47979e+00       8.12743e-01       4.59078e+00
  452  9.04e-04      6.53927e+00       7.41950e-01       4.60683e+00
  453  9.06e-04      6.49929e+00       7.04526e-01       4.56770e+00
  454  9.08e-04      6.47750e+00       6.35850e-01       4.53029e+00
  455  9.10e-04      6.44945e+00       7.60052e-01       4.55299e+00
  456  9.12e-04      6.45077e+00       6.79242e-01       4.52693e+00
  457  9.14e-04      6.42109e+00       7.51158e-01       4.53111e+00
  458  9.16e-04      6.40875e+00       7.67325e-01       4.52827e+00
  459  9.18e-04      6.43028e+00       9.31716e-01       4.59742e+00
  460  9.20e-04      6.36796e+00       6.37816e-01       4.45792e+00
  461  9.22e-04      6.41766e+00       8.25900e-01       4.55374e+00
  462  9.24e-04      6.41132e+00       8.22726e-01       4.54845e+00
  463  9.26e-04      6.40492e+00       7.69068e-01       4.52630e+00
  464  9.28e-04      6.41269e+00       5.51853e-01       4.45908e+00
  465  9.30e-04      6.39058e+00       9.05075e-01       4.56208e+00
  466  9.32e-04      6.38921e+00       6.60290e-01       4.47957e+00
  467  9.34e-04      6.42704e+00       6.52193e-01       4.50209e+00
  468  9.36e-04      6.43171e+00       6.91552e-01       4.51832e+00
  469  9.38e-04      6.48936e+00       8.33099e-01       4.60394e+00
  470  9.40e-04      6.47514e+00       6.51871e-01       4.53405e+00
  471  9.42e-04      6.44244e+00       7.80018e-01       4.55496e+00
  472  9.44e-04      6.48289e+00       8.52505e-01       4.60610e+00
  473  9.46e-04      6.54420e+00       7.16856e-01       4.60175e+00
  474  9.48e-04      6.50440e+00       7.37377e-01       4.58206e+00
  475  9.50e-04      6.48397e+00       8.94207e-01       4.62072e+00
  476  9.52e-04      6.46802e+00       7.80399e-01       4.57215e+00
  477  9.54e-04      6.50394e+00       7.75442e-01       4.59444e+00
  478  9.56e-04      6.49770e+00       7.65837e-01       4.58708e+00
  479  9.58e-04      6.53689e+00       8.40677e-01       4.63815e+00
  480  9.60e-04      6.51075e+00       7.67279e-01       4.59626e+00
  481  9.62e-04      6.55819e+00       7.40511e-01       4.61897e+00
  482  9.64e-04      6.56074e+00       8.61061e-01       4.66085e+00
  483  9.66e-04      6.61431e+00       8.13904e-01       4.68084e+00
  484  9.68e-04      6.67712e+00       8.33069e-01       4.72910e+00
  485  9.70e-04      6.70454e+00       7.26224e-01       4.71177e+00
  486  9.72e-04      6.72986e+00       9.69559e-01       4.80976e+00
  487  9.74e-04      6.73830e+00       6.30709e-01       4.70243e+00
  488  9.76e-04      6.68036e+00       8.81404e-01       4.74738e+00
  489  9.78e-04      6.70546e+00       8.92703e-01       4.76788e+00
  490  9.80e-04      6.67361e+00       7.95513e-01       4.71425e+00
  491  9.82e-04      6.67828e+00       7.00509e-01       4.68569e+00
  492  9.84e-04      6.65779e+00       8.68052e-01       4.72788e+00
  493  9.86e-04      6.60530e+00       8.61113e-01       4.69057e+00
  494  9.88e-04      6.60634e+00       7.41165e-01       4.65128e+00
  495  9.90e-04      6.65411e+00       8.89823e-01       4.73268e+00
  496  9.92e-04      6.64778e+00       8.89605e-01       4.72839e+00
  497  9.94e-04      6.74428e+00       7.96764e-01       4.76178e+00
  498  9.96e-04      6.72345e+00       8.77090e-01       4.77466e+00
  499  9.98e-04      6.68887e+00       8.73042e-01       4.75026e+00
  500  1.00e-03      6.72903e+00       8.78502e-01       4.77885e+00
  501  1.00e-03      6.77094e+00       8.15140e-01       4.78567e+00
  502  1.00e-03      6.70650e+00       1.02031e+00       4.81110e+00
  503  1.01e-03      6.80580e+00       9.05232e-01       4.83894e+00
  504  1.01e-03      6.76905e+00       7.41062e-01       4.75972e+00
  505  1.01e-03      6.77794e+00       9.73359e-01       4.84308e+00
  506  1.01e-03      6.80699e+00       8.74780e-01       4.82959e+00
  507  1.01e-03      6.76881e+00       8.44839e-01       4.79415e+00
  508  1.02e-03      6.80454e+00       7.37268e-01       4.78211e+00
  509  1.02e-03      6.82992e+00       9.13124e-01       4.85766e+00
  510  1.02e-03      6.72254e+00       8.39553e-01       4.76154e+00
  511  1.02e-03      6.76839e+00       8.20759e-01       4.78585e+00
  512  1.02e-03      6.76626e+00       7.82384e-01       4.77163e+00
  513  1.03e-03      6.70741e+00       9.20622e-01       4.77848e+00
  514  1.03e-03      6.76066e+00       9.04904e-01       4.80874e+00
  515  1.03e-03      6.78368e+00       8.43005e-01       4.80345e+00
  516  1.03e-03      6.85777e+00       9.66888e-01       4.89414e+00
  517  1.03e-03      6.89809e+00       8.57617e-01       4.88460e+00
  518  1.04e-03      6.89301e+00       7.96896e-01       4.86097e+00
  519  1.04e-03      6.88235e+00       9.43136e-01       4.90261e+00
  520  1.04e-03      6.89131e+00       9.72884e-01       4.91850e+00
  521  1.04e-03      6.88986e+00       8.36701e-01       4.87214e+00
  522  1.04e-03      6.92809e+00       9.45933e-01       4.93404e+00
  523  1.05e-03      6.91746e+00       1.01814e+00       4.95102e+00
  524  1.05e-03      6.88903e+00       9.56564e-01       4.91154e+00
  525  1.05e-03      6.98018e+00       7.49545e-01       4.90330e+00
  526  1.05e-03      6.97296e+00       1.05770e+00       5.00120e+00
  527  1.05e-03      6.96428e+00       9.70026e-01       4.96620e+00
  528  1.06e-03      7.02931e+00       1.01061e+00       5.02308e+00
  529  1.06e-03      6.99671e+00       9.46049e-01       4.97982e+00
  530  1.06e-03      6.99486e+00       1.05977e+00       5.01650e+00
  531  1.06e-03      7.03913e+00       8.96636e-01       4.99163e+00
  532  1.06e-03      6.98075e+00       9.07371e-01       4.95629e+00
  533  1.07e-03      6.98015e+00       8.59094e-01       4.93980e+00
  534  1.07e-03      7.02481e+00       1.09556e+00       5.04839e+00
  535  1.07e-03      6.99622e+00       8.12662e-01       4.93503e+00
  536  1.07e-03      7.03431e+00       9.42788e-01       5.00380e+00
  537  1.07e-03      7.08858e+00       9.54785e-01       5.04398e+00
  538  1.08e-03      7.08591e+00       8.59479e-01       5.01043e+00
  539  1.08e-03      7.11545e+00       8.77738e-01       5.03621e+00
  540  1.08e-03      7.13294e+00       9.82527e-01       5.08280e+00
  541  1.08e-03      7.10829e+00       9.80847e-01       5.06581e+00
  542  1.08e-03      7.17215e+00       8.12862e-01       5.05239e+00
  543  1.09e-03      7.18529e+00       1.11967e+00       5.16342e+00
  544  1.09e-03      7.20952e+00       9.39301e-01       5.11945e+00
  545  1.09e-03      7.25979e+00       7.91516e-01       5.10370e+00
  546  1.09e-03      7.22852e+00       8.02527e-01       5.08653e+00
  547  1.09e-03      7.29259e+00       1.13640e+00       5.24052e+00
  548  1.10e-03      7.29527e+00       7.99827e-01       5.13012e+00
  549  1.10e-03      7.22289e+00       8.75418e-01       5.10706e+00
  550  1.10e-03      7.20652e+00       9.05234e-01       5.10609e+00
  551  1.10e-03      7.27707e+00       9.54949e-01       5.16970e+00
  552  1.10e-03      7.26435e+00       7.41432e-01       5.09005e+00
  553  1.11e-03      7.30202e+00       1.01292e+00       5.20565e+00
  554  1.11e-03      7.32604e+00       9.33560e-01       5.19522e+00
  555  1.11e-03      7.30618e+00       9.85268e-01       5.19921e+00
  556  1.11e-03      7.36486e+00       8.76255e-01       5.20199e+00
  557  1.11e-03      7.35720e+00       1.00395e+00       5.23945e+00
  558  1.12e-03      7.36310e+00       7.51692e-01       5.15930e+00
  559  1.12e-03      7.46422e+00       9.19887e-01       5.28277e+00
  560  1.12e-03      7.47852e+00       8.12661e-01       5.25657e+00
  561  1.12e-03      7.45873e+00       1.01033e+00       5.30927e+00
  562  1.12e-03      7.53258e+00       8.42229e-01       5.30246e+00
  563  1.13e-03      7.50356e+00       7.53934e-01       5.25369e+00
  564  1.13e-03      7.51125e+00       1.12054e+00       5.38101e+00
  565  1.13e-03      7.48972e+00       7.47830e-01       5.24242e+00
  566  1.13e-03      7.47392e+00       7.82432e-01       5.24342e+00
  567  1.13e-03      7.48865e+00       9.43231e-01       5.30684e+00
  568  1.14e-03      7.38818e+00       1.02619e+00       5.26751e+00
  569  1.14e-03      7.37690e+00       8.01091e-01       5.18496e+00
  570  1.14e-03      7.36995e+00       9.81810e-01       5.24057e+00
  571  1.14e-03      7.38140e+00       9.67065e-01       5.24329e+00
  572  1.14e-03      7.35498e+00       8.85817e-01       5.19859e+00
  573  1.15e-03      7.39415e+00       9.45056e-01       5.24445e+00
  574  1.15e-03      7.35910e+00       1.20144e+00       5.30654e+00
  575  1.15e-03      7.44082e+00       8.81067e-01       5.25424e+00
  576  1.15e-03      7.42119e+00       1.05042e+00       5.29760e+00
  577  1.15e-03      7.36799e+00       1.02285e+00       5.25295e+00
  578  1.16e-03      7.44614e+00       8.21993e-01       5.23809e+00
  579  1.16e-03      7.46587e+00       1.00542e+00       5.31238e+00
  580  1.16e-03      7.33296e+00       1.02579e+00       5.23057e+00
  581  1.16e-03      7.39207e+00       1.01871e+00       5.26761e+00
  582  1.16e-03      7.38805e+00       1.09257e+00       5.28956e+00
  583  1.17e-03      7.46120e+00       1.01874e+00       5.31372e+00
  584  1.17e-03      7.44792e+00       1.00063e+00       5.29882e+00
  585  1.17e-03      7.46090e+00       1.07114e+00       5.33098e+00
  586  1.17e-03      7.49300e+00       9.52925e-01       5.31297e+00
  587  1.17e-03      7.50799e+00       1.00903e+00       5.34167e+00
  588  1.18e-03      7.49369e+00       1.03906e+00       5.34214e+00
  589  1.18e-03      7.56566e+00       1.26328e+00       5.46487e+00
  590  1.18e-03      7.59191e+00       8.23494e-01       5.33577e+00
  591  1.18e-03      7.69340e+00       1.03025e+00       5.47235e+00
  592  1.18e-03      7.65678e+00       9.60196e-01       5.42458e+00
  593  1.19e-03      7.67359e+00       8.88055e-01       5.41174e+00
  594  1.19e-03      7.62226e+00       9.88097e-01       5.41088e+00
  595  1.19e-03      7.67515e+00       1.22256e+00       5.52429e+00
  596  1.19e-03      7.67116e+00       9.62192e-01       5.43484e+00
  597  1.19e-03      7.65126e+00       1.17343e+00       5.49198e+00
  598  1.20e-03      7.69834e+00       1.06507e+00       5.48725e+00
  599  1.20e-03      7.65917e+00       1.01433e+00       5.44422e+00
  600  1.20e-03      7.70500e+00       9.71512e-01       5.46050e+00
  601  1.20e-03      7.76567e+00       1.18430e+00       5.57188e+00
  602  1.20e-03      7.77432e+00       9.39907e-01       5.49618e+00
  603  1.21e-03      7.77182e+00       9.12884e-01       5.48551e+00
  604  1.21e-03      7.79636e+00       1.15013e+00       5.58095e+00
  605  1.21e-03      7.77164e+00       8.47112e-01       5.46347e+00
  606  1.21e-03      7.78969e+00       1.00689e+00       5.52876e+00
  607  1.21e-03      7.85963e+00       1.18474e+00       5.63467e+00
  608  1.22e-03      7.84207e+00       1.09191e+00       5.59202e+00
  609  1.22e-03      7.95827e+00       1.03356e+00       5.65003e+00
  610  1.22e-03      7.91298e+00       1.09547e+00       5.64048e+00
  611  1.22e-03      7.92628e+00       9.59563e-01       5.60404e+00
  612  1.22e-03      7.96607e+00       1.09161e+00       5.67459e+00
  613  1.23e-03      7.90944e+00       9.88361e-01       5.60241e+00
  614  1.23e-03      7.93371e+00       1.02137e+00       5.62959e+00
  615  1.23e-03      7.91118e+00       8.95654e-01       5.57267e+00
  616  1.23e-03      7.84327e+00       1.10808e+00       5.59821e+00
  617  1.23e-03      7.89727e+00       9.07822e-01       5.56745e+00
  618  1.24e-03      7.92885e+00       9.65381e-01       5.60769e+00
  619  1.24e-03      7.88498e+00       1.22558e+00       5.66518e+00
  620  1.24e-03      7.89513e+00       1.13145e+00       5.64057e+00
  621  1.24e-03      7.87979e+00       9.34202e-01       5.56459e+00
  622  1.24e-03      7.83785e+00       1.13158e+00       5.60243e+00
  623  1.25e-03      7.91933e+00       1.19143e+00       5.67670e+00
  624  1.25e-03      7.88283e+00       8.94514e-01       5.55339e+00
  625  1.25e-03      7.85205e+00       1.30989e+00       5.67133e+00
  626  1.25e-03      7.94267e+00       1.09682e+00       5.66072e+00
  627  1.25e-03      7.83929e+00       1.05958e+00       5.57939e+00
  628  1.26e-03      7.91882e+00       1.12927e+00       5.65564e+00
  629  1.26e-03      7.88551e+00       1.16185e+00       5.64429e+00
  630  1.26e-03      7.90984e+00       1.00486e+00       5.60818e+00
  631  1.26e-03      7.98084e+00       1.13709e+00       5.69959e+00
  632  1.26e-03      7.98314e+00       1.22353e+00       5.72994e+00
  633  1.27e-03      7.94520e+00       1.04219e+00       5.64420e+00
  634  1.27e-03      8.03441e+00       9.81612e-01       5.68348e+00
  635  1.27e-03      7.98849e+00       1.07623e+00       5.68440e+00
  636  1.27e-03      7.97793e+00       9.33854e-01       5.62990e+00
  637  1.27e-03      8.02608e+00       1.13214e+00       5.72810e+00
  638  1.28e-03      8.01520e+00       9.11851e-01       5.64742e+00
  639  1.28e-03      8.02618e+00       1.02383e+00       5.69207e+00
  640  1.28e-03      8.07534e+00       1.08556e+00       5.74541e+00
  641  1.28e-03      7.97579e+00       1.03947e+00       5.66369e+00
  642  1.28e-03      8.04885e+00       8.52814e-01       5.65017e+00
  643  1.29e-03      8.09736e+00       9.69488e-01       5.72140e+00
  644  1.29e-03      8.10464e+00       1.07937e+00       5.76288e+00
  645  1.29e-03      8.23092e+00       8.23826e-01       5.76189e+00
  646  1.29e-03      8.21197e+00       1.05424e+00       5.82606e+00
  647  1.29e-03      8.12419e+00       9.89200e-01       5.74586e+00
  648  1.30e-03      8.21659e+00       9.73617e-01       5.80227e+00
  649  1.30e-03      8.13825e+00       9.17601e-01       5.73137e+00
  650  1.30e-03      8.15863e+00       1.26012e+00       5.85913e+00
  651  1.30e-03      8.12921e+00       1.05774e+00       5.77205e+00
  652  1.30e-03      8.00722e+00       1.10273e+00       5.70572e+00
  653  1.31e-03      8.08739e+00       1.19743e+00       5.79074e+00
  654  1.31e-03      8.10561e+00       9.99629e-01       5.73695e+00
  655  1.31e-03      8.14811e+00       9.99674e-01       5.76530e+00
  656  1.31e-03      8.18480e+00       9.79576e-01       5.78306e+00
  657  1.31e-03      8.14968e+00       9.64641e-01       5.75467e+00
  658  1.32e-03      8.13783e+00       8.29563e-01       5.70174e+00
  659  1.32e-03      8.21196e+00       1.03010e+00       5.81801e+00
  660  1.32e-03      8.21081e+00       1.08226e+00       5.83463e+00
  661  1.32e-03      8.20423e+00       1.00873e+00       5.80573e+00
  662  1.32e-03      8.30202e+00       1.04906e+00       5.88437e+00
  663  1.33e-03      8.37685e+00       1.15688e+00       5.97020e+00
  664  1.33e-03      8.40505e+00       8.90535e-01       5.90021e+00
  665  1.33e-03      8.43515e+00       1.25681e+00       6.04237e+00
  666  1.33e-03      8.40108e+00       1.04453e+00       5.94890e+00
  667  1.33e-03      8.40346e+00       1.08177e+00       5.96290e+00
  668  1.34e-03      8.39856e+00       1.09411e+00       5.96374e+00
  669  1.34e-03      8.43280e+00       1.13428e+00       5.99996e+00
  670  1.34e-03      8.51078e+00       9.24241e-01       5.98193e+00
  671  1.34e-03      8.50885e+00       1.16021e+00       6.05930e+00
  672  1.34e-03      8.47793e+00       1.02654e+00       5.99413e+00
  673  1.35e-03      8.64031e+00       1.09627e+00       6.12563e+00
  674  1.35e-03      8.48214e+00       1.24851e+00       6.07093e+00
  675  1.35e-03      8.49135e+00       1.46213e+00       6.14828e+00
  676  1.35e-03      8.51251e+00       1.04817e+00       6.02440e+00
  677  1.35e-03      8.48755e+00       1.10585e+00       6.02699e+00
  678  1.36e-03      8.50355e+00       1.27680e+00       6.09463e+00
  679  1.36e-03      8.48196e+00       1.13724e+00       6.03372e+00
  680  1.36e-03      8.45161e+00       1.08841e+00       5.99721e+00
  681  1.36e-03      8.58278e+00       1.16309e+00       6.10955e+00
  682  1.36e-03      8.61000e+00       1.16728e+00       6.12910e+00
  683  1.37e-03      8.60407e+00       9.97880e-01       6.06867e+00
  684  1.37e-03      8.62993e+00       1.14620e+00       6.13536e+00
  685  1.37e-03      8.62242e+00       1.02397e+00       6.08960e+00
  686  1.37e-03      8.63350e+00       1.12326e+00       6.13008e+00
  687  1.37e-03      8.72013e+00       1.10440e+00       6.18156e+00
  688  1.38e-03      8.63397e+00       1.20816e+00       6.15870e+00
  689  1.38e-03      8.63413e+00       1.10207e+00       6.12345e+00
  690  1.38e-03      8.63658e+00       9.67516e-01       6.08023e+00
  691  1.38e-03      8.55757e+00       1.19245e+00       6.10253e+00
  692  1.38e-03      8.52843e+00       1.07397e+00       6.04361e+00
  693  1.39e-03      8.54969e+00       1.17102e+00       6.09013e+00
  694  1.39e-03      8.46139e+00       1.07841e+00       6.00040e+00
  695  1.39e-03      8.49449e+00       1.16806e+00       6.05235e+00
  696  1.39e-03      8.47939e+00       1.24837e+00       6.06905e+00
  697  1.39e-03      8.40969e+00       7.58640e-01       5.85934e+00
  698  1.40e-03      8.44130e+00       1.15133e+00       6.01131e+00
  699  1.40e-03      8.41448e+00       1.22710e+00       6.01869e+00
  700  1.40e-03      8.34353e+00       1.23916e+00       5.97541e+00
  701  1.40e-03      8.43354e+00       1.12100e+00       5.99603e+00
  702  1.40e-03      8.39909e+00       1.08139e+00       5.95986e+00
  703  1.41e-03      8.40729e+00       1.29785e+00       6.03748e+00
  704  1.41e-03      8.44889e+00       1.05406e+00       5.98395e+00
  705  1.41e-03      8.40625e+00       1.27017e+00       6.02756e+00
  706  1.41e-03      8.43107e+00       1.13906e+00       6.00040e+00
  707  1.41e-03      8.45834e+00       1.14963e+00       6.02210e+00
  708  1.42e-03      8.45121e+00       1.13698e+00       6.01314e+00
  709  1.42e-03      8.46724e+00       1.13480e+00       6.02309e+00
  710  1.42e-03      8.51682e+00       9.78958e-01       6.00420e+00
  711  1.42e-03      8.42002e+00       1.27045e+00       6.03683e+00
  712  1.42e-03      8.47233e+00       1.21928e+00       6.05465e+00
  713  1.43e-03      8.53572e+00       1.08265e+00       6.05136e+00
  714  1.43e-03      8.52081e+00       1.31411e+00       6.11858e+00
  715  1.43e-03      8.50070e+00       1.18647e+00       6.06262e+00
  716  1.43e-03      8.50260e+00       1.27610e+00       6.09377e+00
  717  1.43e-03      8.48461e+00       1.38841e+00       6.11921e+00
  718  1.44e-03      8.48075e+00       1.36395e+00       6.10848e+00
  719  1.44e-03      8.45105e+00       1.34191e+00       6.08134e+00
  720  1.44e-03      8.49650e+00       1.29012e+00       6.09437e+00
  721  1.44e-03      8.53631e+00       1.35625e+00       6.14295e+00
  722  1.44e-03      8.50882e+00       1.22061e+00       6.07942e+00
  723  1.45e-03      8.56940e+00       1.03666e+00       6.05849e+00
  724  1.45e-03      8.53533e+00       1.46234e+00       6.17766e+00
  725  1.45e-03      8.38678e+00       9.57268e-01       5.91027e+00
  726  1.45e-03      8.47229e+00       1.32138e+00       6.08865e+00
  727  1.45e-03      8.46878e+00       1.20435e+00       6.04730e+00
  728  1.46e-03      8.45751e+00       1.17445e+00       6.02982e+00
  729  1.46e-03      8.53048e+00       1.27121e+00       6.11072e+00
  730  1.46e-03      8.51513e+00       1.39363e+00       6.14129e+00
  731  1.46e-03      8.52335e+00       1.21733e+00       6.08801e+00
  732  1.46e-03      8.57586e+00       1.11613e+00       6.08928e+00
  733  1.47e-03      8.54887e+00       1.23004e+00       6.10926e+00
  734  1.47e-03      8.57042e+00       1.08785e+00       6.07623e+00
  735  1.47e-03      8.57166e+00       1.04318e+00       6.06217e+00
  736  1.47e-03      8.52160e+00       1.17394e+00       6.07238e+00
  737  1.47e-03      8.57635e+00       1.04229e+00       6.06500e+00
  738  1.48e-03      8.53429e+00       1.19201e+00       6.08686e+00
  739  1.48e-03      8.57936e+00       1.15061e+00       6.10311e+00
  740  1.48e-03      8.70154e+00       1.05377e+00       6.15228e+00
  741  1.48e-03      8.67972e+00       1.15624e+00       6.17189e+00
  742  1.48e-03      8.66176e+00       1.14267e+00       6.15540e+00
  743  1.49e-03      8.76776e+00       1.26707e+00       6.26753e+00
  744  1.49e-03      8.73247e+00       1.34316e+00       6.26937e+00
  745  1.49e-03      8.77432e+00       1.08306e+00       6.21056e+00
  746  1.49e-03      8.83879e+00       1.19459e+00       6.29072e+00
  747  1.49e-03      8.79990e+00       1.20462e+00       6.26814e+00
  748  1.50e-03      8.86149e+00       1.10982e+00       6.27760e+00
  749  1.50e-03      8.82598e+00       1.01876e+00       6.22357e+00
  750  1.50e-03      8.74262e+00       1.28566e+00       6.25696e+00
  751  1.50e-03      8.75240e+00       1.06088e+00       6.18856e+00
  752  1.50e-03      8.73420e+00       1.20770e+00       6.22537e+00
  753  1.51e-03      8.80474e+00       1.14461e+00       6.25137e+00
  754  1.51e-03      8.78017e+00       1.26139e+00       6.27391e+00
  755  1.51e-03      8.75228e+00       1.29351e+00       6.26603e+00
  756  1.51e-03      8.74523e+00       1.13054e+00       6.20700e+00
  757  1.51e-03      8.75000e+00       1.22700e+00       6.24234e+00
  758  1.52e-03      8.72621e+00       1.20559e+00       6.21934e+00
  759  1.52e-03      8.83486e+00       1.27840e+00       6.31604e+00
  760  1.52e-03      8.75818e+00       1.14577e+00       6.22071e+00
  761  1.52e-03      8.74016e+00       1.12665e+00       6.20232e+00
  762  1.52e-03      8.76037e+00       1.39610e+00       6.30562e+00
  763  1.53e-03      8.76057e+00       9.44380e-01       6.15517e+00
  764  1.53e-03      8.81481e+00       1.34091e+00       6.32351e+00
  765  1.53e-03      8.79381e+00       1.15123e+00       6.24628e+00
  766  1.53e-03      8.75865e+00       1.16075e+00       6.22602e+00
  767  1.53e-03      8.79981e+00       1.25851e+00       6.28605e+00
  768  1.54e-03      8.83328e+00       1.33302e+00       6.33319e+00
  769  1.54e-03      8.83334e+00       1.30855e+00       6.32508e+00
  770  1.54e-03      8.81915e+00       1.19913e+00       6.27914e+00
  771  1.54e-03      8.76368e+00       1.37068e+00       6.29934e+00
  772  1.54e-03      8.69238e+00       1.22365e+00       6.20280e+00
  773  1.55e-03      8.77557e+00       1.32935e+00       6.29350e+00
  774  1.55e-03      8.81803e+00       1.16008e+00       6.26538e+00
  775  1.55e-03      8.84325e+00       1.15744e+00       6.28131e+00
  776  1.55e-03      8.84946e+00       9.38452e-01       6.21246e+00
  777  1.55e-03      8.85923e+00       1.17447e+00       6.29764e+00
  778  1.56e-03      8.86712e+00       1.19478e+00       6.30967e+00
  779  1.56e-03      8.90669e+00       9.96290e-01       6.26989e+00
  780  1.56e-03      8.84876e+00       1.19998e+00       6.29916e+00
  781  1.56e-03      8.83773e+00       1.25678e+00       6.31075e+00
  782  1.56e-03      8.90067e+00       1.15731e+00       6.31955e+00
  783  1.57e-03      8.92370e+00       1.34799e+00       6.39847e+00
  784  1.57e-03      8.95126e+00       1.19602e+00       6.36618e+00
  785  1.57e-03      8.96695e+00       1.38728e+00       6.44039e+00
  786  1.57e-03      8.84847e+00       1.24040e+00       6.31245e+00
  787  1.57e-03      8.90368e+00       1.30026e+00       6.36921e+00
  788  1.58e-03      8.94176e+00       1.10461e+00       6.32938e+00
  789  1.58e-03      8.91801e+00       1.12590e+00       6.32064e+00
  790  1.58e-03      9.01711e+00       1.31617e+00       6.45013e+00
  791  1.58e-03      8.98581e+00       9.67327e-01       6.31298e+00
  792  1.58e-03      9.05285e+00       1.20604e+00       6.43725e+00
  793  1.59e-03      9.11378e+00       1.32129e+00       6.51628e+00
  794  1.59e-03      9.08430e+00       1.19534e+00       6.45464e+00
  795  1.59e-03      9.12193e+00       1.10161e+00       6.44849e+00
  796  1.59e-03      9.21310e+00       1.22133e+00       6.54917e+00
  797  1.59e-03      9.13817e+00       1.29805e+00       6.52480e+00
  798  1.60e-03      9.19511e+00       1.36621e+00       6.58547e+00
  799  1.60e-03      9.18839e+00       1.29966e+00       6.55881e+00
  800  1.60e-03      9.23890e+00       1.24812e+00       6.57531e+00
  801  1.60e-03      9.21475e+00       1.10123e+00       6.51024e+00
  802  1.60e-03      9.14708e+00       1.23736e+00       6.51051e+00
  803  1.61e-03      9.20663e+00       1.26440e+00       6.55922e+00
  804  1.61e-03      9.24626e+00       1.05267e+00       6.51506e+00
  805  1.61e-03      9.22057e+00       1.32662e+00       6.58926e+00
  806  1.61e-03      9.19566e+00       1.29445e+00       6.56192e+00
  807  1.61e-03      9.19616e+00       1.47542e+00       6.62258e+00
  808  1.62e-03      9.14716e+00       1.21798e+00       6.50410e+00
  809  1.62e-03      9.21284e+00       1.39514e+00       6.60694e+00
  810  1.62e-03      9.23918e+00       1.48251e+00       6.65363e+00
  811  1.62e-03      9.21536e+00       1.52045e+00       6.65039e+00
  812  1.62e-03      9.29642e+00       1.30088e+00       6.63124e+00
  813  1.63e-03      9.22019e+00       1.44357e+00       6.62798e+00
  814  1.63e-03      9.22462e+00       1.31873e+00       6.58932e+00
  815  1.63e-03      9.25423e+00       1.37859e+00       6.62901e+00
  816  1.63e-03      9.34447e+00       1.37690e+00       6.68861e+00
  817  1.63e-03      9.29100e+00       1.21373e+00       6.59858e+00
  818  1.64e-03      9.31219e+00       1.41737e+00       6.68059e+00
  819  1.64e-03      9.28295e+00       1.23448e+00       6.60013e+00
  820  1.64e-03      9.37660e+00       1.25254e+00       6.66858e+00
  821  1.64e-03      9.34279e+00       1.34493e+00       6.67683e+00
  822  1.64e-03      9.27762e+00       1.44666e+00       6.66730e+00
  823  1.65e-03      9.32382e+00       1.36510e+00       6.67091e+00
  824  1.65e-03      9.38699e+00       1.14550e+00       6.63983e+00
  825  1.65e-03      9.31089e+00       1.38236e+00       6.66805e+00
  826  1.65e-03      9.36558e+00       1.34231e+00       6.69116e+00
  827  1.65e-03      9.37886e+00       1.20828e+00       6.65533e+00
  828  1.66e-03      9.36102e+00       1.44820e+00       6.72342e+00
  829  1.66e-03      9.39107e+00       1.35282e+00       6.71166e+00
  830  1.66e-03      9.39903e+00       1.42015e+00       6.73940e+00
  831  1.66e-03      9.42508e+00       1.34574e+00       6.73197e+00
  832  1.66e-03      9.49110e+00       1.40516e+00       6.79579e+00
  833  1.67e-03      9.46635e+00       1.34742e+00       6.76004e+00
  834  1.67e-03      9.48437e+00       1.40079e+00       6.78984e+00
  835  1.67e-03      9.47019e+00       1.38245e+00       6.77427e+00
  836  1.67e-03      9.48908e+00       1.42638e+00       6.80152e+00
  837  1.67e-03      9.51660e+00       1.45494e+00       6.82938e+00
  838  1.68e-03      9.55717e+00       1.28969e+00       6.80134e+00
  839  1.68e-03      9.49485e+00       1.26935e+00       6.75302e+00
  840  1.68e-03      9.67080e+00       1.33049e+00       6.89070e+00
  841  1.68e-03      9.58128e+00       1.43711e+00       6.86656e+00
  842  1.68e-03      9.68538e+00       1.45258e+00       6.94111e+00
  843  1.69e-03      9.74532e+00       1.26914e+00       6.91993e+00
  844  1.69e-03      9.70098e+00       1.25342e+00       6.88512e+00
  845  1.69e-03      9.67203e+00       1.41485e+00       6.91964e+00
  846  1.69e-03      9.68942e+00       1.44983e+00       6.94289e+00
  847  1.69e-03      9.58371e+00       1.20752e+00       6.79164e+00
  848  1.70e-03      9.59441e+00       1.37962e+00       6.85615e+00
  849  1.70e-03      9.55078e+00       1.38345e+00       6.82834e+00
  850  1.70e-03      9.53407e+00       1.35482e+00       6.80765e+00
  851  1.70e-03      9.60938e+00       1.42160e+00       6.88012e+00
  852  1.70e-03      9.62135e+00       1.23741e+00       6.82670e+00
  853  1.71e-03      9.50918e+00       1.42003e+00       6.81280e+00
  854  1.71e-03      9.60086e+00       1.44432e+00       6.88202e+00
  855  1.71e-03      9.61601e+00       1.37684e+00       6.86962e+00
  856  1.71e-03      9.64496e+00       1.34046e+00       6.87679e+00
  857  1.71e-03      9.72936e+00       1.43217e+00       6.96363e+00
  858  1.72e-03      9.67274e+00       1.36504e+00       6.90351e+00
  859  1.72e-03      9.71995e+00       1.15479e+00       6.86490e+00
  860  1.72e-03      9.74098e+00       1.37051e+00       6.95082e+00
  861  1.72e-03      9.76987e+00       1.32916e+00       6.95630e+00
  862  1.72e-03      9.80438e+00       1.34995e+00       6.98624e+00
  863  1.73e-03      9.85126e+00       1.22930e+00       6.97727e+00
  864  1.73e-03      9.78140e+00       1.34672e+00       6.96984e+00
  865  1.73e-03      9.95879e+00       1.16423e+00       7.02727e+00
  866  1.73e-03      9.97714e+00       1.51191e+00       7.15540e+00
  867  1.73e-03      9.94217e+00       1.04299e+00       6.97578e+00
  868  1.74e-03      9.97297e+00       1.40035e+00       7.11543e+00
  869  1.74e-03      9.97920e+00       1.27519e+00       7.07787e+00
  870  1.74e-03      9.98050e+00       1.47660e+00       7.14587e+00
  871  1.74e-03      1.00382e+01       1.28133e+00       7.11924e+00
  872  1.74e-03      1.00275e+01       1.37834e+00       7.14445e+00
  873  1.75e-03      1.00827e+01       1.25897e+00       7.14144e+00
  874  1.75e-03      1.01029e+01       1.19642e+00       7.13408e+00
  875  1.75e-03      1.00056e+01       1.37411e+00       7.12842e+00
  876  1.75e-03      1.00677e+01       1.40272e+00       7.17939e+00
  877  1.75e-03      1.00140e+01       1.35513e+00       7.12774e+00
  878  1.76e-03      9.90696e+00       1.32593e+00       7.04662e+00
  879  1.76e-03      1.00562e+01       1.41522e+00       7.17586e+00
  880  1.76e-03      9.93462e+00       1.22075e+00       7.02999e+00
  881  1.76e-03      9.97579e+00       1.34641e+00       7.09933e+00
  882  1.76e-03      1.00288e+01       1.27132e+00       7.10966e+00
  883  1.77e-03      9.98569e+00       1.40418e+00       7.12519e+00
  884  1.77e-03      9.96759e+00       1.30420e+00       7.07979e+00
  885  1.77e-03      1.01459e+01       1.47843e+00       7.25676e+00
  886  1.77e-03      1.01072e+01       1.21577e+00       7.14338e+00
  887  1.77e-03      1.01210e+01       1.18560e+00       7.14254e+00
  888  1.78e-03      1.01136e+01       1.17578e+00       7.13429e+00
  889  1.78e-03      1.00174e+01       1.12380e+00       7.05285e+00
  890  1.78e-03      1.01400e+01       1.20183e+00       7.16060e+00
  891  1.78e-03      1.01101e+01       1.36847e+00       7.19620e+00
  892  1.78e-03      1.00522e+01       1.26648e+00       7.12359e+00
  893  1.79e-03      1.01300e+01       1.36212e+00       7.20738e+00
  894  1.79e-03      1.00645e+01       1.44223e+00       7.19040e+00
  895  1.79e-03      1.00015e+01       1.37121e+00       7.12471e+00
  896  1.79e-03      1.00785e+01       1.58294e+00       7.24667e+00
  897  1.79e-03      9.98818e+00       1.32617e+00       7.10084e+00
  898  1.80e-03      1.00443e+01       1.29274e+00       7.12714e+00
  899  1.80e-03      1.00757e+01       1.27584e+00       7.14242e+00
  900  1.80e-03      1.00117e+01       1.47842e+00       7.16728e+00
  901  1.80e-03      9.97500e+00       1.22692e+00       7.05897e+00
  902  1.80e-03      9.98945e+00       1.37659e+00       7.11849e+00
  903  1.81e-03      9.89649e+00       1.31694e+00       7.03664e+00
  904  1.81e-03      1.00070e+01       1.35140e+00       7.12182e+00
  905  1.81e-03      1.00422e+01       1.30417e+00       7.12954e+00
  906  1.81e-03      1.00095e+01       1.49569e+00       7.17156e+00
  907  1.81e-03      9.98990e+00       1.46160e+00       7.14713e+00
  908  1.82e-03      9.99775e+00       1.34633e+00       7.11394e+00
  909  1.82e-03      1.00042e+01       1.51459e+00       7.17432e+00
  910  1.82e-03      1.00571e+01       1.14946e+00       7.08790e+00
  911  1.82e-03      9.95364e+00       1.47100e+00       7.12609e+00
  912  1.82e-03      9.94787e+00       1.04859e+00       6.98144e+00
  913  1.83e-03      9.99191e+00       1.35475e+00       7.11286e+00
  914  1.83e-03      9.91482e+00       1.37684e+00       7.06883e+00
  915  1.83e-03      9.99100e+00       1.43087e+00       7.13762e+00
  916  1.83e-03      1.00352e+01       1.17064e+00       7.08034e+00
  917  1.83e-03      9.91606e+00       1.46658e+00       7.09957e+00
  918  1.84e-03      9.98314e+00       1.25167e+00       7.07265e+00
  919  1.84e-03      9.86936e+00       1.56427e+00       7.10100e+00
  920  1.84e-03      9.89929e+00       1.53614e+00       7.11157e+00
  921  1.84e-03      9.94692e+00       1.53084e+00       7.14156e+00
  922  1.84e-03      9.84006e+00       1.35753e+00       7.01255e+00
  923  1.85e-03      9.86087e+00       1.45893e+00       7.06022e+00
  924  1.85e-03      9.99379e+00       1.36461e+00       7.11739e+00
  925  1.85e-03      9.97504e+00       1.39501e+00       7.11503e+00
  926  1.85e-03      1.00358e+01       1.50337e+00       7.19169e+00
  927  1.85e-03      9.99195e+00       1.36791e+00       7.11727e+00
  928  1.86e-03      9.98893e+00       1.62375e+00       7.20053e+00
  929  1.86e-03      1.00397e+01       1.37082e+00       7.15004e+00
  930  1.86e-03      1.01388e+01       1.37610e+00       7.21789e+00
  931  1.86e-03      1.01075e+01       1.35293e+00       7.18929e+00
  932  1.86e-03      1.02519e+01       1.71923e+00       7.40771e+00
  933  1.87e-03      1.01699e+01       1.32596e+00       7.22190e+00
  934  1.87e-03      1.02099e+01       1.33698e+00       7.25228e+00
  935  1.87e-03      1.02168e+01       1.56913e+00       7.33423e+00
  936  1.87e-03      1.01726e+01       1.40806e+00       7.25106e+00
  937  1.87e-03      1.02645e+01       1.29777e+00       7.27560e+00
  938  1.88e-03      1.03388e+01       1.42211e+00       7.36656e+00
  939  1.88e-03      1.03017e+01       1.50573e+00       7.36972e+00
  940  1.88e-03      1.03362e+01       1.31948e+00       7.33062e+00
  941  1.88e-03      1.02737e+01       1.51580e+00       7.35441e+00
  942  1.88e-03      1.02326e+01       1.47108e+00       7.31212e+00
  943  1.89e-03      1.02883e+01       1.31260e+00       7.29642e+00
  944  1.89e-03      1.02241e+01       1.36511e+00       7.27110e+00
  945  1.89e-03      1.02726e+01       1.63604e+00       7.39375e+00
  946  1.89e-03      1.03167e+01       1.36971e+00       7.33439e+00
  947  1.89e-03      1.02656e+01       1.51145e+00       7.34758e+00
  948  1.90e-03      1.02693e+01       1.59040e+00       7.37637e+00
  949  1.90e-03      1.03120e+01       1.47565e+00       7.36653e+00
  950  1.90e-03      1.02656e+01       1.40220e+00       7.31116e+00
  951  1.90e-03      1.02992e+01       1.43561e+00       7.34469e+00
  952  1.90e-03      1.02126e+01       1.55794e+00       7.32769e+00
  953  1.91e-03      1.02172e+01       1.43144e+00       7.28862e+00
  954  1.91e-03      1.02359e+01       1.31091e+00       7.26088e+00
  955  1.91e-03      1.02187e+01       1.41544e+00       7.28429e+00
  956  1.91e-03      1.01665e+01       1.53877e+00       7.29062e+00
  957  1.91e-03      1.01565e+01       1.42494e+00       7.24595e+00
  958  1.92e-03      1.01748e+01       1.34349e+00       7.23103e+00
  959  1.92e-03      1.02966e+01       1.31746e+00       7.30358e+00
  960  1.92e-03      1.02839e+01       1.49992e+00       7.35588e+00
  961  1.92e-03      1.02531e+01       1.52997e+00       7.34540e+00
  962  1.92e-03      1.03289e+01       1.32330e+00       7.32705e+00
  963  1.93e-03      1.03026e+01       1.39573e+00       7.33364e+00
  964  1.93e-03      1.02719e+01       1.62808e+00       7.39060e+00
  965  1.93e-03      1.03293e+01       1.32442e+00       7.32765e+00
  966  1.93e-03      1.01882e+01       1.14417e+00       7.17352e+00
  967  1.93e-03      1.02002e+01       1.33783e+00       7.24610e+00
  968  1.94e-03      1.01730e+01       1.37698e+00       7.24102e+00
  969  1.94e-03      1.01441e+01       1.27429e+00       7.18747e+00
  970  1.94e-03      1.01031e+01       1.67593e+00       7.29406e+00
  971  1.94e-03      1.02213e+01       1.52852e+00       7.32373e+00
  972  1.94e-03      1.01427e+01       1.11145e+00       7.13231e+00
  973  1.95e-03      1.03548e+01       1.33734e+00       7.34895e+00
  974  1.95e-03      1.03388e+01       1.51033e+00       7.39596e+00
  975  1.95e-03      1.02641e+01       1.31585e+00       7.28138e+00
  976  1.95e-03      1.03742e+01       1.31782e+00       7.35543e+00
  977  1.95e-03      1.04037e+01       1.37491e+00       7.39412e+00
  978  1.96e-03      1.03303e+01       1.47642e+00       7.37901e+00
  979  1.96e-03      1.04792e+01       1.35482e+00       7.43774e+00
  980  1.96e-03      1.04702e+01       1.37461e+00       7.43831e+00
  981  1.96e-03      1.05089e+01       1.56032e+00       7.52602e+00
  982  1.96e-03      1.05017e+01       1.33543e+00       7.44625e+00
  983  1.97e-03      1.04896e+01       1.43658e+00       7.47192e+00
  984  1.97e-03      1.04820e+01       1.50982e+00       7.49129e+00
  985  1.97e-03      1.04613e+01       1.42518e+00       7.44929e+00
  986  1.97e-03      1.03586e+01       1.48565e+00       7.40095e+00
  987  1.97e-03      1.04398e+01       1.46819e+00       7.44928e+00
  988  1.98e-03      1.04324e+01       1.40195e+00       7.42224e+00
  989  1.98e-03      1.04504e+01       1.53883e+00       7.47989e+00
  990  1.98e-03      1.05484e+01       1.41067e+00       7.50248e+00
  991  1.98e-03      1.05019e+01       1.39474e+00       7.46615e+00
  992  1.98e-03      1.05166e+01       1.54210e+00       7.52508e+00
  993  1.99e-03      1.05881e+01       1.47994e+00       7.55208e+00
  994  1.99e-03      1.05123e+01       1.53013e+00       7.51823e+00
  995  1.99e-03      1.05528e+01       1.39166e+00       7.49907e+00
  996  1.99e-03      1.05802e+01       1.46858e+00       7.54303e+00
  997  1.99e-03      1.05726e+01       1.34370e+00       7.49631e+00
  998  2.00e-03      1.06301e+01       1.50139e+00       7.58723e+00
  999  2.00e-03      1.05935e+01       1.49060e+00       7.55923e+00
