Delta = -8.947e+00 gamma
 step      t        T_in_plane/mK   T_out_of_plane/mK   T_tot/mK
    0  0.00e+00      4.83248e+00       0.00000e+00       3.22165e+00
    1  2.00e-06      4.71375e+00       1.78591e-04       3.14256e+00
    2  4.00e-06      4.72413e+00       7.78942e-04       3.14968e+00
    3  6.00e-06      4.75150e+00       1.46541e-03       3.16815e+00
    4  8.00e-06      4.76106e+00       1.50168e-03       3.17454e+00
    5  1.00e-05      4.74234e+00       1.60444e-03       3.16210e+00
    6  1.20e-05      4.72493e+00       2.19454e-03       3.15068e+00
    7  1.40e-05      4.73074e+00       2.53794e-03       3.15467e+00
    8  1.60e-05      4.75544e+00       3.11137e-03       3.17133e+00
    9  1.80e-05      4.74982e+00       2.85675e-03       3.16750e+00
   10  2.00e-05      4.74690e+00       3.85715e-03       3.16589e+00
   11  2.20e-05      4.72644e+00       4.56893e-03       3.15248e+00
   12  2.40e-05      4.71951e+00       4.22148e-03       3.14775e+00
   13  2.60e-05      4.74785e+00       4.84746e-03       3.16685e+00
   14  2.80e-05      4.74143e+00       5.81858e-03       3.16289e+00
   15  3.00e-05      4.73456e+00       6.05135e-03       3.15839e+00
   16  3.20e-05      4.74005e+00       5.70633e-03       3.16193e+00
   17  3.40e-05      4.73308e+00       6.83079e-03       3.15767e+00
   18  3.60e-05      4.73423e+00       7.83195e-03       3.15877e+00
   19  3.80e-05      4.71784e+00       7.01659e-03       3.14757e+00
   20  4.00e-05      4.71837e+00       7.37885e-03       3.14804e+00
   21  4.20e-05      4.71799e+00       7.97952e-03       3.14799e+00
   22  4.40e-05      4.70154e+00       7.42591e-03       3.13683e+00
   23  4.60e-05      4.70453e+00       7.47010e-03       3.13884e+00
   24  4.80e-05      4.69318e+00       8.97535e-03       3.13178e+00
   25  5.00e-05      4.69302e+00       8.11219e-03       3.13138e+00
   26  5.20e-05      4.66867e+00       8.41783e-03       3.11525e+00
   27  5.40e-05      4.65967e+00       9.20798e-03       3.10952e+00
   28  5.60e-05      4.63802e+00       9.54367e-03       3.09520e+00
   29  5.80e-05      4.61613e+00       8.79155e-03       3.08035e+00
   30  6.00e-05      4.63074e+00       1.11016e-02       3.09086e+00
   31  6.20e-05      4.64279e+00       1.03155e-02       3.09863e+00
   32  6.40e-05      4.63289e+00       1.00002e-02       3.09193e+00
   33  6.60e-05      4.63106e+00       1.11515e-02       3.09109e+00
   34  6.80e-05      4.61844e+00       1.04058e-02       3.08243e+00
   35  7.00e-05      4.58994e+00       1.32023e-02       3.06436e+00
   36  7.20e-05      4.60010e+00       1.34645e-02       3.07122e+00
   37  7.40e-05      4.59134e+00       9.26402e-03       3.06398e+00
   38  7.60e-05      4.59421e+00       1.33210e-02       3.06725e+00
   39  7.80e-05      4.61016e+00       1.28234e-02       3.07771e+00
   40  8.00e-05      4.64488e+00       1.26638e-02       3.10081e+00
   41  8.20e-05      4.63353e+00       1.47370e-02       3.09394e+00
   42  8.40e-05      4.63282e+00       1.51688e-02       3.09360e+00
   43  8.60e-05      4.60272e+00       1.35703e-02       3.07300e+00
   44  8.80e-05      4.61064e+00       1.48222e-02       3.07870e+00
   45  9.00e-05      4.60932e+00       1.50444e-02       3.07789e+00
   46  9.20e-05      4.62985e+00       1.30987e-02       3.09093e+00
   47  9.40e-05      4.61868e+00       1.46244e-02       3.08400e+00
   48  9.60e-05      4.60390e+00       1.80184e-02       3.07527e+00
   49  9.80e-05      4.60661e+00       1.52876e-02       3.07617e+00
   50  1.00e-04      4.61599e+00       1.71036e-02       3.08303e+00
   51  1.02e-04      4.61624e+00       1.43448e-02       3.08227e+00
   52  1.04e-04      4.60089e+00       1.58202e-02       3.07253e+00
   53  1.06e-04      4.61225e+00       1.60370e-02       3.08018e+00
   54  1.08e-04      4.59233e+00       1.61442e-02       3.06693e+00
   55  1.10e-04      4.60289e+00       1.75446e-02       3.07444e+00
   56  1.12e-04      4.60384e+00       1.93319e-02       3.07567e+00
   57  1.14e-04      4.60263e+00       1.80223e-02       3.07443e+00
   58  1.16e-04      4.58852e+00       2.04774e-02       3.06584e+00
   59  1.18e-04      4.57841e+00       1.93093e-02       3.05871e+00
   60  1.20e-04      4.57413e+00       1.64247e-02       3.05490e+00
   61  1.22e-04      4.56143e+00       1.88699e-02       3.04724e+00
   62  1.24e-04      4.56184e+00       1.99480e-02       3.04788e+00
   63  1.26e-04      4.55276e+00       1.88186e-02       3.04145e+00
   64  1.28e-04      4.54902e+00       2.10638e-02       3.03970e+00
   65  1.30e-04      4.57178e+00       2.47495e-02       3.05610e+00
   66  1.32e-04      4.55226e+00       2.31027e-02       3.04254e+00
   67  1.34e-04      4.53018e+00       2.29817e-02       3.02778e+00
   68  1.36e-04      4.53604e+00       2.05794e-02       3.03088e+00
   69  1.38e-04      4.53234e+00       2.40346e-02       3.02957e+00
   70  1.40e-04      4.54598e+00       2.22365e-02       3.03807e+00
   71  1.42e-04      4.55575e+00       2.39079e-02       3.04514e+00
   72  1.44e-04      4.56249e+00       2.18802e-02       3.04895e+00
   73  1.46e-04      4.55981e+00       2.04822e-02       3.04670e+00
   74  1.48e-04      4.58223e+00       2.16770e-02       3.06205e+00
   75  1.50e-04      4.56560e+00       2.64740e-02       3.05256e+00
   76  1.52e-04      4.55802e+00       2.38253e-02       3.04662e+00
   77  1.54e-04      4.56883e+00       2.73118e-02       3.05499e+00
   78  1.56e-04      4.57151e+00       2.85975e-02       3.05721e+00
   79  1.58e-04      4.56245e+00       2.46952e-02       3.04987e+00
   80  1.60e-04      4.57004e+00       2.63094e-02       3.05547e+00
   81  1.62e-04      4.57594e+00       2.78168e-02       3.05990e+00
   82  1.64e-04      4.55294e+00       2.82736e-02       3.04472e+00
   83  1.66e-04      4.57457e+00       3.25936e-02       3.06058e+00
   84  1.68e-04      4.58109e+00       2.65591e-02       3.06291e+00
   85  1.70e-04      4.53035e+00       2.48508e-02       3.02852e+00
   86  1.72e-04      4.52731e+00       3.10602e-02       3.02856e+00
   87  1.74e-04      4.54099e+00       3.46210e-02       3.03887e+00
   88  1.76e-04      4.55746e+00       3.04732e-02       3.04847e+00
   89  1.78e-04      4.53939e+00       3.21548e-02       3.03698e+00
   90  1.80e-04      4.55559e+00       3.17428e-02       3.04764e+00
   91  1.82e-04      4.53373e+00       3.36732e-02       3.03371e+00
   92  1.84e-04      4.54528e+00       3.00287e-02       3.04020e+00
   93  1.86e-04      4.54220e+00       3.01352e-02       3.03818e+00
   94  1.88e-04      4.53966e+00       3.37621e-02       3.03770e+00
   95  1.90e-04      4.53252e+00       3.06856e-02       3.03191e+00
   96  1.92e-04      4.56255e+00       2.69425e-02       3.05068e+00
   97  1.94e-04      4.55358e+00       3.41888e-02       3.04711e+00
   98  1.96e-04      4.52830e+00       3.04849e-02       3.02903e+00
   99  1.98e-04      4.52440e+00       3.30340e-02       3.02728e+00
  100  2.00e-04      4.53244e+00       3.86328e-02       3.03450e+00
  101  2.02e-04      4.52044e+00       3.35502e-02       3.02481e+00
  102  2.04e-04      4.52415e+00       3.12709e-02       3.02652e+00
  103  2.06e-04      4.51932e+00       3.35218e-02       3.02405e+00
  104  2.08e-04      4.50325e+00       3.26473e-02       3.01305e+00
  105  2.10e-04      4.49423e+00       2.85617e-02       3.00568e+00
  106  2.12e-04      4.49458e+00       3.09609e-02       3.00670e+00
  107  2.14e-04      4.48122e+00       3.64630e-02       2.99964e+00
  108  2.16e-04      4.46476e+00       3.14234e-02       2.98698e+00
  109  2.18e-04      4.47707e+00       3.56348e-02       2.99659e+00
  110  2.20e-04      4.51589e+00       4.14803e-02       3.02442e+00
  111  2.22e-04      4.49986e+00       3.84019e-02       3.01271e+00
  112  2.24e-04      4.48609e+00       3.04427e-02       3.00088e+00
  113  2.26e-04      4.48571e+00       3.64939e-02       3.00264e+00
  114  2.28e-04      4.47003e+00       3.35802e-02       2.99121e+00
  115  2.30e-04      4.46911e+00       3.82465e-02       2.99216e+00
  116  2.32e-04      4.45321e+00       3.38205e-02       2.98008e+00
  117  2.34e-04      4.43701e+00       2.96793e-02       2.96790e+00
  118  2.36e-04      4.43667e+00       3.35785e-02       2.96897e+00
  119  2.38e-04      4.44623e+00       3.97860e-02       2.97742e+00
  120  2.40e-04      4.44644e+00       4.02149e-02       2.97770e+00
  121  2.42e-04      4.44233e+00       4.07783e-02       2.97515e+00
  122  2.44e-04      4.46237e+00       3.90241e-02       2.98792e+00
  123  2.46e-04      4.48819e+00       3.83484e-02       3.00491e+00
  124  2.48e-04      4.46183e+00       3.94352e-02       2.98770e+00
  125  2.50e-04      4.45654e+00       3.70620e-02       2.98338e+00
  126  2.52e-04      4.47404e+00       3.43846e-02       2.99416e+00
  127  2.54e-04      4.47471e+00       4.06049e-02       2.99668e+00
  128  2.56e-04      4.47734e+00       3.25992e-02       2.99576e+00
  129  2.58e-04      4.47459e+00       3.45059e-02       2.99456e+00
  130  2.60e-04      4.48541e+00       4.02083e-02       3.00368e+00
  131  2.62e-04      4.46545e+00       3.70328e-02       2.98931e+00
  132  2.64e-04      4.47271e+00       4.32932e-02       2.99624e+00
  133  2.66e-04      4.47542e+00       4.64634e-02       2.99910e+00
  134  2.68e-04      4.44612e+00       4.42649e-02       2.97883e+00
  135  2.70e-04      4.45382e+00       2.93432e-02       2.97899e+00
  136  2.72e-04      4.45250e+00       4.15528e-02       2.98218e+00
  137  2.74e-04      4.44481e+00       4.22085e-02       2.97727e+00
  138  2.76e-04      4.43198e+00       3.81042e-02       2.96735e+00
  139  2.78e-04      4.43367e+00       3.94582e-02       2.96893e+00
  140  2.80e-04      4.43651e+00       3.89611e-02       2.97066e+00
  141  2.82e-04      4.42059e+00       4.43724e-02       2.96185e+00
  142  2.84e-04      4.38840e+00       4.79126e-02       2.94157e+00
  143  2.86e-04      4.41533e+00       4.42408e-02       2.95830e+00
  144  2.88e-04      4.39065e+00       4.31258e-02       2.94147e+00
  145  2.90e-04      4.39701e+00       4.48077e-02       2.94628e+00
  146  2.92e-04      4.39155e+00       4.25971e-02       2.94190e+00
  147  2.94e-04      4.38008e+00       3.89693e-02       2.93304e+00
  148  2.96e-04      4.36013e+00       4.25938e-02       2.92095e+00
  149  2.98e-04      4.35893e+00       4.73898e-02       2.92175e+00
  150  3.00e-04      4.36577e+00       5.01080e-02       2.92721e+00
  151  3.02e-04      4.37379e+00       4.73213e-02       2.93164e+00
  152  3.04e-04      4.37272e+00       4.79861e-02       2.93114e+00
  153  3.06e-04      4.37038e+00       5.63547e-02       2.93237e+00
  154  3.08e-04      4.33694e+00       5.01387e-02       2.90800e+00
  155  3.10e-04      4.32924e+00       4.84292e-02       2.90230e+00
  156  3.12e-04      4.34415e+00       4.97294e-02       2.91267e+00
  157  3.14e-04      4.32411e+00       3.96600e-02       2.89596e+00
  158  3.16e-04      4.31440e+00       4.62186e-02       2.89167e+00
  159  3.18e-04      4.30129e+00       4.16301e-02       2.88140e+00
  160  3.20e-04      4.28497e+00       4.40301e-02       2.87132e+00
  161  3.22e-04      4.28097e+00       5.28084e-02       2.87158e+00
  162  3.24e-04      4.30705e+00       5.86937e-02       2.89093e+00
  163  3.26e-04      4.29670e+00       5.43376e-02       2.88258e+00
  164  3.28e-04      4.27860e+00       5.67355e-02       2.87131e+00
  165  3.30e-04      4.27916e+00       5.32800e-02       2.87053e+00
  166  3.32e-04      4.28716e+00       4.84773e-02       2.87427e+00
  167  3.34e-04      4.28761e+00       4.61640e-02       2.87380e+00
  168  3.36e-04      4.29799e+00       5.01938e-02       2.88206e+00
  169  3.38e-04      4.28531e+00       5.51058e-02       2.87524e+00
  170  3.40e-04      4.27789e+00       5.46366e-02       2.87014e+00
  171  3.42e-04      4.26685e+00       5.70935e-02       2.86360e+00
  172  3.44e-04      4.25908e+00       6.58011e-02       2.86132e+00
  173  3.46e-04      4.26601e+00       6.76006e-02       2.86654e+00
  174  3.48e-04      4.27573e+00       5.75104e-02       2.86966e+00
  175  3.50e-04      4.27910e+00       5.65221e-02       2.87157e+00
  176  3.52e-04      4.26440e+00       5.41732e-02       2.86099e+00
  177  3.54e-04      4.26343e+00       5.86723e-02       2.86184e+00
  178  3.56e-04      4.27254e+00       5.62079e-02       2.86710e+00
  179  3.58e-04      4.24995e+00       5.27008e-02       2.85087e+00
  180  3.60e-04      4.27913e+00       6.54914e-02       2.87458e+00
  181  3.62e-04      4.28003e+00       7.86743e-02       2.87958e+00
  182  3.64e-04      4.26741e+00       6.61782e-02       2.86700e+00
  183  3.66e-04      4.28572e+00       6.47135e-02       2.87871e+00
  184  3.68e-04      4.27761e+00       6.74050e-02       2.87421e+00
  185  3.70e-04      4.28964e+00       7.48426e-02       2.88471e+00
  186  3.72e-04      4.28360e+00       5.70120e-02       2.87473e+00
  187  3.74e-04      4.27027e+00       6.50421e-02       2.86852e+00
  188  3.76e-04      4.27323e+00       5.85694e-02       2.86834e+00
  189  3.78e-04      4.26543e+00       5.65138e-02       2.86246e+00
  190  3.80e-04      4.27438e+00       6.12243e-02       2.86999e+00
  191  3.82e-04      4.28605e+00       7.12665e-02       2.88113e+00
  192  3.84e-04      4.26482e+00       6.40262e-02       2.86455e+00
  193  3.86e-04      4.26633e+00       6.98298e-02       2.86750e+00
  194  3.88e-04      4.26908e+00       7.21140e-02       2.87009e+00
  195  3.90e-04      4.27440e+00       6.78146e-02       2.87220e+00
  196  3.92e-04      4.28264e+00       6.14504e-02       2.87557e+00
  197  3.94e-04      4.28720e+00       6.39260e-02       2.87944e+00
  198  3.96e-04      4.26826e+00       5.81858e-02       2.86490e+00
  199  3.98e-04      4.27739e+00       6.56721e-02       2.87348e+00
  200  4.00e-04      4.27463e+00       6.69383e-02       2.87206e+00
  201  4.02e-04      4.25650e+00       7.20195e-02       2.86167e+00
  202  4.04e-04      4.25759e+00       6.96139e-02       2.86160e+00
  203  4.06e-04      4.25717e+00       8.09616e-02       2.86510e+00
  204  4.08e-04      4.26785e+00       8.49522e-02       2.87355e+00
  205  4.10e-04      4.24230e+00       6.82418e-02       2.85095e+00
  206  4.12e-04      4.22072e+00       6.92283e-02       2.83689e+00
  207  4.14e-04      4.23226e+00       7.38234e-02       2.84611e+00
  208  4.16e-04      4.22262e+00       7.68839e-02       2.84071e+00
  209  4.18e-04      4.21246e+00       6.74997e-02       2.83081e+00
  210  4.20e-04      4.19605e+00       7.43256e-02       2.82214e+00
  211  4.22e-04      4.19714e+00       8.23735e-02       2.82555e+00
  212  4.24e-04      4.19621e+00       8.36786e-02       2.82537e+00
  213  4.26e-04      4.18735e+00       8.62736e-02       2.82033e+00
  214  4.28e-04      4.19004e+00       8.36459e-02       2.82124e+00
  215  4.30e-04      4.14491e+00       7.02895e-02       2.78670e+00
  216  4.32e-04      4.15164e+00       6.70306e-02       2.79010e+00
  217  4.34e-04      4.14231e+00       7.87233e-02       2.78778e+00
  218  4.36e-04      4.14648e+00       7.59801e-02       2.78965e+00
  219  4.38e-04      4.14363e+00       6.74628e-02       2.78491e+00
  220  4.40e-04      4.16348e+00       7.06550e-02       2.79920e+00
  221  4.42e-04      4.13163e+00       6.15584e-02       2.77494e+00
  222  4.44e-04      4.14431e+00       6.20750e-02       2.78357e+00
  223  4.46e-04      4.15441e+00       6.46174e-02       2.79115e+00
  224  4.48e-04      4.14121e+00       7.60350e-02       2.78615e+00
  225  4.50e-04      4.09585e+00       7.96163e-02       2.75710e+00
  226  4.52e-04      4.12750e+00       7.02510e-02       2.77508e+00
  227  4.54e-04      4.11788e+00       8.09503e-02       2.77224e+00
  228  4.56e-04      4.12151e+00       7.26685e-02       2.77190e+00
  229  4.58e-04      4.10747e+00       6.76942e-02       2.76088e+00
  230  4.60e-04      4.09268e+00       7.88018e-02       2.75472e+00
  231  4.62e-04      4.11104e+00       8.54910e-02       2.76919e+00
  232  4.64e-04      4.12513e+00       8.56588e-02       2.77864e+00
  233  4.66e-04      4.11523e+00       8.29111e-02       2.77112e+00
  234  4.68e-04      4.09914e+00       8.26468e-02       2.76031e+00
  235  4.70e-04      4.10488e+00       8.03076e-02       2.76335e+00
  236  4.72e-04      4.09779e+00       8.43889e-02       2.75999e+00
  237  4.74e-04      4.10402e+00       7.96663e-02       2.76257e+00
  238  4.76e-04      4.08369e+00       7.85387e-02       2.74864e+00
  239  4.78e-04      4.09394e+00       7.89292e-02       2.75561e+00
  240  4.80e-04      4.11306e+00       7.72524e-02       2.76779e+00
  241  4.82e-04      4.10409e+00       9.17059e-02       2.76663e+00
  242  4.84e-04      4.08255e+00       8.11527e-02       2.74875e+00
  243  4.86e-04      4.06370e+00       8.97728e-02       2.73906e+00
  244  4.88e-04      4.09206e+00       9.49498e-02       2.75969e+00
  245  4.90e-04      4.10351e+00       7.79690e-02       2.76166e+00
  246  4.92e-04      4.10630e+00       8.87197e-02       2.76710e+00
  247  4.94e-04      4.07873e+00       9.51233e-02       2.75086e+00
  248  4.96e-04      4.07811e+00       7.90440e-02       2.74509e+00
  249  4.98e-04      4.08001e+00       7.35348e-02       2.74452e+00
  250  5.00e-04      4.10071e+00       8.88378e-02       2.76342e+00
  251  5.02e-04      4.08764e+00       8.15752e-02       2.75229e+00
  252  5.04e-04      4.08185e+00       9.24159e-02       2.75204e+00
  253  5.06e-04      4.08133e+00       9.71743e-02       2.75328e+00
  254  5.08e-04      4.09124e+00       9.44350e-02       2.75897e+00
  255  5.10e-04      4.08283e+00       8.51537e-02       2.75027e+00
  256  5.12e-04      4.07980e+00       9.98373e-02       2.75314e+00
  257  5.14e-04      4.09586e+00       9.92332e-02       2.76365e+00
  258  5.16e-04      4.08890e+00       1.10419e-01       2.76274e+00
  259  5.18e-04      4.11320e+00       9.47721e-02       2.77373e+00
  260  5.20e-04      4.10449e+00       1.09385e-01       2.77279e+00
  261  5.22e-04      4.11012e+00       8.99019e-02       2.77005e+00
  262  5.24e-04      4.09935e+00       1.07891e-01       2.76886e+00
  263  5.26e-04      4.09506e+00       9.86114e-02       2.76291e+00
  264  5.28e-04      4.10421e+00       9.94722e-02       2.76930e+00
  265  5.30e-04      4.10431e+00       1.18096e-01       2.77557e+00
  266  5.32e-04      4.08667e+00       1.08585e-01       2.76064e+00
  267  5.34e-04      4.08980e+00       9.63187e-02       2.75864e+00
  268  5.36e-04      4.08451e+00       8.97840e-02       2.75293e+00
  269  5.38e-04      4.07423e+00       1.04485e-01       2.75098e+00
  270  5.40e-04      4.07221e+00       9.90250e-02       2.74781e+00
  271  5.42e-04      4.05990e+00       1.02345e-01       2.74072e+00
  272  5.44e-04      4.08114e+00       1.04289e-01       2.75553e+00
  273  5.46e-04      4.06800e+00       1.12766e-01       2.74959e+00
  274  5.48e-04      4.05742e+00       1.22736e-01       2.74586e+00
  275  5.50e-04      4.06138e+00       1.33359e-01       2.75204e+00
  276  5.52e-04      4.04369e+00       1.14116e-01       2.73383e+00
  277  5.54e-04      4.05269e+00       1.20845e-01       2.74208e+00
  278  5.56e-04      4.04341e+00       1.16496e-01       2.73444e+00
  279  5.58e-04      4.04335e+00       1.21041e-01       2.73592e+00
  280  5.60e-04      4.05003e+00       9.67592e-02       2.73227e+00
  281  5.62e-04      4.06017e+00       1.19167e-01       2.74650e+00
  282  5.64e-04      4.05045e+00       1.04257e-01       2.73505e+00
  283  5.66e-04      4.05865e+00       1.19758e-01       2.74568e+00
  284  5.68e-04      4.05174e+00       1.25842e-01       2.74311e+00
  285  5.70e-04      4.04607e+00       1.17305e-01       2.73648e+00
  286  5.72e-04      4.03497e+00       1.09462e-01       2.72647e+00
  287  5.74e-04      4.03106e+00       1.09893e-01       2.72401e+00
  288  5.76e-04      4.00906e+00       1.06697e-01       2.70827e+00
  289  5.78e-04      4.01201e+00       1.12250e-01       2.71209e+00
  290  5.80e-04      4.01684e+00       1.16015e-01       2.71656e+00
  291  5.82e-04      4.01589e+00       1.14709e-01       2.71549e+00
  292  5.84e-04      4.01334e+00       1.26918e-01       2.71786e+00
  293  5.86e-04      4.01509e+00       1.18965e-01       2.71638e+00
  294  5.88e-04      4.00788e+00       1.19333e-01       2.71170e+00
  295  5.90e-04      4.01100e+00       1.26456e-01       2.71615e+00
  296  5.92e-04      3.99399e+00       1.21603e-01       2.70320e+00
  297  5.94e-04      4.01463e+00       1.15511e-01       2.71492e+00
  298  5.96e-04      4.01335e+00       1.16725e-01       2.71447e+00
  299  5.98e-04      4.01388e+00       1.14210e-01       2.71399e+00
  300  6.00e-04      4.03359e+00       1.04147e-01       2.72377e+00
  301  6.02e-04      4.02325e+00       1.04408e-01       2.71697e+00
  302  6.04e-04      4.02145e+00       1.24805e-01       2.72257e+00
  303  6.06e-04      4.02106e+00       1.28761e-01       2.72363e+00
  304  6.08e-04      4.02687e+00       1.39425e-01       2.73106e+00
  305  6.10e-04      3.99713e+00       1.32024e-01       2.70876e+00
  306  6.12e-04      3.98934e+00       1.26829e-01       2.70184e+00
  307  6.14e-04      4.00429e+00       1.24575e-01       2.71105e+00
  308  6.16e-04      3.98090e+00       1.00014e-01       2.68727e+00
  309  6.18e-04      3.97779e+00       9.82866e-02       2.68462e+00
  310  6.20e-04      4.00207e+00       1.16519e-01       2.70689e+00
  311  6.22e-04      3.99106e+00       1.25801e-01       2.70264e+00
  312  6.24e-04      3.99797e+00       1.01164e-01       2.69903e+00
  313  6.26e-04      3.98731e+00       1.17115e-01       2.69724e+00
  314  6.28e-04      3.99258e+00       9.97653e-02       2.69497e+00
  315  6.30e-04      4.00548e+00       1.09509e-01       2.70683e+00
  316  6.32e-04      4.00909e+00       1.31155e-01       2.71645e+00
  317  6.34e-04      4.02995e+00       1.20439e-01       2.72678e+00
  318  6.36e-04      4.03327e+00       1.21561e-01       2.72937e+00
  319  6.38e-04      4.01323e+00       1.14654e-01       2.71370e+00
  320  6.40e-04      4.03062e+00       9.05510e-02       2.71727e+00
  321  6.42e-04      4.02736e+00       9.50306e-02       2.71659e+00
  322  6.44e-04      4.02533e+00       1.34158e-01       2.72827e+00
  323  6.46e-04      4.01153e+00       1.26646e-01       2.71657e+00
  324  6.48e-04      4.00808e+00       1.23955e-01       2.71337e+00
  325  6.50e-04      4.00338e+00       1.37852e-01       2.71487e+00
  326  6.52e-04      3.99161e+00       1.30090e-01       2.70444e+00
  327  6.54e-04      4.00965e+00       1.24019e-01       2.71444e+00
  328  6.56e-04      4.00654e+00       1.26238e-01       2.71311e+00
  329  6.58e-04      4.00488e+00       1.16854e-01       2.70887e+00
  330  6.60e-04      3.99768e+00       1.09322e-01       2.70156e+00
  331  6.62e-04      4.00268e+00       1.10890e-01       2.70541e+00
  332  6.64e-04      3.98769e+00       1.19120e-01       2.69817e+00
  333  6.66e-04      3.97124e+00       1.14877e-01       2.68578e+00
  334  6.68e-04      3.95688e+00       1.52254e-01       2.68867e+00
  335  6.70e-04      3.96428e+00       1.38865e-01       2.68914e+00
  336  6.72e-04      3.98674e+00       1.20867e-01       2.69812e+00
  337  6.74e-04      3.96189e+00       1.32632e-01       2.68547e+00
  338  6.76e-04      3.99710e+00       1.52412e-01       2.71553e+00
  339  6.78e-04      3.99215e+00       1.18694e-01       2.70100e+00
  340  6.80e-04      4.01227e+00       1.35045e-01       2.71986e+00
  341  6.82e-04      4.02490e+00       1.20944e-01       2.72358e+00
  342  6.84e-04      4.02825e+00       1.07576e-01       2.72136e+00
  343  6.86e-04      4.01845e+00       1.30458e-01       2.72245e+00
  344  6.88e-04      4.02933e+00       1.41494e-01       2.73338e+00
  345  6.90e-04      4.00558e+00       1.30183e-01       2.71378e+00
  346  6.92e-04      4.03318e+00       1.26138e-01       2.73083e+00
  347  6.94e-04      4.03220e+00       1.29956e-01       2.73146e+00
  348  6.96e-04      4.02028e+00       1.02110e-01       2.71422e+00
  349  6.98e-04      4.01516e+00       1.50648e-01       2.72699e+00
  350  7.00e-04      4.02759e+00       1.48786e-01       2.73465e+00
  351  7.02e-04      4.03611e+00       1.37684e-01       2.73664e+00
  352  7.04e-04      4.03653e+00       1.26498e-01       2.73318e+00
  353  7.06e-04      4.02890e+00       1.30332e-01       2.72938e+00
  354  7.08e-04      4.04909e+00       1.39390e-01       2.74586e+00
  355  7.10e-04      4.05684e+00       1.54553e-01       2.75608e+00
  356  7.12e-04      4.05720e+00       1.31763e-01       2.74872e+00
  357  7.14e-04      4.03488e+00       1.28861e-01       2.73287e+00
  358  7.16e-04      4.03970e+00       1.23036e-01       2.73414e+00
  359  7.18e-04      4.04206e+00       1.31594e-01       2.73857e+00
  360  7.20e-04      4.02802e+00       9.90939e-02       2.71838e+00
  361  7.22e-04      4.04733e+00       1.40441e-01       2.74504e+00
  362  7.24e-04      4.05280e+00       1.31644e-01       2.74575e+00
  363  7.26e-04      4.05601e+00       1.50558e-01       2.75419e+00
  364  7.28e-04      4.06094e+00       1.41825e-01       2.75457e+00
  365  7.30e-04      4.06477e+00       1.31261e-01       2.75360e+00
  366  7.32e-04      4.06979e+00       1.52765e-01       2.76412e+00
  367  7.34e-04      4.08405e+00       1.50308e-01       2.77280e+00
  368  7.36e-04      4.06950e+00       1.42691e-01       2.76057e+00
  369  7.38e-04      4.05969e+00       1.48173e-01       2.75585e+00
  370  7.40e-04      4.05111e+00       1.51089e-01       2.75111e+00
  371  7.42e-04      4.05980e+00       1.46263e-01       2.75528e+00
  372  7.44e-04      4.05792e+00       1.39083e-01       2.75164e+00
  373  7.46e-04      4.05757e+00       1.50734e-01       2.75529e+00
  374  7.48e-04      4.05966e+00       1.49801e-01       2.75637e+00
  375  7.50e-04      4.05413e+00       1.46559e-01       2.75161e+00
  376  7.52e-04      4.03050e+00       1.39370e-01       2.73346e+00
  377  7.54e-04      4.04592e+00       1.22851e-01       2.73823e+00
  378  7.56e-04      4.03715e+00       1.57005e-01       2.74377e+00
  379  7.58e-04      4.04134e+00       1.37563e-01       2.74008e+00
  380  7.60e-04      4.02404e+00       1.24422e-01       2.72417e+00
  381  7.62e-04      4.02582e+00       1.25830e-01       2.72582e+00
  382  7.64e-04      4.01011e+00       1.71006e-01       2.73041e+00
  383  7.66e-04      4.04855e+00       1.54295e-01       2.75046e+00
  384  7.68e-04      4.04075e+00       1.47285e-01       2.74293e+00
  385  7.70e-04      4.04221e+00       1.66453e-01       2.75029e+00
  386  7.72e-04      4.04047e+00       1.43363e-01       2.74143e+00
  387  7.74e-04      4.02443e+00       1.43209e-01       2.73069e+00
  388  7.76e-04      4.02354e+00       1.71126e-01       2.73940e+00
  389  7.78e-04      4.01393e+00       1.42804e-01       2.72355e+00
  390  7.80e-04      4.02228e+00       1.52645e-01       2.73240e+00
  391  7.82e-04      4.00565e+00       1.58342e-01       2.72321e+00
  392  7.84e-04      3.98591e+00       1.61929e-01       2.71125e+00
  393  7.86e-04      3.99073e+00       1.56166e-01       2.71255e+00
  394  7.88e-04      4.00388e+00       1.81551e-01       2.72977e+00
  395  7.90e-04      3.97438e+00       1.73193e-01       2.70732e+00
  396  7.92e-04      3.95673e+00       1.76206e-01       2.69655e+00
  397  7.94e-04      3.96998e+00       1.67132e-01       2.70236e+00
  398  7.96e-04      3.96277e+00       1.47931e-01       2.69116e+00
  399  7.98e-04      3.95507e+00       1.45426e-01       2.68519e+00
  400  8.00e-04      3.95571e+00       1.79214e-01       2.69688e+00
  401  8.02e-04      3.95746e+00       1.76329e-01       2.69708e+00
  402  8.04e-04      3.98359e+00       1.76353e-01       2.71451e+00
  403  8.06e-04      3.98813e+00       1.47685e-01       2.70798e+00
  404  8.08e-04      3.97449e+00       1.51857e-01       2.70028e+00
  405  8.10e-04      3.96788e+00       1.51678e-01       2.69581e+00
  406  8.12e-04      3.96725e+00       1.46501e-01       2.69367e+00
  407  8.14e-04      3.96298e+00       1.49258e-01       2.69174e+00
  408  8.16e-04      3.94634e+00       1.31782e-01       2.67482e+00
  409  8.18e-04      3.95605e+00       1.38992e-01       2.68370e+00
  410  8.20e-04      3.95027e+00       1.41260e-01       2.68060e+00
  411  8.22e-04      3.93951e+00       1.54669e-01       2.67790e+00
  412  8.24e-04      3.93241e+00       1.47124e-01       2.67065e+00
  413  8.26e-04      3.93495e+00       1.42015e-01       2.67064e+00
  414  8.28e-04      3.92240e+00       1.60535e-01       2.66845e+00
  415  8.30e-04      3.93077e+00       1.49305e-01       2.67028e+00
  416  8.32e-04      3.93066e+00       1.83766e-01       2.68170e+00
  417  8.34e-04      3.91709e+00       1.74059e-01       2.66942e+00
  418  8.36e-04      3.90452e+00       1.61706e-01       2.65691e+00
  419  8.38e-04      3.91821e+00       1.36441e-01       2.65762e+00
  420  8.40e-04      3.95322e+00       1.28304e-01       2.67825e+00
  421  8.42e-04      3.92832e+00       1.47113e-01       2.66792e+00
  422  8.44e-04      3.92334e+00       1.45075e-01       2.66392e+00
  423  8.46e-04      3.93725e+00       1.56670e-01       2.67705e+00
  424  8.48e-04      3.93037e+00       1.32622e-01       2.66445e+00
  425  8.50e-04      3.93749e+00       1.38416e-01       2.67113e+00
  426  8.52e-04      3.95612e+00       1.40291e-01       2.68418e+00
  427  8.54e-04      3.94607e+00       1.64365e-01       2.68550e+00
  428  8.56e-04      3.94389e+00       1.62686e-01       2.68349e+00
  429  8.58e-04      3.95290e+00       1.60308e-01       2.68870e+00
  430  8.60e-04      3.97218e+00       1.67710e-01       2.70402e+00
  431  8.62e-04      3.95688e+00       1.60164e-01       2.69131e+00
  432  8.64e-04      3.95833e+00       1.40325e-01       2.68566e+00
  433  8.66e-04      3.94918e+00       1.75872e-01       2.69141e+00
  434  8.68e-04      3.95855e+00       1.82495e-01       2.69987e+00
  435  8.70e-04      3.93529e+00       1.78406e-01       2.68300e+00
  436  8.72e-04      3.91467e+00       1.38700e-01       2.65601e+00
  437  8.74e-04      3.89764e+00       1.57357e-01       2.65088e+00
  438  8.76e-04      3.88472e+00       1.56845e-01       2.64209e+00
  439  8.78e-04      3.89134e+00       1.75649e-01       2.65278e+00
  440  8.80e-04      3.90575e+00       1.82912e-01       2.66480e+00
  441  8.82e-04      3.89420e+00       1.71798e-01       2.65340e+00
  442  8.84e-04      3.90262e+00       1.71219e-01       2.65882e+00
  443  8.86e-04      3.89273e+00       1.60960e-01       2.64880e+00
  444  8.88e-04      3.89890e+00       1.79025e-01       2.65894e+00
  445  8.90e-04      3.88694e+00       1.73413e-01       2.64910e+00
  446  8.92e-04      3.87261e+00       1.71786e-01       2.63900e+00
  447  8.94e-04      3.86186e+00       1.69814e-01       2.63118e+00
  448  8.96e-04      3.86738e+00       1.79849e-01       2.63820e+00
  449  8.98e-04      3.83832e+00       1.82894e-01       2.61984e+00
  450  9.00e-04      3.84262e+00       1.75538e-01       2.62026e+00
  451  9.02e-04      3.83249e+00       1.66230e-01       2.61040e+00
  452  9.04e-04      3.84603e+00       1.65991e-01       2.61935e+00
  453  9.06e-04      3.83928e+00       1.51207e-01       2.60992e+00
  454  9.08e-04      3.81309e+00       1.81659e-01       2.60261e+00
  455  9.10e-04      3.83337e+00       1.74668e-01       2.61380e+00
  456  9.12e-04      3.83523e+00       1.72186e-01       2.61422e+00
  457  9.14e-04      3.82605e+00       1.45149e-01       2.59909e+00
  458  9.16e-04      3.83564e+00       1.66058e-01       2.61245e+00
  459  9.18e-04      3.82162e+00       1.74513e-01       2.60592e+00
  460  9.20e-04      3.81792e+00       1.91850e-01       2.60923e+00
  461  9.22e-04      3.84200e+00       1.86880e-01       2.62363e+00
  462  9.24e-04      3.81448e+00       1.76231e-01       2.60173e+00
  463  9.26e-04      3.81448e+00       1.89439e-01       2.60613e+00
  464  9.28e-04      3.80174e+00       1.88479e-01       2.59732e+00
  465  9.30e-04      3.81854e+00       1.71662e-01       2.60291e+00
  466  9.32e-04      3.81335e+00       2.00744e-01       2.60915e+00
  467  9.34e-04      3.81917e+00       2.18587e-01       2.61897e+00
  468  9.36e-04      3.80577e+00       1.84176e-01       2.59857e+00
  469  9.38e-04      3.81661e+00       1.60930e-01       2.59805e+00
  470  9.40e-04      3.79299e+00       1.71979e-01       2.58599e+00
  471  9.42e-04      3.82182e+00       1.80338e-01       2.60799e+00
  472  9.44e-04      3.81293e+00       1.74416e-01       2.60009e+00
  473  9.46e-04      3.81019e+00       1.74390e-01       2.59826e+00
  474  9.48e-04      3.82849e+00       1.40383e-01       2.59912e+00
  475  9.50e-04      3.83651e+00       1.95678e-01       2.62290e+00
  476  9.52e-04      3.81328e+00       1.99055e-01       2.60854e+00
  477  9.54e-04      3.80258e+00       1.99983e-01       2.60172e+00
  478  9.56e-04      3.79883e+00       1.90101e-01       2.59592e+00
  479  9.58e-04      3.80831e+00       2.24120e-01       2.61358e+00
  480  9.60e-04      3.79443e+00       1.75271e-01       2.58805e+00
  481  9.62e-04      3.80528e+00       1.85692e-01       2.59875e+00
  482  9.64e-04      3.80207e+00       1.85545e-01       2.59656e+00
  483  9.66e-04      3.79547e+00       1.88856e-01       2.59326e+00
  484  9.68e-04      3.79261e+00       1.78139e-01       2.58779e+00
  485  9.70e-04      3.79254e+00       1.73587e-01       2.58622e+00
  486  9.72e-04      3.77224e+00       2.11459e-01       2.58531e+00
  487  9.74e-04      3.79380e+00       2.22208e-01       2.60327e+00
  488  9.76e-04      3.76861e+00       1.91779e-01       2.57633e+00
  489  9.78e-04      3.76357e+00       1.73021e-01       2.56672e+00
  490  9.80e-04      3.76864e+00       1.92773e-01       2.57668e+00
  491  9.82e-04      3.77493e+00       1.83418e-01       2.57776e+00
  492  9.84e-04      3.75854e+00       1.96086e-01       2.57106e+00
  493  9.86e-04      3.75571e+00       2.19329e-01       2.57692e+00
  494  9.88e-04      3.76539e+00       2.22732e-01       2.58450e+00
  495  9.90e-04      3.75219e+00       2.07005e-01       2.57046e+00
  496  9.92e-04      3.76592e+00       2.11768e-01       2.58120e+00
  497  9.94e-04      3.74382e+00       1.83228e-01       2.55695e+00
  498  9.96e-04      3.74258e+00       1.94103e-01       2.55975e+00
  499  9.98e-04      3.74288e+00       1.87492e-01       2.55775e+00
  500  1.00e-03      3.74787e+00       2.18040e-01       2.57126e+00
  501  1.00e-03      3.76278e+00       2.00542e-01       2.57537e+00
  502  1.00e-03      3.75312e+00       2.13659e-01       2.57330e+00
  503  1.01e-03      3.77211e+00       1.94140e-01       2.57946e+00
  504  1.01e-03      3.77524e+00       2.30043e-01       2.59350e+00
  505  1.01e-03      3.77985e+00       2.52517e-01       2.60407e+00
  506  1.01e-03      3.76897e+00       2.24513e-01       2.58748e+00
  507  1.01e-03      3.76886e+00       2.01317e-01       2.57968e+00
  508  1.02e-03      3.75625e+00       2.06159e-01       2.57289e+00
  509  1.02e-03      3.74252e+00       2.32198e-01       2.57241e+00
  510  1.02e-03      3.75983e+00       1.85395e-01       2.56835e+00
  511  1.02e-03      3.74690e+00       2.37776e-01       2.57719e+00
  512  1.02e-03      3.73245e+00       2.35407e-01       2.56677e+00
  513  1.03e-03      3.73295e+00       2.35979e-01       2.56729e+00
  514  1.03e-03      3.72613e+00       2.10613e-01       2.55429e+00
  515  1.03e-03      3.73538e+00       2.05359e-01       2.55870e+00
  516  1.03e-03      3.73846e+00       2.09000e-01       2.56197e+00
  517  1.03e-03      3.72024e+00       2.46369e-01       2.56228e+00
  518  1.04e-03      3.75354e+00       2.15355e-01       2.57414e+00
  519  1.04e-03      3.76179e+00       1.79651e-01       2.56774e+00
  520  1.04e-03      3.76593e+00       1.98205e-01       2.57669e+00
  521  1.04e-03      3.73888e+00       2.10451e-01       2.56273e+00
  522  1.04e-03      3.71939e+00       1.92992e-01       2.54392e+00
  523  1.05e-03      3.73350e+00       2.23654e-01       2.56355e+00
  524  1.05e-03      3.74958e+00       2.20960e-01       2.57337e+00
  525  1.05e-03      3.73605e+00       2.45385e-01       2.57249e+00
  526  1.05e-03      3.74815e+00       2.31579e-01       2.57596e+00
  527  1.05e-03      3.74619e+00       2.41545e-01       2.57798e+00
  528  1.06e-03      3.75732e+00       2.40663e-01       2.58510e+00
  529  1.06e-03      3.74954e+00       2.23775e-01       2.57428e+00
  530  1.06e-03      3.75941e+00       2.19099e-01       2.57931e+00
  531  1.06e-03      3.74759e+00       2.21261e-01       2.57215e+00
  532  1.06e-03      3.77316e+00       2.47393e-01       2.59791e+00
  533  1.07e-03      3.75258e+00       2.19129e-01       2.57476e+00
  534  1.07e-03      3.73150e+00       2.38759e-01       2.56726e+00
  535  1.07e-03      3.72587e+00       2.31066e-01       2.56094e+00
  536  1.07e-03      3.73843e+00       2.22636e-01       2.56650e+00
  537  1.07e-03      3.71641e+00       2.18748e-01       2.55053e+00
  538  1.08e-03      3.71955e+00       2.65037e-01       2.56805e+00
  539  1.08e-03      3.69568e+00       2.81201e-01       2.55752e+00
  540  1.08e-03      3.68725e+00       2.24223e-01       2.53291e+00
  541  1.08e-03      3.66697e+00       2.18911e-01       2.51762e+00
  542  1.08e-03      3.65746e+00       2.38653e-01       2.51785e+00
  543  1.09e-03      3.66646e+00       2.62371e-01       2.53177e+00
  544  1.09e-03      3.67562e+00       2.54973e-01       2.53541e+00
  545  1.09e-03      3.67926e+00       2.52286e-01       2.53693e+00
  546  1.09e-03      3.66065e+00       2.08096e-01       2.50980e+00
  547  1.09e-03      3.67723e+00       2.06615e-01       2.52036e+00
  548  1.10e-03      3.66684e+00       2.23476e-01       2.51906e+00
  549  1.10e-03      3.64240e+00       2.25452e-01       2.50342e+00
  550  1.10e-03      3.65355e+00       2.12213e-01       2.50644e+00
  551  1.10e-03      3.64632e+00       2.26573e-01       2.50641e+00
  552  1.10e-03      3.65195e+00       2.14232e-01       2.50604e+00
  553  1.11e-03      3.64111e+00       2.28443e-01       2.50355e+00
  554  1.11e-03      3.63142e+00       2.26426e-01       2.49642e+00
  555  1.11e-03      3.64212e+00       2.53832e-01       2.51269e+00
  556  1.11e-03      3.62524e+00       2.12337e-01       2.48761e+00
  557  1.11e-03      3.61655e+00       2.12361e-01       2.48182e+00
  558  1.12e-03      3.62334e+00       2.17977e-01       2.48822e+00
  559  1.12e-03      3.62535e+00       2.39996e-01       2.49690e+00
  560  1.12e-03      3.60347e+00       2.41665e-01       2.48287e+00
  561  1.12e-03      3.60196e+00       2.29843e-01       2.47792e+00
  562  1.12e-03      3.58695e+00       2.23383e-01       2.46576e+00
  563  1.13e-03      3.60075e+00       2.41956e-01       2.48115e+00
  564  1.13e-03      3.59941e+00       2.36083e-01       2.47830e+00
  565  1.13e-03      3.60957e+00       2.12288e-01       2.47714e+00
  566  1.13e-03      3.61217e+00       2.09520e-01       2.47795e+00
  567  1.13e-03      3.62235e+00       2.17108e-01       2.48727e+00
  568  1.14e-03      3.62212e+00       2.16764e-01       2.48700e+00
  569  1.14e-03      3.60886e+00       2.21493e-01       2.47974e+00
  570  1.14e-03      3.58542e+00       2.43257e-01       2.47137e+00
  571  1.14e-03      3.59972e+00       2.37044e-01       2.47883e+00
  572  1.14e-03      3.60798e+00       2.47675e-01       2.48788e+00
  573  1.15e-03      3.60760e+00       1.96930e-01       2.47071e+00
  574  1.15e-03      3.61155e+00       1.90597e-01       2.47123e+00
  575  1.15e-03      3.60569e+00       2.30423e-01       2.48060e+00
  576  1.15e-03      3.58301e+00       2.42545e-01       2.46952e+00
  577  1.15e-03      3.59296e+00       2.33816e-01       2.47324e+00
  578  1.16e-03      3.58771e+00       2.39650e-01       2.47169e+00
  579  1.16e-03      3.57390e+00       2.06000e-01       2.45126e+00
  580  1.16e-03      3.56019e+00       2.06291e-01       2.44223e+00
  581  1.16e-03      3.58009e+00       2.52514e-01       2.47090e+00
  582  1.16e-03      3.56660e+00       2.03081e-01       2.44543e+00
  583  1.17e-03      3.58480e+00       1.89188e-01       2.45293e+00
  584  1.17e-03      3.57369e+00       2.24254e-01       2.45721e+00
  585  1.17e-03      3.58127e+00       2.05288e-01       2.45595e+00
  586  1.17e-03      3.59253e+00       1.68731e-01       2.45127e+00
  587  1.17e-03      3.59318e+00       2.11051e-01       2.46581e+00
  588  1.18e-03      3.58852e+00       2.32741e-01       2.46993e+00
  589  1.18e-03      3.58313e+00       2.26155e-01       2.46414e+00
  590  1.18e-03      3.58111e+00       2.02284e-01       2.45484e+00
  591  1.18e-03      3.57435e+00       2.12044e-01       2.45358e+00
  592  1.18e-03      3.57763e+00       2.23808e-01       2.45969e+00
  593  1.19e-03      3.57811e+00       2.46781e-01       2.46767e+00
  594  1.19e-03      3.57571e+00       2.01653e-01       2.45102e+00
  595  1.19e-03      3.56005e+00       2.23273e-01       2.44779e+00
  596  1.19e-03      3.56052e+00       2.04884e-01       2.44198e+00
  597  1.19e-03      3.54954e+00       2.22440e-01       2.44051e+00
  598  1.20e-03      3.56276e+00       2.22741e-01       2.44942e+00
  599  1.20e-03      3.56795e+00       2.14632e-01       2.45018e+00
  600  1.20e-03      3.57518e+00       1.81680e-01       2.44401e+00
  601  1.20e-03      3.55850e+00       2.23827e-01       2.44695e+00
  602  1.20e-03      3.53928e+00       2.28906e-01       2.43582e+00
  603  1.21e-03      3.53475e+00       1.91488e-01       2.42033e+00
  604  1.21e-03      3.52674e+00       2.27839e-01       2.42711e+00
  605  1.21e-03      3.54193e+00       2.20154e-01       2.43467e+00
  606  1.21e-03      3.56626e+00       2.19978e-01       2.45083e+00
  607  1.21e-03      3.56240e+00       2.21701e-01       2.44883e+00
  608  1.22e-03      3.56223e+00       2.55526e-01       2.46000e+00
  609  1.22e-03      3.56152e+00       2.18207e-01       2.44708e+00
  610  1.22e-03      3.55083e+00       2.37204e-01       2.44629e+00
  611  1.22e-03      3.57757e+00       2.11172e-01       2.45544e+00
  612  1.22e-03      3.57149e+00       1.64656e-01       2.43588e+00
  613  1.23e-03      3.55837e+00       2.08003e-01       2.44158e+00
  614  1.23e-03      3.57548e+00       2.58176e-01       2.46971e+00
  615  1.23e-03      3.58323e+00       2.49047e-01       2.47183e+00
  616  1.23e-03      3.59694e+00       2.24606e-01       2.47283e+00
  617  1.23e-03      3.59437e+00       2.33338e-01       2.47402e+00
  618  1.24e-03      3.59005e+00       2.43768e-01       2.47462e+00
  619  1.24e-03      3.59688e+00       2.30845e-01       2.47487e+00
  620  1.24e-03      3.62486e+00       2.48319e-01       2.49934e+00
  621  1.24e-03      3.60631e+00       2.09257e-01       2.47396e+00
  622  1.24e-03      3.62305e+00       2.17470e-01       2.48786e+00
  623  1.25e-03      3.60257e+00       2.43324e-01       2.48282e+00
  624  1.25e-03      3.61016e+00       2.20519e-01       2.48028e+00
  625  1.25e-03      3.62241e+00       2.25609e-01       2.49014e+00
  626  1.25e-03      3.59703e+00       2.48881e-01       2.48098e+00
  627  1.25e-03      3.60074e+00       2.49137e-01       2.48354e+00
  628  1.26e-03      3.58468e+00       2.22211e-01       2.46386e+00
  629  1.26e-03      3.58514e+00       2.57605e-01       2.47596e+00
  630  1.26e-03      3.59343e+00       2.19401e-01       2.46875e+00
  631  1.26e-03      3.59584e+00       2.14194e-01       2.46863e+00
  632  1.26e-03      3.57881e+00       2.24636e-01       2.46075e+00
  633  1.27e-03      3.57449e+00       2.37461e-01       2.46215e+00
  634  1.27e-03      3.57420e+00       2.51281e-01       2.46656e+00
  635  1.27e-03      3.56674e+00       2.29533e-01       2.45434e+00
  636  1.27e-03      3.57377e+00       2.25267e-01       2.45760e+00
  637  1.27e-03      3.55158e+00       2.38684e-01       2.44728e+00
  638  1.28e-03      3.55765e+00       2.74855e-01       2.46339e+00
  639  1.28e-03      3.55256e+00       2.57914e-01       2.45435e+00
  640  1.28e-03      3.53021e+00       2.76390e-01       2.44561e+00
  641  1.28e-03      3.53039e+00       2.36407e-01       2.43239e+00
  642  1.28e-03      3.53351e+00       2.45037e-01       2.43735e+00
  643  1.29e-03      3.52997e+00       2.44202e-01       2.43472e+00
  644  1.29e-03      3.52909e+00       2.96894e-01       2.45169e+00
  645  1.29e-03      3.52356e+00       2.42393e-01       2.42983e+00
  646  1.29e-03      3.52226e+00       2.35080e-01       2.42653e+00
  647  1.29e-03      3.52308e+00       2.50450e-01       2.43220e+00
  648  1.30e-03      3.51735e+00       2.95145e-01       2.44328e+00
  649  1.30e-03      3.51552e+00       2.45494e-01       2.42551e+00
  650  1.30e-03      3.51682e+00       2.40469e-01       2.42470e+00
  651  1.30e-03      3.49882e+00       2.68715e-01       2.42212e+00
  652  1.30e-03      3.48589e+00       2.34779e-01       2.40219e+00
  653  1.31e-03      3.49719e+00       2.76204e-01       2.42353e+00
  654  1.31e-03      3.47821e+00       3.02847e-01       2.41975e+00
  655  1.31e-03      3.49479e+00       2.57543e-01       2.41570e+00
  656  1.31e-03      3.48435e+00       2.53153e-01       2.40728e+00
  657  1.31e-03      3.48401e+00       2.58011e-01       2.40867e+00
  658  1.32e-03      3.50770e+00       2.14832e-01       2.41008e+00
  659  1.32e-03      3.48990e+00       2.26483e-01       2.40210e+00
  660  1.32e-03      3.47467e+00       2.94983e-01       2.41477e+00
  661  1.32e-03      3.49414e+00       2.64254e-01       2.41751e+00
  662  1.32e-03      3.48208e+00       2.32235e-01       2.39880e+00
  663  1.33e-03      3.50857e+00       2.50477e-01       2.42254e+00
  664  1.33e-03      3.49953e+00       2.27531e-01       2.40886e+00
  665  1.33e-03      3.50179e+00       2.69234e-01       2.42427e+00
  666  1.33e-03      3.48877e+00       2.61480e-01       2.41301e+00
  667  1.33e-03      3.49608e+00       2.39862e-01       2.41068e+00
  668  1.34e-03      3.46505e+00       1.98198e-01       2.37610e+00
  669  1.34e-03      3.48221e+00       2.30701e-01       2.39838e+00
  670  1.34e-03      3.45875e+00       2.74352e-01       2.39728e+00
  671  1.34e-03      3.47359e+00       2.54390e-01       2.40052e+00
  672  1.34e-03      3.43883e+00       2.70426e-01       2.38270e+00
  673  1.35e-03      3.46537e+00       2.42816e-01       2.39118e+00
  674  1.35e-03      3.45835e+00       2.68829e-01       2.39518e+00
  675  1.35e-03      3.47619e+00       2.38289e-01       2.39689e+00
  676  1.35e-03      3.44810e+00       2.96545e-01       2.39758e+00
  677  1.35e-03      3.43770e+00       2.53308e-01       2.37624e+00
  678  1.36e-03      3.45293e+00       2.55538e-01       2.38713e+00
  679  1.36e-03      3.45872e+00       2.35187e-01       2.38421e+00
  680  1.36e-03      3.43551e+00       2.95552e-01       2.38886e+00
  681  1.36e-03      3.43753e+00       2.87274e-01       2.38744e+00
  682  1.36e-03      3.46246e+00       2.58001e-01       2.39431e+00
  683  1.37e-03      3.45856e+00       2.47150e-01       2.38809e+00
  684  1.37e-03      3.46083e+00       2.52686e-01       2.39145e+00
  685  1.37e-03      3.43520e+00       2.28224e-01       2.36621e+00
  686  1.37e-03      3.44561e+00       2.68369e-01       2.38653e+00
  687  1.37e-03      3.43971e+00       2.55186e-01       2.37820e+00
  688  1.38e-03      3.42668e+00       2.39736e-01       2.36437e+00
  689  1.38e-03      3.39770e+00       2.56014e-01       2.35047e+00
  690  1.38e-03      3.40613e+00       2.78737e-01       2.36367e+00
  691  1.38e-03      3.41844e+00       2.67588e-01       2.36816e+00
  692  1.38e-03      3.43359e+00       2.82813e-01       2.38333e+00
  693  1.39e-03      3.42182e+00       2.78159e-01       2.37393e+00
  694  1.39e-03      3.45258e+00       2.35799e-01       2.38032e+00
  695  1.39e-03      3.44138e+00       2.22643e-01       2.36847e+00
  696  1.39e-03      3.45335e+00       2.51885e-01       2.38620e+00
  697  1.39e-03      3.45798e+00       2.24025e-01       2.38000e+00
  698  1.40e-03      3.47474e+00       2.78351e-01       2.40928e+00
  699  1.40e-03      3.48147e+00       2.88636e-01       2.41719e+00
  700  1.40e-03      3.46255e+00       2.75645e-01       2.40025e+00
  701  1.40e-03      3.45584e+00       2.62701e-01       2.39146e+00
  702  1.40e-03      3.44056e+00       2.29951e-01       2.37036e+00
  703  1.41e-03      3.45667e+00       2.71901e-01       2.39508e+00
  704  1.41e-03      3.47705e+00       2.85136e-01       2.41308e+00
  705  1.41e-03      3.44761e+00       2.56875e-01       2.38403e+00
  706  1.41e-03      3.44548e+00       2.48433e-01       2.37980e+00
  707  1.41e-03      3.41523e+00       2.54686e-01       2.36171e+00
  708  1.42e-03      3.43940e+00       2.49276e-01       2.37603e+00
  709  1.42e-03      3.43089e+00       2.56352e-01       2.37271e+00
  710  1.42e-03      3.44095e+00       3.20046e-01       2.40065e+00
  711  1.42e-03      3.44845e+00       2.35061e-01       2.37732e+00
  712  1.42e-03      3.46583e+00       2.60719e-01       2.39746e+00
  713  1.43e-03      3.47495e+00       2.32101e-01       2.39400e+00
  714  1.43e-03      3.49892e+00       2.82513e-01       2.42679e+00
  715  1.43e-03      3.46334e+00       2.55854e-01       2.39418e+00
  716  1.43e-03      3.47952e+00       2.58380e-01       2.40580e+00
  717  1.43e-03      3.48685e+00       2.91263e-01       2.42166e+00
  718  1.44e-03      3.51522e+00       2.71470e-01       2.43397e+00
  719  1.44e-03      3.49070e+00       2.60999e-01       2.41414e+00
  720  1.44e-03      3.49171e+00       2.56157e-01       2.41319e+00
  721  1.44e-03      3.49515e+00       2.61654e-01       2.41732e+00
  722  1.44e-03      3.51200e+00       2.82873e-01       2.43563e+00
  723  1.45e-03      3.49672e+00       2.53445e-01       2.41563e+00
  724  1.45e-03      3.51059e+00       2.82258e-01       2.43448e+00
  725  1.45e-03      3.50157e+00       2.62320e-01       2.42182e+00
  726  1.45e-03      3.49113e+00       3.18741e-01       2.43366e+00
  727  1.45e-03      3.47418e+00       2.69202e-01       2.40585e+00
  728  1.46e-03      3.47605e+00       2.59979e-01       2.40402e+00
  729  1.46e-03      3.47289e+00       2.84814e-01       2.41020e+00
  730  1.46e-03      3.48226e+00       2.96013e-01       2.42018e+00
  731  1.46e-03      3.45528e+00       2.60853e-01       2.39047e+00
  732  1.46e-03      3.48142e+00       2.61487e-01       2.40811e+00
  733  1.47e-03      3.48562e+00       2.77147e-01       2.41613e+00
  734  1.47e-03      3.48239e+00       2.59456e-01       2.40808e+00
  735  1.47e-03      3.47758e+00       2.37352e-01       2.39751e+00
  736  1.47e-03      3.47055e+00       2.77982e-01       2.40636e+00
  737  1.47e-03      3.47181e+00       2.72983e-01       2.40553e+00
  738  1.48e-03      3.46425e+00       2.73933e-01       2.40081e+00
  739  1.48e-03      3.45948e+00       2.45985e-01       2.38832e+00
  740  1.48e-03      3.45990e+00       2.51980e-01       2.39059e+00
  741  1.48e-03      3.46723e+00       2.39586e-01       2.39135e+00
  742  1.48e-03      3.43655e+00       2.60932e-01       2.37801e+00
  743  1.49e-03      3.42613e+00       2.96545e-01       2.38294e+00
  744  1.49e-03      3.41337e+00       2.65379e-01       2.36404e+00
  745  1.49e-03      3.41535e+00       2.75593e-01       2.36877e+00
  746  1.49e-03      3.39508e+00       2.85779e-01       2.35865e+00
  747  1.49e-03      3.41420e+00       2.84302e-01       2.37090e+00
  748  1.50e-03      3.38188e+00       2.72972e-01       2.34558e+00
  749  1.50e-03      3.39222e+00       2.50374e-01       2.34494e+00
  750  1.50e-03      3.39070e+00       3.18725e-01       2.36671e+00
  751  1.50e-03      3.39668e+00       2.60635e-01       2.35133e+00
  752  1.50e-03      3.37862e+00       2.78042e-01       2.34509e+00
  753  1.51e-03      3.37768e+00       2.68115e-01       2.34116e+00
  754  1.51e-03      3.39880e+00       2.69379e-01       2.35566e+00
  755  1.51e-03      3.41995e+00       2.76998e-01       2.37230e+00
  756  1.51e-03      3.38706e+00       3.17325e-01       2.36381e+00
  757  1.51e-03      3.38553e+00       2.70616e-01       2.34723e+00
  758  1.52e-03      3.39789e+00       1.87048e-01       2.32761e+00
  759  1.52e-03      3.40618e+00       3.01764e-01       2.37138e+00
  760  1.52e-03      3.38163e+00       3.12758e-01       2.35867e+00
  761  1.52e-03      3.39403e+00       2.68832e-01       2.35230e+00
  762  1.52e-03      3.39814e+00       2.83847e-01       2.36004e+00
  763  1.53e-03      3.42555e+00       2.97613e-01       2.38290e+00
  764  1.53e-03      3.42674e+00       2.83202e-01       2.37889e+00
  765  1.53e-03      3.41880e+00       2.54962e-01       2.36419e+00
  766  1.53e-03      3.39908e+00       2.89806e-01       2.36265e+00
  767  1.53e-03      3.42396e+00       2.84604e-01       2.37751e+00
  768  1.54e-03      3.41533e+00       2.81855e-01       2.37084e+00
  769  1.54e-03      3.42118e+00       2.51564e-01       2.36464e+00
  770  1.54e-03      3.41253e+00       2.74531e-01       2.36653e+00
  771  1.54e-03      3.43391e+00       3.59950e-01       2.40926e+00
  772  1.54e-03      3.43661e+00       2.94071e-01       2.38910e+00
  773  1.55e-03      3.45298e+00       2.53707e-01       2.38656e+00
  774  1.55e-03      3.44028e+00       2.68654e-01       2.38307e+00
  775  1.55e-03      3.43306e+00       3.13386e-01       2.39317e+00
  776  1.55e-03      3.43698e+00       3.32955e-01       2.40230e+00
  777  1.55e-03      3.45460e+00       2.58000e-01       2.38907e+00
  778  1.56e-03      3.45655e+00       2.51084e-01       2.38806e+00
  779  1.56e-03      3.45840e+00       2.39181e-01       2.38533e+00
  780  1.56e-03      3.45639e+00       3.20856e-01       2.41121e+00
  781  1.56e-03      3.44036e+00       2.79452e-01       2.38672e+00
  782  1.56e-03      3.45875e+00       3.29399e-01       2.41564e+00
  783  1.57e-03      3.46968e+00       3.24450e-01       2.42127e+00
  784  1.57e-03      3.47594e+00       2.90611e-01       2.41416e+00
  785  1.57e-03      3.44587e+00       2.71349e-01       2.38769e+00
  786  1.57e-03      3.45637e+00       3.06346e-01       2.40636e+00
  787  1.57e-03      3.45093e+00       3.11500e-01       2.40445e+00
  788  1.58e-03      3.47531e+00       2.84277e-01       2.41163e+00
  789  1.58e-03      3.46518e+00       2.99810e-01       2.41006e+00
  790  1.58e-03      3.46550e+00       3.23254e-01       2.41808e+00
  791  1.58e-03      3.46378e+00       2.94283e-01       2.40728e+00
  792  1.58e-03      3.48130e+00       3.21482e-01       2.42803e+00
  793  1.59e-03      3.46713e+00       3.03045e-01       2.41244e+00
  794  1.59e-03      3.47094e+00       3.20055e-01       2.42065e+00
  795  1.59e-03      3.45622e+00       2.50496e-01       2.38764e+00
  796  1.59e-03      3.46257e+00       2.52011e-01       2.39239e+00
  797  1.59e-03      3.44192e+00       2.69631e-01       2.38449e+00
  798  1.60e-03      3.44033e+00       3.05012e-01       2.39522e+00
  799  1.60e-03      3.43873e+00       3.10809e-01       2.39609e+00
  800  1.60e-03      3.45488e+00       3.05748e-01       2.40517e+00
  801  1.60e-03      3.44561e+00       3.11069e-01       2.40076e+00
  802  1.60e-03      3.45430e+00       3.50565e-01       2.41972e+00
  803  1.61e-03      3.43642e+00       3.20700e-01       2.39784e+00
  804  1.61e-03      3.45366e+00       3.21914e-01       2.40974e+00
  805  1.61e-03      3.44639e+00       3.15529e-01       2.40277e+00
  806  1.61e-03      3.45263e+00       3.27380e-01       2.41088e+00
  807  1.61e-03      3.44572e+00       2.91531e-01       2.39433e+00
  808  1.62e-03      3.45789e+00       3.02746e-01       2.40618e+00
  809  1.62e-03      3.43900e+00       3.49841e-01       2.40928e+00
  810  1.62e-03      3.44392e+00       3.07875e-01       2.39857e+00
  811  1.62e-03      3.43430e+00       3.16952e-01       2.39519e+00
  812  1.62e-03      3.41443e+00       3.03382e-01       2.37741e+00
  813  1.63e-03      3.41265e+00       3.26315e-01       2.38387e+00
  814  1.63e-03      3.42839e+00       3.14580e-01       2.39045e+00
  815  1.63e-03      3.43000e+00       3.02629e-01       2.38755e+00
  816  1.63e-03      3.41597e+00       2.98365e-01       2.37677e+00
  817  1.63e-03      3.43224e+00       3.23958e-01       2.39615e+00
  818  1.64e-03      3.42462e+00       3.45113e-01       2.39812e+00
  819  1.64e-03      3.41297e+00       2.80363e-01       2.36877e+00
  820  1.64e-03      3.40288e+00       3.58294e-01       2.38802e+00
  821  1.64e-03      3.38179e+00       3.29871e-01       2.36449e+00
  822  1.64e-03      3.39595e+00       3.13266e-01       2.36839e+00
  823  1.65e-03      3.39275e+00       3.16223e-01       2.36724e+00
  824  1.65e-03      3.41488e+00       3.16401e-01       2.38206e+00
  825  1.65e-03      3.37297e+00       2.94907e-01       2.34695e+00
  826  1.65e-03      3.37855e+00       3.43628e-01       2.36691e+00
  827  1.65e-03      3.37975e+00       3.43578e-01       2.36769e+00
  828  1.66e-03      3.38254e+00       3.20705e-01       2.36193e+00
  829  1.66e-03      3.38049e+00       3.37904e-01       2.36629e+00
  830  1.66e-03      3.40043e+00       3.21419e-01       2.37410e+00
  831  1.66e-03      3.40967e+00       2.59488e-01       2.35961e+00
  832  1.66e-03      3.39657e+00       3.46505e-01       2.37988e+00
  833  1.67e-03      3.40474e+00       2.99247e-01       2.36957e+00
  834  1.67e-03      3.39479e+00       3.07471e-01       2.36568e+00
  835  1.67e-03      3.38734e+00       2.94894e-01       2.35652e+00
  836  1.67e-03      3.36822e+00       3.24381e-01       2.35361e+00
  837  1.67e-03      3.36711e+00       3.27996e-01       2.35407e+00
  838  1.68e-03      3.35447e+00       3.74342e-01       2.36109e+00
  839  1.68e-03      3.37191e+00       3.15992e-01       2.35327e+00
  840  1.68e-03      3.33953e+00       3.11328e-01       2.33013e+00
  841  1.68e-03      3.37096e+00       3.81040e-01       2.37432e+00
  842  1.68e-03      3.36221e+00       3.06090e-01       2.34350e+00
  843  1.69e-03      3.37974e+00       3.00351e-01       2.35328e+00
  844  1.69e-03      3.35744e+00       3.30679e-01       2.34852e+00
  845  1.69e-03      3.37499e+00       3.62986e-01       2.37099e+00
  846  1.69e-03      3.36532e+00       3.16442e-01       2.34903e+00
  847  1.69e-03      3.35790e+00       2.61541e-01       2.32578e+00
  848  1.70e-03      3.33443e+00       2.85722e-01       2.31819e+00
  849  1.70e-03      3.31754e+00       2.97750e-01       2.31095e+00
  850  1.70e-03      3.30597e+00       3.29336e-01       2.31376e+00
  851  1.70e-03      3.31576e+00       3.10928e-01       2.31415e+00
  852  1.70e-03      3.28641e+00       3.51750e-01       2.30819e+00
  853  1.71e-03      3.29248e+00       3.17681e-01       2.30088e+00
  854  1.71e-03      3.29210e+00       3.32383e-01       2.30552e+00
  855  1.71e-03      3.30938e+00       3.43515e-01       2.32076e+00
  856  1.71e-03      3.29748e+00       3.10508e-01       2.30182e+00
  857  1.71e-03      3.29835e+00       3.16488e-01       2.30440e+00
  858  1.72e-03      3.29535e+00       3.13168e-01       2.30129e+00
  859  1.72e-03      3.28922e+00       3.09087e-01       2.29584e+00
  860  1.72e-03      3.28442e+00       3.32253e-01       2.30036e+00
  861  1.72e-03      3.29510e+00       3.39338e-01       2.30985e+00
  862  1.72e-03      3.27545e+00       3.75796e-01       2.30890e+00
  863  1.73e-03      3.30258e+00       3.15553e-01       2.30690e+00
  864  1.73e-03      3.29433e+00       3.13585e-01       2.30075e+00
  865  1.73e-03      3.29537e+00       3.32202e-01       2.30765e+00
  866  1.73e-03      3.27950e+00       3.37361e-01       2.29879e+00
  867  1.73e-03      3.29405e+00       3.63937e-01       2.31735e+00
  868  1.74e-03      3.26116e+00       3.03474e-01       2.27527e+00
  869  1.74e-03      3.27314e+00       3.34632e-01       2.29364e+00
  870  1.74e-03      3.25914e+00       3.27646e-01       2.28198e+00
  871  1.74e-03      3.24558e+00       3.78183e-01       2.28978e+00
  872  1.74e-03      3.23839e+00       3.53467e-01       2.27675e+00
  873  1.75e-03      3.26356e+00       3.20654e-01       2.28259e+00
  874  1.75e-03      3.23562e+00       3.51616e-01       2.27429e+00
  875  1.75e-03      3.24852e+00       3.04708e-01       2.26725e+00
  876  1.75e-03      3.25494e+00       3.35884e-01       2.28192e+00
  877  1.75e-03      3.25170e+00       3.00810e-01       2.26807e+00
  878  1.76e-03      3.23878e+00       3.51009e-01       2.27619e+00
  879  1.76e-03      3.22744e+00       3.33607e-01       2.26283e+00
  880  1.76e-03      3.23698e+00       3.11096e-01       2.26168e+00
  881  1.76e-03      3.23440e+00       3.57823e-01       2.27554e+00
  882  1.76e-03      3.25754e+00       3.52511e-01       2.28919e+00
  883  1.77e-03      3.25768e+00       3.88286e-01       2.30121e+00
  884  1.77e-03      3.26813e+00       3.50772e-01       2.29568e+00
  885  1.77e-03      3.26736e+00       3.05682e-01       2.28014e+00
  886  1.77e-03      3.28670e+00       3.32368e-01       2.30192e+00
  887  1.77e-03      3.27579e+00       3.44768e-01       2.29878e+00
  888  1.78e-03      3.27960e+00       3.65844e-01       2.30835e+00
  889  1.78e-03      3.27659e+00       2.78764e-01       2.27732e+00
  890  1.78e-03      3.29114e+00       4.26203e-01       2.33616e+00
  891  1.78e-03      3.28723e+00       3.65156e-01       2.31320e+00
  892  1.78e-03      3.30456e+00       3.36578e-01       2.31523e+00
  893  1.79e-03      3.27706e+00       3.58755e-01       2.30429e+00
  894  1.79e-03      3.28341e+00       3.63087e-01       2.30997e+00
  895  1.79e-03      3.27114e+00       3.52807e-01       2.29837e+00
  896  1.79e-03      3.29671e+00       2.84565e-01       2.29266e+00
  897  1.79e-03      3.28776e+00       3.44977e-01       2.30683e+00
  898  1.80e-03      3.29472e+00       3.30223e-01       2.30656e+00
  899  1.80e-03      3.26381e+00       3.23125e-01       2.28358e+00
  900  1.80e-03      3.26749e+00       3.13148e-01       2.28271e+00
  901  1.80e-03      3.25348e+00       3.37745e-01       2.28157e+00
  902  1.80e-03      3.24950e+00       3.71908e-01       2.29030e+00
  903  1.81e-03      3.23319e+00       3.41813e-01       2.26940e+00
  904  1.81e-03      3.25474e+00       3.73131e-01       2.29420e+00
  905  1.81e-03      3.24540e+00       3.28548e-01       2.27311e+00
  906  1.81e-03      3.25828e+00       3.05799e-01       2.27412e+00
  907  1.81e-03      3.24524e+00       3.47852e-01       2.27944e+00
  908  1.82e-03      3.24069e+00       3.55343e-01       2.27891e+00
  909  1.82e-03      3.23957e+00       3.33252e-01       2.27080e+00
  910  1.82e-03      3.23898e+00       3.22055e-01       2.26667e+00
  911  1.82e-03      3.21901e+00       3.38323e-01       2.25878e+00
  912  1.82e-03      3.23995e+00       3.67083e-01       2.28233e+00
  913  1.83e-03      3.22865e+00       3.54143e-01       2.27048e+00
  914  1.83e-03      3.21862e+00       3.41499e-01       2.25958e+00
  915  1.83e-03      3.21900e+00       2.77867e-01       2.23862e+00
  916  1.83e-03      3.24392e+00       2.76923e-01       2.25492e+00
  917  1.83e-03      3.26326e+00       3.07337e-01       2.27795e+00
  918  1.84e-03      3.24112e+00       3.65178e-01       2.28248e+00
  919  1.84e-03      3.23362e+00       3.27332e-01       2.26486e+00
  920  1.84e-03      3.23728e+00       3.19137e-01       2.26457e+00
  921  1.84e-03      3.21703e+00       3.76389e-01       2.27015e+00
  922  1.84e-03      3.20305e+00       3.28192e-01       2.24477e+00
  923  1.85e-03      3.21106e+00       3.27051e-01       2.24972e+00
  924  1.85e-03      3.21817e+00       2.61258e-01       2.23254e+00
  925  1.85e-03      3.19942e+00       3.32720e-01       2.24385e+00
  926  1.85e-03      3.19650e+00       3.03634e-01       2.23221e+00
  927  1.85e-03      3.20741e+00       3.15528e-01       2.24345e+00
  928  1.86e-03      3.20606e+00       3.26500e-01       2.24620e+00
  929  1.86e-03      3.21063e+00       3.69307e-01       2.26353e+00
  930  1.86e-03      3.19512e+00       3.90930e-01       2.26039e+00
  931  1.86e-03      3.21311e+00       2.93735e-01       2.23998e+00
  932  1.86e-03      3.20015e+00       3.16344e-01       2.23888e+00
  933  1.87e-03      3.20689e+00       3.18518e-01       2.24410e+00
  934  1.87e-03      3.18901e+00       3.07372e-01       2.22847e+00
  935  1.87e-03      3.20784e+00       3.34916e-01       2.25020e+00
  936  1.87e-03      3.20440e+00       3.47767e-01       2.25219e+00
  937  1.87e-03      3.21037e+00       3.50812e-01       2.25719e+00
  938  1.88e-03      3.20516e+00       2.71711e-01       2.22735e+00
  939  1.88e-03      3.22451e+00       3.62298e-01       2.27044e+00
  940  1.88e-03      3.20197e+00       3.53611e-01       2.25252e+00
  941  1.88e-03      3.21882e+00       3.17391e-01       2.25168e+00
  942  1.88e-03      3.20509e+00       3.32475e-01       2.24755e+00
  943  1.89e-03      3.21827e+00       2.89752e-01       2.24210e+00
  944  1.89e-03      3.21489e+00       3.68784e-01       2.26619e+00
  945  1.89e-03      3.21615e+00       3.28868e-01       2.25372e+00
  946  1.89e-03      3.20421e+00       3.89689e-01       2.26604e+00
  947  1.89e-03      3.21020e+00       3.07255e-01       2.24255e+00
  948  1.90e-03      3.18376e+00       3.39689e-01       2.23574e+00
  949  1.90e-03      3.20140e+00       2.98833e-01       2.23388e+00
  950  1.90e-03      3.19098e+00       3.02572e-01       2.22818e+00
  951  1.90e-03      3.20317e+00       4.16086e-01       2.27414e+00
  952  1.90e-03      3.18099e+00       3.20248e-01       2.22741e+00
  953  1.91e-03      3.20515e+00       3.44563e-01       2.25162e+00
  954  1.91e-03      3.19336e+00       3.22101e-01       2.23628e+00
  955  1.91e-03      3.20048e+00       3.58338e-01       2.25310e+00
  956  1.91e-03      3.19218e+00       3.39223e-01       2.24119e+00
  957  1.91e-03      3.18835e+00       3.40654e-01       2.23912e+00
  958  1.92e-03      3.16822e+00       3.70287e-01       2.23558e+00
  959  1.92e-03      3.17736e+00       2.86516e-01       2.21374e+00
  960  1.92e-03      3.16362e+00       3.77588e-01       2.23495e+00
  961  1.92e-03      3.18105e+00       3.55346e-01       2.23915e+00
  962  1.92e-03      3.17359e+00       3.55440e-01       2.23421e+00
  963  1.93e-03      3.20321e+00       3.83569e-01       2.26333e+00
  964  1.93e-03      3.17770e+00       3.59472e-01       2.23829e+00
  965  1.93e-03      3.18362e+00       3.60193e-01       2.24248e+00
  966  1.93e-03      3.17892e+00       2.77839e-01       2.21189e+00
  967  1.93e-03      3.18157e+00       3.58526e-01       2.24056e+00
  968  1.94e-03      3.17895e+00       3.28611e-01       2.22884e+00
  969  1.94e-03      3.18160e+00       2.96683e-01       2.21996e+00
  970  1.94e-03      3.17104e+00       3.28271e-01       2.22345e+00
  971  1.94e-03      3.17503e+00       3.34214e-01       2.22809e+00
  972  1.94e-03      3.16916e+00       3.96375e-01       2.24490e+00
  973  1.95e-03      3.13964e+00       3.49126e-01       2.20947e+00
  974  1.95e-03      3.16376e+00       4.05840e-01       2.24446e+00
  975  1.95e-03      3.18270e+00       3.09661e-01       2.22502e+00
  976  1.95e-03      3.17742e+00       3.33556e-01       2.22947e+00
  977  1.95e-03      3.17035e+00       3.50993e-01       2.23056e+00
  978  1.96e-03      3.15772e+00       3.01247e-01       2.20556e+00
  979  1.96e-03      3.14736e+00       3.71500e-01       2.22207e+00
  980  1.96e-03      3.10228e+00       2.97167e-01       2.16724e+00
  981  1.96e-03      3.09419e+00       3.33844e-01       2.17407e+00
  982  1.96e-03      3.09457e+00       3.35282e-01       2.17481e+00
  983  1.97e-03      3.08031e+00       3.55236e-01       2.17195e+00
  984  1.97e-03      3.08624e+00       3.11604e-01       2.16136e+00
  985  1.97e-03      3.09525e+00       3.29584e-01       2.17336e+00
  986  1.97e-03      3.09123e+00       3.74263e-01       2.18558e+00
  987  1.97e-03      3.06451e+00       2.95331e-01       2.14145e+00
  988  1.98e-03      3.08731e+00       3.26523e-01       2.16705e+00
  989  1.98e-03      3.07139e+00       4.04061e-01       2.18228e+00
  990  1.98e-03      3.08141e+00       3.38417e-01       2.16708e+00
  991  1.98e-03      3.07213e+00       3.49071e-01       2.16445e+00
  992  1.98e-03      3.07589e+00       3.25014e-01       2.15893e+00
  993  1.99e-03      3.06976e+00       3.73244e-01       2.17092e+00
  994  1.99e-03      3.08244e+00       3.49368e-01       2.17141e+00
  995  1.99e-03      3.06853e+00       3.63152e-01       2.16674e+00
  996  1.99e-03      3.08033e+00       3.50978e-01       2.17055e+00
  997  1.99e-03      3.07106e+00       3.57371e-01       2.16650e+00
  998  2.00e-03      3.11739e+00       3.43198e-01       2.19266e+00
  999  2.00e-03      3.08810e+00       2.81618e-01       2.15261e+00
