Delta = 0.000e+00 gamma
 step      t        T_in_plane/mK   T_out_of_plane/mK   T_tot/mK
    0  0.00e+00      6.31710e+00       0.00000e+00       4.21140e+00
    1  2.00e-06      6.22896e+00       2.32363e-03       4.15342e+00
    2  4.00e-06      6.26818e+00       4.51249e-03       4.18029e+00
    3  6.00e-06      6.26258e+00       6.97990e-03       4.17738e+00
    4  8.00e-06      6.30285e+00       7.55733e-03       4.20442e+00
    5  1.00e-05      6.25295e+00       1.00658e-02       4.17199e+00
    6  1.20e-05      6.30241e+00       1.05757e-02       4.20513e+00
    7  1.40e-05      6.27224e+00       1.40965e-02       4.18619e+00
    8  1.60e-05      6.30063e+00       1.40062e-02       4.20509e+00
    9  1.80e-05      6.29065e+00       1.89800e-02       4.20009e+00
   10  2.00e-05      6.27846e+00       1.97218e-02       4.19221e+00
   11  2.20e-05      6.29616e+00       2.14465e-02       4.20459e+00
   12  2.40e-05      6.28330e+00       2.77238e-02       4.19811e+00
   13  2.60e-05      6.29226e+00       2.49372e-02       4.20315e+00
   14  2.80e-05      6.33120e+00       3.15058e-02       4.23130e+00
   15  3.00e-05      6.39556e+00       3.01053e-02       4.27374e+00
   16  3.20e-05      6.43274e+00       3.52602e-02       4.30025e+00
   17  3.40e-05      6.42564e+00       3.70742e-02       4.29612e+00
   18  3.60e-05      6.39290e+00       4.10935e-02       4.27563e+00
   19  3.80e-05      6.43701e+00       4.23675e-02       4.30546e+00
   20  4.00e-05      6.44031e+00       4.25018e-02       4.30771e+00
   21  4.20e-05      6.41545e+00       4.48789e-02       4.29193e+00
   22  4.40e-05      6.39786e+00       4.92456e-02       4.28166e+00
   23  4.60e-05      6.40459e+00       4.78230e-02       4.28567e+00
   24  4.80e-05      6.38509e+00       4.98771e-02       4.27335e+00
   25  5.00e-05      6.35771e+00       5.38775e-02       4.25643e+00
   26  5.20e-05      6.29716e+00       5.39570e-02       4.21609e+00
   27  5.40e-05      6.28465e+00       6.22265e-02       4.21051e+00
   28  5.60e-05      6.32588e+00       5.27561e-02       4.23484e+00
   29  5.80e-05      6.37569e+00       4.77112e-02       4.26636e+00
   30  6.00e-05      6.41208e+00       6.92459e-02       4.29780e+00
   31  6.20e-05      6.38119e+00       7.82442e-02       4.28021e+00
   32  6.40e-05      6.41382e+00       7.84929e-02       4.30204e+00
   33  6.60e-05      6.45616e+00       7.81999e-02       4.33017e+00
   34  6.80e-05      6.51769e+00       7.45019e-02       4.36996e+00
   35  7.00e-05      6.54440e+00       8.48379e-02       4.39122e+00
   36  7.20e-05      6.54785e+00       8.02577e-02       4.39199e+00
   37  7.40e-05      6.55715e+00       8.21106e-02       4.39880e+00
   38  7.60e-05      6.54992e+00       7.19710e-02       4.39060e+00
   39  7.80e-05      6.58044e+00       8.13779e-02       4.41409e+00
   40  8.00e-05      6.59472e+00       8.66104e-02       4.42535e+00
   41  8.20e-05      6.60651e+00       9.13964e-02       4.43480e+00
   42  8.40e-05      6.62009e+00       9.21742e-02       4.44412e+00
   43  8.60e-05      6.58973e+00       7.82335e-02       4.41923e+00
   44  8.80e-05      6.60718e+00       9.52192e-02       4.43653e+00
   45  9.00e-05      6.59458e+00       9.55778e-02       4.42824e+00
   46  9.20e-05      6.62938e+00       9.80494e-02       4.45227e+00
   47  9.40e-05      6.68116e+00       9.85295e-02       4.48695e+00
   48  9.60e-05      6.63629e+00       9.27324e-02       4.45510e+00
   49  9.80e-05      6.65337e+00       9.75005e-02       4.46808e+00
   50  1.00e-04      6.69726e+00       9.03894e-02       4.49497e+00
   51  1.02e-04      6.68252e+00       1.08322e-01       4.49112e+00
   52  1.04e-04      6.75614e+00       1.02432e-01       4.53824e+00
   53  1.06e-04      6.73238e+00       1.00126e-01       4.52163e+00
   54  1.08e-04      6.74752e+00       1.20116e-01       4.53838e+00
   55  1.10e-04      6.72064e+00       1.12410e-01       4.51790e+00
   56  1.12e-04      6.74496e+00       1.02710e-01       4.53088e+00
   57  1.14e-04      6.77546e+00       1.00663e-01       4.55053e+00
   58  1.16e-04      6.80909e+00       8.41140e-02       4.56743e+00
   59  1.18e-04      6.85154e+00       1.28202e-01       4.61043e+00
   60  1.20e-04      6.88207e+00       1.05476e-01       4.62320e+00
   61  1.22e-04      6.86152e+00       1.05578e-01       4.60954e+00
   62  1.24e-04      6.92615e+00       1.31672e-01       4.66133e+00
   63  1.26e-04      6.89853e+00       1.11025e-01       4.63603e+00
   64  1.28e-04      6.87343e+00       1.12095e-01       4.61965e+00
   65  1.30e-04      6.88931e+00       1.32935e-01       4.63719e+00
   66  1.32e-04      6.92927e+00       1.31209e-01       4.66325e+00
   67  1.34e-04      6.98544e+00       1.21076e-01       4.69732e+00
   68  1.36e-04      6.90650e+00       1.23759e-01       4.64559e+00
   69  1.38e-04      6.90045e+00       1.03029e-01       4.63464e+00
   70  1.40e-04      6.97896e+00       1.07385e-01       4.68843e+00
   71  1.42e-04      6.94892e+00       1.26794e-01       4.67488e+00
   72  1.44e-04      6.94107e+00       1.27595e-01       4.66991e+00
   73  1.46e-04      6.90511e+00       1.35541e-01       4.64859e+00
   74  1.48e-04      6.90855e+00       1.53734e-01       4.65695e+00
   75  1.50e-04      6.91113e+00       1.64430e-01       4.66223e+00
   76  1.52e-04      6.93766e+00       1.45405e-01       4.67357e+00
   77  1.54e-04      6.88426e+00       1.13714e-01       4.62741e+00
   78  1.56e-04      6.92088e+00       1.53550e-01       4.66510e+00
   79  1.58e-04      6.92402e+00       1.27173e-01       4.65840e+00
   80  1.60e-04      6.90176e+00       1.63155e-01       4.65556e+00
   81  1.62e-04      6.91184e+00       1.71328e-01       4.66500e+00
   82  1.64e-04      6.97221e+00       1.22147e-01       4.68886e+00
   83  1.66e-04      6.98737e+00       1.63744e-01       4.71283e+00
   84  1.68e-04      7.00969e+00       1.68783e-01       4.72939e+00
   85  1.70e-04      7.02130e+00       1.63183e-01       4.73526e+00
   86  1.72e-04      6.97831e+00       1.65063e-01       4.70723e+00
   87  1.74e-04      7.02529e+00       1.57209e-01       4.73593e+00
   88  1.76e-04      7.04532e+00       1.61707e-01       4.75079e+00
   89  1.78e-04      7.03781e+00       1.34664e-01       4.73676e+00
   90  1.80e-04      7.11431e+00       1.63534e-01       4.79739e+00
   91  1.82e-04      7.05652e+00       1.31408e-01       4.74815e+00
   92  1.84e-04      7.07665e+00       1.46002e-01       4.76643e+00
   93  1.86e-04      7.06154e+00       1.81525e-01       4.76820e+00
   94  1.88e-04      7.13341e+00       1.96057e-01       4.82096e+00
   95  1.90e-04      7.14531e+00       2.01057e-01       4.83056e+00
   96  1.92e-04      7.14112e+00       1.71631e-01       4.81796e+00
   97  1.94e-04      7.14267e+00       1.58759e-01       4.81470e+00
   98  1.96e-04      7.14509e+00       1.72916e-01       4.82103e+00
   99  1.98e-04      7.16243e+00       1.88922e-01       4.83793e+00
  100  2.00e-04      7.17628e+00       1.87944e-01       4.84683e+00
  101  2.02e-04      7.17064e+00       1.63991e-01       4.83509e+00
  102  2.04e-04      7.22729e+00       2.08043e-01       4.88754e+00
  103  2.06e-04      7.21506e+00       2.23651e-01       4.88459e+00
  104  2.08e-04      7.19164e+00       2.24256e-01       4.86918e+00
  105  2.10e-04      7.19680e+00       2.02777e-01       4.86546e+00
  106  2.12e-04      7.18275e+00       2.19367e-01       4.86162e+00
  107  2.14e-04      7.15109e+00       2.37315e-01       4.84650e+00
  108  2.16e-04      7.15198e+00       2.24748e-01       4.84290e+00
  109  2.18e-04      7.12063e+00       2.33667e-01       4.82498e+00
  110  2.20e-04      7.16174e+00       2.12774e-01       4.84542e+00
  111  2.22e-04      7.18124e+00       1.97280e-01       4.85325e+00
  112  2.24e-04      7.21469e+00       2.49167e-01       4.89285e+00
  113  2.26e-04      7.19966e+00       2.57759e-01       4.88569e+00
  114  2.28e-04      7.23863e+00       2.19313e-01       4.89886e+00
  115  2.30e-04      7.23928e+00       2.51254e-01       4.90994e+00
  116  2.32e-04      7.22962e+00       2.19717e-01       4.89299e+00
  117  2.34e-04      7.23637e+00       2.42175e-01       4.90497e+00
  118  2.36e-04      7.18439e+00       2.88853e-01       4.88588e+00
  119  2.38e-04      7.21919e+00       2.23385e-01       4.88725e+00
  120  2.40e-04      7.23368e+00       1.84087e-01       4.88382e+00
  121  2.42e-04      7.23401e+00       2.38007e-01       4.90201e+00
  122  2.44e-04      7.23973e+00       2.73558e-01       4.91767e+00
  123  2.46e-04      7.21782e+00       2.35325e-01       4.89032e+00
  124  2.48e-04      7.23759e+00       1.96797e-01       4.89066e+00
  125  2.50e-04      7.25772e+00       2.26721e-01       4.91405e+00
  126  2.52e-04      7.26071e+00       2.56847e-01       4.92609e+00
  127  2.54e-04      7.23549e+00       2.70211e-01       4.91373e+00
  128  2.56e-04      7.21891e+00       2.81707e-01       4.90651e+00
  129  2.58e-04      7.24478e+00       2.31502e-01       4.90702e+00
  130  2.60e-04      7.33027e+00       2.48400e-01       4.96965e+00
  131  2.62e-04      7.32253e+00       2.41151e-01       4.96207e+00
  132  2.64e-04      7.38732e+00       2.40139e-01       5.00493e+00
  133  2.66e-04      7.45038e+00       2.23139e-01       5.04130e+00
  134  2.68e-04      7.52106e+00       2.58835e-01       5.10032e+00
  135  2.70e-04      7.49191e+00       3.28696e-01       5.10417e+00
  136  2.72e-04      7.57272e+00       2.58227e-01       5.13456e+00
  137  2.74e-04      7.58215e+00       2.86131e-01       5.15014e+00
  138  2.76e-04      7.57598e+00       2.49486e-01       5.13382e+00
  139  2.78e-04      7.53448e+00       2.37343e-01       5.10210e+00
  140  2.80e-04      7.62334e+00       3.12888e-01       5.18652e+00
  141  2.82e-04      7.62775e+00       2.71439e-01       5.17565e+00
  142  2.84e-04      7.63798e+00       2.72481e-01       5.18281e+00
  143  2.86e-04      7.62616e+00       3.08727e-01       5.18702e+00
  144  2.88e-04      7.59652e+00       3.08029e-01       5.16702e+00
  145  2.90e-04      7.63739e+00       2.44101e-01       5.17296e+00
  146  2.92e-04      7.70754e+00       2.35674e-01       5.21692e+00
  147  2.94e-04      7.70348e+00       3.37820e-01       5.24826e+00
  148  2.96e-04      7.72567e+00       2.83651e-01       5.24500e+00
  149  2.98e-04      7.73744e+00       3.05222e-01       5.26003e+00
  150  3.00e-04      7.73268e+00       3.08498e-01       5.25795e+00
  151  3.02e-04      7.74302e+00       3.18529e-01       5.26819e+00
  152  3.04e-04      7.71161e+00       3.40062e-01       5.25443e+00
  153  3.06e-04      7.69785e+00       3.16305e-01       5.23733e+00
  154  3.08e-04      7.74692e+00       2.69175e-01       5.25434e+00
  155  3.10e-04      7.78335e+00       2.94488e-01       5.28706e+00
  156  3.12e-04      7.81053e+00       3.35278e-01       5.31878e+00
  157  3.14e-04      7.81917e+00       3.26295e-01       5.32155e+00
  158  3.16e-04      7.83675e+00       2.88262e-01       5.32058e+00
  159  3.18e-04      7.83586e+00       2.89371e-01       5.32037e+00
  160  3.20e-04      7.78642e+00       3.33079e-01       5.30197e+00
  161  3.22e-04      7.92241e+00       3.62146e-01       5.40232e+00
  162  3.24e-04      7.92873e+00       2.88527e-01       5.38199e+00
  163  3.26e-04      7.96558e+00       3.07978e-01       5.41304e+00
  164  3.28e-04      7.97225e+00       3.25611e-01       5.42337e+00
  165  3.30e-04      7.97553e+00       3.11244e-01       5.42077e+00
  166  3.32e-04      8.03554e+00       3.21949e-01       5.46434e+00
  167  3.34e-04      8.07570e+00       3.16940e-01       5.48945e+00
  168  3.36e-04      7.99504e+00       3.26411e-01       5.43883e+00
  169  3.38e-04      7.98068e+00       3.42364e-01       5.43458e+00
  170  3.40e-04      7.96290e+00       3.07831e-01       5.41121e+00
  171  3.42e-04      8.04444e+00       2.99155e-01       5.46268e+00
  172  3.44e-04      8.07101e+00       3.59513e-01       5.50051e+00
  173  3.46e-04      8.18433e+00       2.52269e-01       5.54031e+00
  174  3.48e-04      8.19923e+00       2.53852e-01       5.55077e+00
  175  3.50e-04      8.16860e+00       3.41223e-01       5.55948e+00
  176  3.52e-04      8.15324e+00       3.30430e-01       5.54563e+00
  177  3.54e-04      8.21297e+00       3.99728e-01       5.60855e+00
  178  3.56e-04      8.22836e+00       3.54710e-01       5.60381e+00
  179  3.58e-04      8.24904e+00       2.92368e-01       5.59682e+00
  180  3.60e-04      8.28206e+00       3.46076e-01       5.63673e+00
  181  3.62e-04      8.28651e+00       3.51666e-01       5.64156e+00
  182  3.64e-04      8.31830e+00       3.24689e-01       5.65377e+00
  183  3.66e-04      8.36315e+00       2.65777e-01       5.66402e+00
  184  3.68e-04      8.41290e+00       3.58224e-01       5.72801e+00
  185  3.70e-04      8.41536e+00       3.90442e-01       5.74039e+00
  186  3.72e-04      8.45265e+00       3.90578e-01       5.76529e+00
  187  3.74e-04      8.46489e+00       4.14390e-01       5.78139e+00
  188  3.76e-04      8.50832e+00       2.91111e-01       5.76925e+00
  189  3.78e-04      8.51614e+00       3.49718e-01       5.79400e+00
  190  3.80e-04      8.52556e+00       3.89321e-01       5.81348e+00
  191  3.82e-04      8.57701e+00       3.56872e-01       5.83697e+00
  192  3.84e-04      8.52645e+00       3.54227e-01       5.80238e+00
  193  3.86e-04      8.48529e+00       3.49341e-01       5.77331e+00
  194  3.88e-04      8.56712e+00       4.20915e-01       5.85172e+00
  195  3.90e-04      8.50070e+00       3.85456e-01       5.79562e+00
  196  3.92e-04      8.48042e+00       3.87359e-01       5.78273e+00
  197  3.94e-04      8.53554e+00       3.71450e-01       5.81418e+00
  198  3.96e-04      8.54551e+00       3.35336e-01       5.80878e+00
  199  3.98e-04      8.60184e+00       3.67451e-01       5.85704e+00
  200  4.00e-04      8.61688e+00       3.80285e-01       5.87135e+00
  201  4.02e-04      8.56874e+00       4.17415e-01       5.85163e+00
  202  4.04e-04      8.56587e+00       4.21546e-01       5.85109e+00
  203  4.06e-04      8.56338e+00       3.77974e-01       5.83491e+00
  204  4.08e-04      8.55136e+00       4.00828e-01       5.83452e+00
  205  4.10e-04      8.54098e+00       3.80138e-01       5.82070e+00
  206  4.12e-04      8.58000e+00       4.54617e-01       5.87154e+00
  207  4.14e-04      8.61731e+00       3.75447e-01       5.87002e+00
  208  4.16e-04      8.71864e+00       3.25207e-01       5.92083e+00
  209  4.18e-04      8.70086e+00       4.47639e-01       5.94978e+00
  210  4.20e-04      8.76990e+00       4.32459e-01       5.99075e+00
  211  4.22e-04      8.78996e+00       3.87754e-01       5.98922e+00
  212  4.24e-04      8.80113e+00       4.36043e-01       6.01277e+00
  213  4.26e-04      8.80264e+00       3.59101e-01       5.98813e+00
  214  4.28e-04      8.86031e+00       3.64963e-01       6.02853e+00
  215  4.30e-04      8.77885e+00       3.79019e-01       5.97890e+00
  216  4.32e-04      8.85242e+00       3.63146e-01       6.02266e+00
  217  4.34e-04      8.85948e+00       3.59362e-01       6.02611e+00
  218  4.36e-04      8.84029e+00       4.24312e-01       6.03496e+00
  219  4.38e-04      8.91452e+00       4.37829e-01       6.08895e+00
  220  4.40e-04      8.93781e+00       4.80377e-01       6.11866e+00
  221  4.42e-04      8.98531e+00       4.68257e-01       6.14629e+00
  222  4.44e-04      8.97212e+00       3.43313e-01       6.09585e+00
  223  4.46e-04      8.99877e+00       3.73090e-01       6.12355e+00
  224  4.48e-04      9.00021e+00       4.27750e-01       6.14272e+00
  225  4.50e-04      9.01705e+00       4.13313e-01       6.14913e+00
  226  4.52e-04      8.99151e+00       3.89020e-01       6.12401e+00
  227  4.54e-04      8.99314e+00       4.51907e-01       6.14606e+00
  228  4.56e-04      9.04180e+00       4.04918e-01       6.16284e+00
  229  4.58e-04      9.09990e+00       4.49562e-01       6.21645e+00
  230  4.60e-04      9.11033e+00       4.34095e-01       6.21825e+00
  231  4.62e-04      9.06376e+00       4.08862e-01       6.17879e+00
  232  4.64e-04      9.07104e+00       4.21615e-01       6.18790e+00
  233  4.66e-04      9.07146e+00       5.17248e-01       6.22006e+00
  234  4.68e-04      9.07331e+00       4.94948e-01       6.21386e+00
  235  4.70e-04      9.09613e+00       4.87207e-01       6.22649e+00
  236  4.72e-04      9.07914e+00       5.20011e-01       6.22610e+00
  237  4.74e-04      9.15168e+00       4.13536e-01       6.23897e+00
  238  4.76e-04      9.20314e+00       4.92992e-01       6.29976e+00
  239  4.78e-04      9.22141e+00       4.16112e-01       6.28631e+00
  240  4.80e-04      9.27522e+00       4.18899e-01       6.32311e+00
  241  4.82e-04      9.25107e+00       4.61616e-01       6.32125e+00
  242  4.84e-04      9.26625e+00       3.70007e-01       6.30084e+00
  243  4.86e-04      9.37688e+00       4.69127e-01       6.40763e+00
  244  4.88e-04      9.41600e+00       5.57083e-01       6.46303e+00
  245  4.90e-04      9.40230e+00       5.05729e-01       6.43677e+00
  246  4.92e-04      9.51239e+00       5.41255e-01       6.52201e+00
  247  4.94e-04      9.62642e+00       4.32517e-01       6.56178e+00
  248  4.96e-04      9.60836e+00       5.01989e-01       6.57290e+00
  249  4.98e-04      9.64441e+00       5.24564e-01       6.60446e+00
  250  5.00e-04      9.68592e+00       4.52771e-01       6.60821e+00
  251  5.02e-04      9.68092e+00       4.23609e-01       6.59515e+00
  252  5.04e-04      9.69345e+00       4.66930e-01       6.61795e+00
  253  5.06e-04      9.78486e+00       5.30875e-01       6.70020e+00
  254  5.08e-04      9.80302e+00       4.62955e-01       6.68967e+00
  255  5.10e-04      9.85187e+00       5.26980e-01       6.74357e+00
  256  5.12e-04      9.90760e+00       4.50002e-01       6.75507e+00
  257  5.14e-04      9.91570e+00       4.10228e-01       6.74721e+00
  258  5.16e-04      9.95333e+00       5.57097e-01       6.82125e+00
  259  5.18e-04      9.93786e+00       4.52728e-01       6.77615e+00
  260  5.20e-04      9.93128e+00       4.82573e-01       6.78171e+00
  261  5.22e-04      9.96038e+00       5.77048e-01       6.83260e+00
  262  5.24e-04      9.96208e+00       5.36211e-01       6.82013e+00
  263  5.26e-04      9.95708e+00       5.22242e-01       6.81213e+00
  264  5.28e-04      1.00208e+01       4.19220e-01       6.82025e+00
  265  5.30e-04      1.00398e+01       4.63437e-01       6.84766e+00
  266  5.32e-04      1.00315e+01       4.50701e-01       6.83787e+00
  267  5.34e-04      1.00768e+01       4.94468e-01       6.88268e+00
  268  5.36e-04      1.00366e+01       5.49375e-01       6.87416e+00
  269  5.38e-04      9.98440e+00       5.41698e-01       6.83683e+00
  270  5.40e-04      1.00846e+01       5.17835e-01       6.89566e+00
  271  5.42e-04      1.01056e+01       5.30278e-01       6.91382e+00
  272  5.44e-04      1.00781e+01       5.03657e-01       6.88660e+00
  273  5.46e-04      1.00753e+01       4.94050e-01       6.88157e+00
  274  5.48e-04      1.00849e+01       5.33456e-01       6.90108e+00
  275  5.50e-04      1.00649e+01       4.58861e-01       6.86289e+00
  276  5.52e-04      1.00725e+01       5.14670e-01       6.88652e+00
  277  5.54e-04      1.00906e+01       6.41545e-01       6.94093e+00
  278  5.56e-04      1.01573e+01       5.07210e-01       6.94058e+00
  279  5.58e-04      1.01672e+01       4.71345e-01       6.93527e+00
  280  5.60e-04      1.01871e+01       4.94676e-01       6.95630e+00
  281  5.62e-04      1.01433e+01       5.18593e-01       6.93508e+00
  282  5.64e-04      1.01009e+01       5.26880e-01       6.90955e+00
  283  5.66e-04      1.00658e+01       4.72205e-01       6.86794e+00
  284  5.68e-04      1.00338e+01       4.83801e-01       6.85043e+00
  285  5.70e-04      1.00886e+01       6.25416e-01       6.93420e+00
  286  5.72e-04      1.01651e+01       5.85614e-01       6.97195e+00
  287  5.74e-04      1.01527e+01       4.77671e-01       6.92768e+00
  288  5.76e-04      1.02078e+01       5.12111e-01       6.97587e+00
  289  5.78e-04      1.02319e+01       6.40209e-01       7.03467e+00
  290  5.80e-04      1.02095e+01       5.00973e-01       6.97335e+00
  291  5.82e-04      1.02335e+01       5.29078e-01       6.99870e+00
  292  5.84e-04      1.02110e+01       5.80635e-01       7.00088e+00
  293  5.86e-04      1.02959e+01       5.62995e-01       7.05162e+00
  294  5.88e-04      1.02705e+01       5.30741e-01       7.02395e+00
  295  5.90e-04      1.02523e+01       5.17006e-01       7.00718e+00
  296  5.92e-04      1.03081e+01       4.60937e-01       7.02569e+00
  297  5.94e-04      1.03707e+01       5.54463e-01       7.09864e+00
  298  5.96e-04      1.03679e+01       5.08196e-01       7.08133e+00
  299  5.98e-04      1.04450e+01       6.13132e-01       7.16771e+00
  300  6.00e-04      1.04815e+01       6.79107e-01       7.21401e+00
  301  6.02e-04      1.05127e+01       5.62869e-01       7.19607e+00
  302  6.04e-04      1.05957e+01       6.10920e-01       7.26747e+00
  303  6.06e-04      1.05706e+01       5.53471e-01       7.23152e+00
  304  6.08e-04      1.06641e+01       5.91011e-01       7.30638e+00
  305  6.10e-04      1.06412e+01       5.98802e-01       7.29375e+00
  306  6.12e-04      1.07621e+01       4.48687e-01       7.32429e+00
  307  6.14e-04      1.08056e+01       4.98996e-01       7.37003e+00
  308  6.16e-04      1.07479e+01       5.86985e-01       7.36090e+00
  309  6.18e-04      1.09153e+01       6.43043e-01       7.49122e+00
  310  6.20e-04      1.09663e+01       6.28352e-01       7.52029e+00
  311  6.22e-04      1.09653e+01       6.06201e-01       7.51230e+00
  312  6.24e-04      1.10185e+01       5.42765e-01       7.52657e+00
  313  6.26e-04      1.09950e+01       5.96353e-01       7.52880e+00
  314  6.28e-04      1.09640e+01       7.00320e-01       7.54277e+00
  315  6.30e-04      1.09207e+01       5.22634e-01       7.45470e+00
  316  6.32e-04      1.09775e+01       5.44761e-01       7.49992e+00
  317  6.34e-04      1.09505e+01       6.09431e-01       7.50348e+00
  318  6.36e-04      1.09319e+01       6.90510e-01       7.51809e+00
  319  6.38e-04      1.08939e+01       7.00822e-01       7.49624e+00
  320  6.40e-04      1.09352e+01       5.23854e-01       7.46473e+00
  321  6.42e-04      1.10267e+01       6.20211e-01       7.55790e+00
  322  6.44e-04      1.10470e+01       5.89383e-01       7.56110e+00
  323  6.46e-04      1.11236e+01       6.73369e-01       7.64022e+00
  324  6.48e-04      1.11246e+01       6.44061e-01       7.63111e+00
  325  6.50e-04      1.11316e+01       6.51839e-01       7.63834e+00
  326  6.52e-04      1.11783e+01       6.67269e-01       7.67465e+00
  327  6.54e-04      1.12020e+01       5.77767e-01       7.66058e+00
  328  6.56e-04      1.11667e+01       6.25062e-01       7.65283e+00
  329  6.58e-04      1.11959e+01       6.06074e-01       7.66598e+00
  330  6.60e-04      1.12282e+01       6.29188e-01       7.69519e+00
  331  6.62e-04      1.12542e+01       5.79468e-01       7.69597e+00
  332  6.64e-04      1.13449e+01       6.22751e-01       7.77082e+00
  333  6.66e-04      1.13525e+01       6.84035e-01       7.79632e+00
  334  6.68e-04      1.13600e+01       7.21203e-01       7.81372e+00
  335  6.70e-04      1.13700e+01       7.50552e-01       7.83022e+00
  336  6.72e-04      1.14164e+01       5.79961e-01       7.80428e+00
  337  6.74e-04      1.14433e+01       5.91109e-01       7.82589e+00
  338  6.76e-04      1.14507e+01       6.92588e-01       7.86464e+00
  339  6.78e-04      1.15182e+01       6.30502e-01       7.88896e+00
  340  6.80e-04      1.14894e+01       6.34028e-01       7.87095e+00
  341  6.82e-04      1.14771e+01       6.77747e-01       7.87730e+00
  342  6.84e-04      1.14010e+01       7.10492e-01       7.83747e+00
  343  6.86e-04      1.13965e+01       6.41429e-01       7.81149e+00
  344  6.88e-04      1.14280e+01       6.07806e-01       7.82128e+00
  345  6.90e-04      1.14779e+01       6.72303e-01       7.87606e+00
  346  6.92e-04      1.15030e+01       6.90841e-01       7.89898e+00
  347  6.94e-04      1.15337e+01       6.52665e-01       7.90672e+00
  348  6.96e-04      1.16326e+01       8.01037e-01       8.02205e+00
  349  6.98e-04      1.15551e+01       5.75297e-01       7.89514e+00
  350  7.00e-04      1.16221e+01       7.29843e-01       7.99133e+00
  351  7.02e-04      1.16283e+01       6.38235e-01       7.96495e+00
  352  7.04e-04      1.15550e+01       5.10933e-01       7.87361e+00
  353  7.06e-04      1.15891e+01       7.07831e-01       7.96201e+00
  354  7.08e-04      1.15662e+01       6.29431e-01       7.92062e+00
  355  7.10e-04      1.15504e+01       5.94817e-01       7.89852e+00
  356  7.12e-04      1.15976e+01       7.19088e-01       7.97144e+00
  357  7.14e-04      1.16095e+01       7.38070e-01       7.98570e+00
  358  7.16e-04      1.16004e+01       7.14984e-01       7.97195e+00
  359  7.18e-04      1.16286e+01       6.17098e-01       7.95809e+00
  360  7.20e-04      1.17390e+01       6.30854e-01       8.03630e+00
  361  7.22e-04      1.17278e+01       6.03238e-01       8.01964e+00
  362  7.24e-04      1.18002e+01       6.46705e-01       8.08236e+00
  363  7.26e-04      1.18288e+01       5.77237e-01       8.07827e+00
  364  7.28e-04      1.18134e+01       7.02648e-01       8.10985e+00
  365  7.30e-04      1.18289e+01       8.34610e-01       8.16416e+00
  366  7.32e-04      1.18823e+01       6.34735e-01       8.13312e+00
  367  7.34e-04      1.19171e+01       7.82955e-01       8.20569e+00
  368  7.36e-04      1.18373e+01       5.61792e-01       8.07877e+00
  369  7.38e-04      1.18484e+01       6.80901e-01       8.12589e+00
  370  7.40e-04      1.18530e+01       7.18861e-01       8.14160e+00
  371  7.42e-04      1.18505e+01       6.71846e-01       8.12427e+00
  372  7.44e-04      1.18998e+01       6.67752e-01       8.15580e+00
  373  7.46e-04      1.18821e+01       7.20255e-01       8.16147e+00
  374  7.48e-04      1.19314e+01       6.38972e-01       8.16729e+00
  375  7.50e-04      1.19930e+01       6.07298e-01       8.19780e+00
  376  7.52e-04      1.20556e+01       7.60725e-01       8.29066e+00
  377  7.54e-04      1.22066e+01       7.38161e-01       8.38376e+00
  378  7.56e-04      1.22861e+01       7.48651e-01       8.44026e+00
  379  7.58e-04      1.22710e+01       8.15531e-01       8.45248e+00
  380  7.60e-04      1.21789e+01       7.66153e-01       8.37465e+00
  381  7.62e-04      1.21895e+01       7.06638e-01       8.36189e+00
  382  7.64e-04      1.22119e+01       6.35785e-01       8.35321e+00
  383  7.66e-04      1.22108e+01       6.87336e-01       8.36964e+00
  384  7.68e-04      1.23115e+01       7.73352e-01       8.46543e+00
  385  7.70e-04      1.22983e+01       7.72933e-01       8.45653e+00
  386  7.72e-04      1.23383e+01       7.00971e-01       8.45922e+00
  387  7.74e-04      1.23375e+01       7.53068e-01       8.47600e+00
  388  7.76e-04      1.23633e+01       8.28234e-01       8.51826e+00
  389  7.78e-04      1.24062e+01       8.77660e-01       8.56336e+00
  390  7.80e-04      1.24255e+01       6.57669e-01       8.50291e+00
  391  7.82e-04      1.24907e+01       6.61342e-01       8.54761e+00
  392  7.84e-04      1.25468e+01       8.57184e-01       8.65027e+00
  393  7.86e-04      1.25821e+01       5.97332e-01       8.58716e+00
  394  7.88e-04      1.26195e+01       7.54206e-01       8.66437e+00
  395  7.90e-04      1.26543e+01       8.28941e-01       8.71249e+00
  396  7.92e-04      1.27711e+01       7.40298e-01       8.76082e+00
  397  7.94e-04      1.28401e+01       8.55227e-01       8.84517e+00
  398  7.96e-04      1.28781e+01       6.76163e-01       8.81078e+00
  399  7.98e-04      1.28337e+01       7.26846e-01       8.79811e+00
  400  8.00e-04      1.29574e+01       8.69877e-01       8.92825e+00
  401  8.02e-04      1.29954e+01       7.09915e-01       8.90027e+00
  402  8.04e-04      1.29892e+01       6.86871e-01       8.88844e+00
  403  8.06e-04      1.30353e+01       7.58263e-01       8.94298e+00
  404  8.08e-04      1.31760e+01       7.97052e-01       9.04967e+00
  405  8.10e-04      1.32159e+01       7.39572e-01       9.05715e+00
  406  8.12e-04      1.32853e+01       8.45624e-01       9.13876e+00
  407  8.14e-04      1.32714e+01       7.56067e-01       9.09965e+00
  408  8.16e-04      1.31914e+01       8.82280e-01       9.08833e+00
  409  8.18e-04      1.32498e+01       7.23916e-01       9.07452e+00
  410  8.20e-04      1.32850e+01       8.61285e-01       9.14374e+00
  411  8.22e-04      1.32845e+01       6.90121e-01       9.08635e+00
  412  8.24e-04      1.32881e+01       6.39955e-01       9.07204e+00
  413  8.26e-04      1.34139e+01       7.81321e-01       9.20302e+00
  414  8.28e-04      1.34030e+01       8.21783e-01       9.20924e+00
  415  8.30e-04      1.33988e+01       8.28206e-01       9.20860e+00
  416  8.32e-04      1.33188e+01       8.84903e-01       9.17416e+00
  417  8.34e-04      1.33576e+01       8.60550e-01       9.19191e+00
  418  8.36e-04      1.34277e+01       6.73599e-01       9.17635e+00
  419  8.38e-04      1.35461e+01       8.56444e-01       9.31625e+00
  420  8.40e-04      1.36119e+01       7.57173e-01       9.32702e+00
  421  8.42e-04      1.36909e+01       7.94693e-01       9.39214e+00
  422  8.44e-04      1.36910e+01       6.32400e-01       9.33812e+00
  423  8.46e-04      1.35771e+01       7.27934e-01       9.29402e+00
  424  8.48e-04      1.35482e+01       8.83190e-01       9.32654e+00
  425  8.50e-04      1.36248e+01       8.65726e-01       9.37178e+00
  426  8.52e-04      1.36619e+01       8.73418e-01       9.39907e+00
  427  8.54e-04      1.36193e+01       8.07052e-01       9.34858e+00
  428  8.56e-04      1.36243e+01       7.67316e-01       9.33866e+00
  429  8.58e-04      1.36676e+01       8.13136e-01       9.38275e+00
  430  8.60e-04      1.37137e+01       7.28646e-01       9.38534e+00
  431  8.62e-04      1.36960e+01       8.00108e-01       9.39738e+00
  432  8.64e-04      1.37450e+01       7.96783e-01       9.42896e+00
  433  8.66e-04      1.37624e+01       8.14584e-01       9.44648e+00
  434  8.68e-04      1.38035e+01       6.97656e-01       9.43485e+00
  435  8.70e-04      1.38926e+01       8.61570e-01       9.54892e+00
  436  8.72e-04      1.40131e+01       7.23244e-01       9.58312e+00
  437  8.74e-04      1.39958e+01       8.44016e-01       9.61185e+00
  438  8.76e-04      1.39860e+01       7.66346e-01       9.57942e+00
  439  8.78e-04      1.40742e+01       7.76138e-01       9.64150e+00
  440  8.80e-04      1.41105e+01       9.00722e-01       9.70726e+00
  441  8.82e-04      1.41219e+01       7.42480e-01       9.66212e+00
  442  8.84e-04      1.41044e+01       7.32764e-01       9.64718e+00
  443  8.86e-04      1.41357e+01       7.60615e-01       9.67735e+00
  444  8.88e-04      1.41731e+01       8.82758e-01       9.74295e+00
  445  8.90e-04      1.42129e+01       7.37878e-01       9.72122e+00
  446  8.92e-04      1.41654e+01       8.29145e-01       9.72001e+00
  447  8.94e-04      1.42691e+01       7.15863e-01       9.75138e+00
  448  8.96e-04      1.44259e+01       8.21155e-01       9.89100e+00
  449  8.98e-04      1.43924e+01       7.73502e-01       9.85275e+00
  450  9.00e-04      1.43485e+01       8.38006e-01       9.84501e+00
  451  9.02e-04      1.44016e+01       8.58727e-01       9.88731e+00
  452  9.04e-04      1.43890e+01       8.93986e-01       9.89068e+00
  453  9.06e-04      1.44387e+01       9.20069e-01       9.93249e+00
  454  9.08e-04      1.44546e+01       9.43710e-01       9.95097e+00
  455  9.10e-04      1.45235e+01       7.77829e-01       9.94164e+00
  456  9.12e-04      1.45466e+01       7.30900e-01       9.94137e+00
  457  9.14e-04      1.46384e+01       6.93716e-01       9.99017e+00
  458  9.16e-04      1.46860e+01       7.47402e-01       1.00398e+01
  459  9.18e-04      1.47715e+01       7.48804e-01       1.00973e+01
  460  9.20e-04      1.47080e+01       9.10925e-01       1.01089e+01
  461  9.22e-04      1.46671e+01       8.28421e-01       1.00542e+01
  462  9.24e-04      1.47947e+01       9.65766e-01       1.01850e+01
  463  9.26e-04      1.47987e+01       9.77502e-01       1.01917e+01
  464  9.28e-04      1.48033e+01       9.44485e-01       1.01837e+01
  465  9.30e-04      1.48869e+01       6.32024e-01       1.01353e+01
  466  9.32e-04      1.50034e+01       7.60494e-01       1.02557e+01
  467  9.34e-04      1.49959e+01       8.07733e-01       1.02665e+01
  468  9.36e-04      1.50632e+01       7.47970e-01       1.02915e+01
  469  9.38e-04      1.51899e+01       8.67326e-01       1.04157e+01
  470  9.40e-04      1.52152e+01       8.49073e-01       1.04265e+01
  471  9.42e-04      1.52828e+01       8.65422e-01       1.04770e+01
  472  9.44e-04      1.54754e+01       9.79428e-01       1.06434e+01
  473  9.46e-04      1.55404e+01       1.02887e+00       1.07033e+01
  474  9.48e-04      1.55827e+01       7.84638e-01       1.06500e+01
  475  9.50e-04      1.56813e+01       9.77656e-01       1.07801e+01
  476  9.52e-04      1.57585e+01       8.37190e-01       1.07847e+01
  477  9.54e-04      1.58550e+01       8.48329e-01       1.08527e+01
  478  9.56e-04      1.60038e+01       8.29611e-01       1.09457e+01
  479  9.58e-04      1.60162e+01       7.93783e-01       1.09421e+01
  480  9.60e-04      1.60841e+01       8.97663e-01       1.10220e+01
  481  9.62e-04      1.61733e+01       8.96545e-01       1.10810e+01
  482  9.64e-04      1.61210e+01       9.02517e-01       1.10481e+01
  483  9.66e-04      1.61807e+01       9.16962e-01       1.10928e+01
  484  9.68e-04      1.62214e+01       1.00146e+00       1.11481e+01
  485  9.70e-04      1.62316e+01       9.69102e-01       1.11441e+01
  486  9.72e-04      1.63426e+01       9.96602e-01       1.12273e+01
  487  9.74e-04      1.63049e+01       8.72313e-01       1.11607e+01
  488  9.76e-04      1.62769e+01       1.01653e+00       1.11901e+01
  489  9.78e-04      1.63294e+01       8.97054e-01       1.11853e+01
  490  9.80e-04      1.63814e+01       9.44204e-01       1.12357e+01
  491  9.82e-04      1.63481e+01       9.13205e-01       1.12031e+01
  492  9.84e-04      1.64149e+01       9.19863e-01       1.12499e+01
  493  9.86e-04      1.65103e+01       8.94357e-01       1.13050e+01
  494  9.88e-04      1.65627e+01       1.06389e+00       1.13965e+01
  495  9.90e-04      1.65384e+01       9.10746e-01       1.13292e+01
  496  9.92e-04      1.65691e+01       9.17106e-01       1.13518e+01
  497  9.94e-04      1.66056e+01       8.88737e-01       1.13666e+01
  498  9.96e-04      1.66928e+01       1.07025e+00       1.14853e+01
  499  9.98e-04      1.66460e+01       8.83946e-01       1.13920e+01
  500  1.00e-03      1.68215e+01       1.13336e+00       1.15921e+01
  501  1.00e-03      1.68453e+01       8.88177e-01       1.15262e+01
  502  1.00e-03      1.69029e+01       8.86462e-01       1.15641e+01
  503  1.01e-03      1.67613e+01       1.01203e+00       1.15116e+01
  504  1.01e-03      1.69499e+01       8.44592e-01       1.15814e+01
  505  1.01e-03      1.70261e+01       9.14425e-01       1.16555e+01
  506  1.01e-03      1.70440e+01       1.04425e+00       1.17107e+01
  507  1.01e-03      1.69455e+01       1.15223e+00       1.16811e+01
  508  1.02e-03      1.69926e+01       9.75137e-01       1.16535e+01
  509  1.02e-03      1.69367e+01       1.06118e+00       1.16449e+01
  510  1.02e-03      1.70220e+01       9.71268e-01       1.16717e+01
  511  1.02e-03      1.70492e+01       8.94614e-01       1.16643e+01
  512  1.02e-03      1.71158e+01       8.50208e-01       1.16940e+01
  513  1.03e-03      1.71428e+01       9.35704e-01       1.17404e+01
  514  1.03e-03      1.72205e+01       8.92584e-01       1.17778e+01
  515  1.03e-03      1.71780e+01       1.07700e+00       1.18110e+01
  516  1.03e-03      1.72880e+01       1.03169e+00       1.18692e+01
  517  1.03e-03      1.73770e+01       1.01691e+00       1.19237e+01
  518  1.04e-03      1.74123e+01       1.06726e+00       1.19639e+01
  519  1.04e-03      1.74460e+01       8.28793e-01       1.19069e+01
  520  1.04e-03      1.74618e+01       8.43253e-01       1.19223e+01
  521  1.04e-03      1.75410e+01       9.96384e-01       1.20261e+01
  522  1.04e-03      1.76121e+01       9.42904e-01       1.20557e+01
  523  1.05e-03      1.76107e+01       9.43922e-01       1.20551e+01
  524  1.05e-03      1.76765e+01       9.85626e-01       1.21129e+01
  525  1.05e-03      1.76915e+01       1.06800e+00       1.21503e+01
  526  1.05e-03      1.77204e+01       1.01615e+00       1.21523e+01
  527  1.05e-03      1.77180e+01       9.43739e-01       1.21266e+01
  528  1.06e-03      1.78039e+01       9.92250e-01       1.22000e+01
  529  1.06e-03      1.78436e+01       9.01345e-01       1.21962e+01
  530  1.06e-03      1.79595e+01       9.25471e-01       1.22815e+01
  531  1.06e-03      1.79143e+01       9.10614e-01       1.22464e+01
  532  1.06e-03      1.79368e+01       9.39928e-01       1.22711e+01
  533  1.07e-03      1.81356e+01       9.38665e-01       1.24033e+01
  534  1.07e-03      1.83063e+01       1.02514e+00       1.25459e+01
  535  1.07e-03      1.82687e+01       9.67789e-01       1.25017e+01
  536  1.07e-03      1.83389e+01       1.05191e+00       1.25766e+01
  537  1.07e-03      1.83422e+01       1.05734e+00       1.25806e+01
  538  1.08e-03      1.82787e+01       1.05511e+00       1.25375e+01
  539  1.08e-03      1.83547e+01       8.98655e-01       1.25360e+01
  540  1.08e-03      1.84491e+01       9.24267e-01       1.26075e+01
  541  1.08e-03      1.85588e+01       9.12189e-01       1.26766e+01
  542  1.08e-03      1.86394e+01       8.28344e-01       1.27024e+01
  543  1.09e-03      1.86171e+01       1.11010e+00       1.27814e+01
  544  1.09e-03      1.86672e+01       9.18157e-01       1.27509e+01
  545  1.09e-03      1.87146e+01       9.53389e-01       1.27942e+01
  546  1.09e-03      1.88434e+01       1.02547e+00       1.29041e+01
  547  1.09e-03      1.88896e+01       1.12469e+00       1.29680e+01
  548  1.10e-03      1.88651e+01       8.75971e-01       1.28687e+01
  549  1.10e-03      1.89230e+01       1.01850e+00       1.29548e+01
  550  1.10e-03      1.88226e+01       9.79639e-01       1.28749e+01
  551  1.10e-03      1.89296e+01       1.05258e+00       1.29706e+01
  552  1.10e-03      1.89713e+01       1.01469e+00       1.29857e+01
  553  1.11e-03      1.91491e+01       1.10779e+00       1.31353e+01
  554  1.11e-03      1.91078e+01       1.11421e+00       1.31099e+01
  555  1.11e-03      1.93138e+01       9.46383e-01       1.31913e+01
  556  1.11e-03      1.93126e+01       9.75540e-01       1.32002e+01
  557  1.11e-03      1.93535e+01       9.95435e-01       1.32341e+01
  558  1.12e-03      1.93371e+01       1.13345e+00       1.32692e+01
  559  1.12e-03      1.94333e+01       1.00754e+00       1.32914e+01
  560  1.12e-03      1.94092e+01       9.83245e-01       1.32672e+01
  561  1.12e-03      1.95088e+01       1.08098e+00       1.33662e+01
  562  1.12e-03      1.95138e+01       1.15283e+00       1.33935e+01
  563  1.13e-03      1.95506e+01       1.01162e+00       1.33710e+01
  564  1.13e-03      1.96484e+01       1.02677e+00       1.34412e+01
  565  1.13e-03      1.96971e+01       1.00544e+00       1.34665e+01
  566  1.13e-03      1.96379e+01       9.97081e-01       1.34243e+01
  567  1.13e-03      1.97199e+01       9.37420e-01       1.34591e+01
  568  1.14e-03      1.98610e+01       1.28647e+00       1.36695e+01
  569  1.14e-03      1.99567e+01       9.33879e-01       1.36158e+01
  570  1.14e-03      1.99108e+01       1.05751e+00       1.36264e+01
  571  1.14e-03      1.99509e+01       1.16567e+00       1.36892e+01
  572  1.14e-03      2.00561e+01       1.02374e+00       1.37120e+01
  573  1.15e-03      2.00735e+01       1.12190e+00       1.37563e+01
  574  1.15e-03      2.00607e+01       1.18684e+00       1.37694e+01
  575  1.15e-03      2.02040e+01       9.64580e-01       1.37908e+01
  576  1.15e-03      2.01877e+01       1.00477e+00       1.37934e+01
  577  1.15e-03      2.02644e+01       1.15976e+00       1.38962e+01
  578  1.16e-03      2.03407e+01       1.03132e+00       1.39043e+01
  579  1.16e-03      2.04344e+01       1.22240e+00       1.40304e+01
  580  1.16e-03      2.04472e+01       9.95753e-01       1.39634e+01
  581  1.16e-03      2.04302e+01       9.53823e-01       1.39381e+01
  582  1.16e-03      2.05442e+01       8.75413e-01       1.39879e+01
  583  1.17e-03      2.04927e+01       9.89658e-01       1.39917e+01
  584  1.17e-03      2.05742e+01       8.57080e-01       1.40018e+01
  585  1.17e-03      2.05464e+01       9.71614e-01       1.40215e+01
  586  1.17e-03      2.06266e+01       1.05155e+00       1.41016e+01
  587  1.17e-03      2.07272e+01       1.09511e+00       1.41832e+01
  588  1.18e-03      2.07597e+01       1.17662e+00       1.42320e+01
  589  1.18e-03      2.08746e+01       1.23479e+00       1.43280e+01
  590  1.18e-03      2.08656e+01       1.25587e+00       1.43290e+01
  591  1.18e-03      2.09507e+01       1.00862e+00       1.43034e+01
  592  1.18e-03      2.09516e+01       9.80731e-01       1.42947e+01
  593  1.19e-03      2.09216e+01       9.51865e-01       1.42650e+01
  594  1.19e-03      2.09992e+01       9.93798e-01       1.43308e+01
  595  1.19e-03      2.09716e+01       1.10212e+00       1.43484e+01
  596  1.19e-03      2.09773e+01       8.89832e-01       1.42815e+01
  597  1.19e-03      2.09888e+01       1.00652e+00       1.43281e+01
  598  1.20e-03      2.11336e+01       1.18359e+00       1.44836e+01
  599  1.20e-03      2.11339e+01       1.12688e+00       1.44649e+01
  600  1.20e-03      2.12608e+01       1.04751e+00       1.45231e+01
  601  1.20e-03      2.11805e+01       1.10147e+00       1.44875e+01
  602  1.20e-03      2.12448e+01       9.03918e-01       1.44645e+01
  603  1.21e-03      2.12752e+01       1.16346e+00       1.45713e+01
  604  1.21e-03      2.13180e+01       1.27482e+00       1.46369e+01
  605  1.21e-03      2.13473e+01       1.06440e+00       1.45864e+01
  606  1.21e-03      2.14179e+01       1.21925e+00       1.46850e+01
  607  1.21e-03      2.12078e+01       1.11571e+00       1.45104e+01
  608  1.22e-03      2.13059e+01       1.02653e+00       1.45461e+01
  609  1.22e-03      2.13902e+01       1.06514e+00       1.46152e+01
  610  1.22e-03      2.14375e+01       1.05756e+00       1.46442e+01
  611  1.22e-03      2.15396e+01       1.06256e+00       1.47139e+01
  612  1.22e-03      2.15326e+01       1.03531e+00       1.47002e+01
  613  1.23e-03      2.13618e+01       1.07486e+00       1.45995e+01
  614  1.23e-03      2.14996e+01       1.11670e+00       1.47053e+01
  615  1.23e-03      2.16066e+01       1.20056e+00       1.48046e+01
  616  1.23e-03      2.16852e+01       9.87220e-01       1.47858e+01
  617  1.23e-03      2.18337e+01       1.05801e+00       1.49084e+01
  618  1.24e-03      2.19833e+01       1.04720e+00       1.50046e+01
  619  1.24e-03      2.20378e+01       1.09811e+00       1.50579e+01
  620  1.24e-03      2.22145e+01       1.07024e+00       1.51664e+01
  621  1.24e-03      2.23445e+01       1.17803e+00       1.52890e+01
  622  1.24e-03      2.24129e+01       1.23243e+00       1.53527e+01
  623  1.25e-03      2.24115e+01       8.94192e-01       1.52391e+01
  624  1.25e-03      2.24044e+01       1.18964e+00       1.53328e+01
  625  1.25e-03      2.24855e+01       1.12445e+00       1.53651e+01
  626  1.25e-03      2.25592e+01       1.29964e+00       1.54727e+01
  627  1.25e-03      2.25203e+01       9.89731e-01       1.53435e+01
  628  1.26e-03      2.26913e+01       9.83872e-01       1.54555e+01
  629  1.26e-03      2.27143e+01       1.25847e+00       1.55623e+01
  630  1.26e-03      2.27657e+01       1.34562e+00       1.56257e+01
  631  1.26e-03      2.28080e+01       1.21774e+00       1.56113e+01
  632  1.26e-03      2.28407e+01       1.21527e+00       1.56322e+01
  633  1.27e-03      2.30652e+01       1.06371e+00       1.57314e+01
  634  1.27e-03      2.29879e+01       1.18819e+00       1.57213e+01
  635  1.27e-03      2.30794e+01       1.25637e+00       1.58051e+01
  636  1.27e-03      2.30472e+01       1.17937e+00       1.57579e+01
  637  1.27e-03      2.30429e+01       1.08533e+00       1.57237e+01
  638  1.28e-03      2.31300e+01       1.12896e+00       1.57963e+01
  639  1.28e-03      2.32354e+01       1.04386e+00       1.58382e+01
  640  1.28e-03      2.33350e+01       1.45929e+00       1.60431e+01
  641  1.28e-03      2.35739e+01       1.27326e+00       1.61403e+01
  642  1.28e-03      2.36334e+01       1.26849e+00       1.61784e+01
  643  1.29e-03      2.38200e+01       1.22559e+00       1.62885e+01
  644  1.29e-03      2.38148e+01       1.19230e+00       1.62740e+01
  645  1.29e-03      2.40407e+01       1.24099e+00       1.64408e+01
  646  1.29e-03      2.41062e+01       1.20209e+00       1.64715e+01
  647  1.29e-03      2.40410e+01       1.18365e+00       1.64219e+01
  648  1.30e-03      2.39954e+01       1.14722e+00       1.63794e+01
  649  1.30e-03      2.43038e+01       1.15229e+00       1.65866e+01
  650  1.30e-03      2.43104e+01       1.17996e+00       1.66002e+01
  651  1.30e-03      2.45008e+01       1.26711e+00       1.67562e+01
  652  1.30e-03      2.44578e+01       1.17266e+00       1.66961e+01
  653  1.31e-03      2.45781e+01       1.07645e+00       1.67442e+01
  654  1.31e-03      2.46871e+01       1.01232e+00       1.67955e+01
  655  1.31e-03      2.47334e+01       1.29343e+00       1.69201e+01
  656  1.31e-03      2.46587e+01       1.25102e+00       1.68561e+01
  657  1.31e-03      2.49183e+01       1.08924e+00       1.69753e+01
  658  1.32e-03      2.48981e+01       1.21148e+00       1.70026e+01
  659  1.32e-03      2.49539e+01       1.25353e+00       1.70538e+01
  660  1.32e-03      2.49314e+01       1.06443e+00       1.69758e+01
  661  1.32e-03      2.50084e+01       1.27179e+00       1.70962e+01
  662  1.32e-03      2.50739e+01       1.14335e+00       1.70970e+01
  663  1.33e-03      2.50965e+01       1.24142e+00       1.71448e+01
  664  1.33e-03      2.49724e+01       1.01125e+00       1.69853e+01
  665  1.33e-03      2.51054e+01       1.06899e+00       1.70933e+01
  666  1.33e-03      2.50578e+01       1.21031e+00       1.71086e+01
  667  1.33e-03      2.50192e+01       1.18656e+00       1.70750e+01
  668  1.34e-03      2.50586e+01       1.18223e+00       1.70998e+01
  669  1.34e-03      2.50952e+01       1.09414e+00       1.70948e+01
  670  1.34e-03      2.50376e+01       1.23619e+00       1.71038e+01
  671  1.34e-03      2.51699e+01       1.20346e+00       1.71811e+01
  672  1.34e-03      2.51996e+01       1.31847e+00       1.72392e+01
  673  1.35e-03      2.52344e+01       1.27640e+00       1.72484e+01
  674  1.35e-03      2.53959e+01       1.22686e+00       1.73395e+01
  675  1.35e-03      2.54226e+01       1.08830e+00       1.73112e+01
  676  1.35e-03      2.54802e+01       1.36703e+00       1.74424e+01
  677  1.35e-03      2.54958e+01       1.41758e+00       1.74697e+01
  678  1.36e-03      2.56141e+01       1.09030e+00       1.74395e+01
  679  1.36e-03      2.57016e+01       1.20831e+00       1.75371e+01
  680  1.36e-03      2.57583e+01       1.18132e+00       1.75660e+01
  681  1.36e-03      2.56946e+01       1.26051e+00       1.75499e+01
  682  1.36e-03      2.58949e+01       1.33522e+00       1.77083e+01
  683  1.37e-03      2.59448e+01       1.18968e+00       1.76931e+01
  684  1.37e-03      2.60850e+01       1.18540e+00       1.77851e+01
  685  1.37e-03      2.61639e+01       1.42684e+00       1.79182e+01
  686  1.37e-03      2.61816e+01       1.19103e+00       1.78514e+01
  687  1.37e-03      2.61201e+01       1.17809e+00       1.78061e+01
  688  1.38e-03      2.63154e+01       1.24169e+00       1.79575e+01
  689  1.38e-03      2.62516e+01       1.13588e+00       1.78797e+01
  690  1.38e-03      2.64122e+01       1.20698e+00       1.80105e+01
  691  1.38e-03      2.65044e+01       1.31393e+00       1.81075e+01
  692  1.38e-03      2.63934e+01       1.01987e+00       1.79355e+01
  693  1.39e-03      2.65891e+01       1.13243e+00       1.81035e+01
  694  1.39e-03      2.68155e+01       1.41598e+00       1.83490e+01
  695  1.39e-03      2.67163e+01       1.17035e+00       1.82010e+01
  696  1.39e-03      2.68299e+01       1.21642e+00       1.82921e+01
  697  1.39e-03      2.68808e+01       1.28838e+00       1.83500e+01
  698  1.40e-03      2.67566e+01       1.24746e+00       1.82536e+01
  699  1.40e-03      2.68834e+01       1.29857e+00       1.83551e+01
  700  1.40e-03      2.69934e+01       1.23806e+00       1.84083e+01
  701  1.40e-03      2.69510e+01       1.07523e+00       1.83257e+01
  702  1.40e-03      2.71068e+01       1.22105e+00       1.84782e+01
  703  1.41e-03      2.70103e+01       1.22045e+00       1.84137e+01
  704  1.41e-03      2.72474e+01       1.04730e+00       1.85140e+01
  705  1.41e-03      2.73577e+01       1.09791e+00       1.86045e+01
  706  1.41e-03      2.73114e+01       1.32526e+00       1.86493e+01
  707  1.41e-03      2.73616e+01       1.22055e+00       1.86479e+01
  708  1.42e-03      2.74964e+01       1.31479e+00       1.87692e+01
  709  1.42e-03      2.74369e+01       1.35135e+00       1.87417e+01
  710  1.42e-03      2.74878e+01       1.21394e+00       1.87298e+01
  711  1.42e-03      2.75134e+01       1.41091e+00       1.88126e+01
  712  1.42e-03      2.74997e+01       1.16091e+00       1.87201e+01
  713  1.43e-03      2.76010e+01       1.26438e+00       1.88221e+01
  714  1.43e-03      2.77365e+01       1.33574e+00       1.89363e+01
  715  1.43e-03      2.77771e+01       1.31943e+00       1.89579e+01
  716  1.43e-03      2.78438e+01       1.15995e+00       1.89492e+01
  717  1.43e-03      2.78878e+01       1.34032e+00       1.90386e+01
  718  1.44e-03      2.80517e+01       1.31003e+00       1.91378e+01
  719  1.44e-03      2.81939e+01       1.13748e+00       1.91751e+01
  720  1.44e-03      2.81553e+01       1.32857e+00       1.92131e+01
  721  1.44e-03      2.82732e+01       1.18144e+00       1.92426e+01
  722  1.44e-03      2.82021e+01       1.19261e+00       1.91990e+01
  723  1.45e-03      2.83415e+01       1.44317e+00       1.93754e+01
  724  1.45e-03      2.83764e+01       1.37388e+00       1.93756e+01
  725  1.45e-03      2.85786e+01       1.33699e+00       1.94981e+01
  726  1.45e-03      2.86920e+01       1.23730e+00       1.95404e+01
  727  1.45e-03      2.88559e+01       1.27003e+00       1.96606e+01
  728  1.46e-03      2.88315e+01       1.32559e+00       1.96629e+01
  729  1.46e-03      2.88017e+01       1.46823e+00       1.96905e+01
  730  1.46e-03      2.87102e+01       1.22326e+00       1.95479e+01
  731  1.46e-03      2.89074e+01       1.29178e+00       1.97022e+01
  732  1.46e-03      2.89354e+01       1.13489e+00       1.96685e+01
  733  1.47e-03      2.89980e+01       1.17078e+00       1.97222e+01
  734  1.47e-03      2.91239e+01       1.05823e+00       1.97686e+01
  735  1.47e-03      2.91440e+01       1.13596e+00       1.98080e+01
  736  1.47e-03      2.91034e+01       1.22240e+00       1.98098e+01
  737  1.47e-03      2.92525e+01       1.07835e+00       1.98611e+01
  738  1.48e-03      2.93618e+01       1.33185e+00       2.00185e+01
  739  1.48e-03      2.96099e+01       1.36009e+00       2.01933e+01
  740  1.48e-03      2.97357e+01       1.22346e+00       2.02316e+01
  741  1.48e-03      2.97117e+01       1.23615e+00       2.02199e+01
  742  1.48e-03      2.96940e+01       1.21939e+00       2.02025e+01
  743  1.49e-03      2.98983e+01       1.29585e+00       2.03642e+01
  744  1.49e-03      2.98728e+01       1.33991e+00       2.03618e+01
  745  1.49e-03      3.00510e+01       1.12802e+00       2.04100e+01
  746  1.49e-03      3.00315e+01       1.34793e+00       2.04703e+01
  747  1.49e-03      3.02141e+01       1.21429e+00       2.05475e+01
  748  1.50e-03      3.02873e+01       1.14914e+00       2.05746e+01
  749  1.50e-03      3.03735e+01       1.27587e+00       2.06743e+01
  750  1.50e-03      3.04069e+01       1.34233e+00       2.07187e+01
  751  1.50e-03      3.05899e+01       1.14976e+00       2.07765e+01
  752  1.50e-03      3.07488e+01       1.37151e+00       2.09564e+01
  753  1.51e-03      3.08858e+01       1.06215e+00       2.09446e+01
  754  1.51e-03      3.09709e+01       1.40262e+00       2.11148e+01
  755  1.51e-03      3.10211e+01       1.40837e+00       2.11502e+01
  756  1.51e-03      3.10319e+01       1.33382e+00       2.11325e+01
  757  1.51e-03      3.10434e+01       1.34957e+00       2.11455e+01
  758  1.52e-03      3.13483e+01       1.19413e+00       2.12969e+01
  759  1.52e-03      3.15042e+01       1.27197e+00       2.14268e+01
  760  1.52e-03      3.16750e+01       1.09819e+00       2.14827e+01
  761  1.52e-03      3.17412e+01       1.40495e+00       2.16291e+01
  762  1.52e-03      3.17590e+01       1.26355e+00       2.15938e+01
  763  1.53e-03      3.18141e+01       1.17841e+00       2.16022e+01
  764  1.53e-03      3.19467e+01       1.39355e+00       2.17623e+01
  765  1.53e-03      3.20297e+01       1.41222e+00       2.18238e+01
  766  1.53e-03      3.22189e+01       1.32303e+00       2.19203e+01
  767  1.53e-03      3.22437e+01       1.28060e+00       2.19226e+01
  768  1.54e-03      3.23649e+01       1.16630e+00       2.19654e+01
  769  1.54e-03      3.24600e+01       1.34488e+00       2.20883e+01
  770  1.54e-03      3.23937e+01       1.49048e+00       2.20926e+01
  771  1.54e-03      3.23690e+01       1.13324e+00       2.19571e+01
  772  1.54e-03      3.25064e+01       1.38909e+00       2.21339e+01
  773  1.55e-03      3.24549e+01       1.22672e+00       2.20455e+01
  774  1.55e-03      3.25165e+01       1.06054e+00       2.20312e+01
  775  1.55e-03      3.25339e+01       1.45502e+00       2.21742e+01
  776  1.55e-03      3.27991e+01       1.14730e+00       2.22485e+01
  777  1.55e-03      3.26851e+01       1.36403e+00       2.22448e+01
  778  1.56e-03      3.29228e+01       1.26480e+00       2.23701e+01
  779  1.56e-03      3.29240e+01       1.28002e+00       2.23760e+01
  780  1.56e-03      3.30571e+01       1.30527e+00       2.24732e+01
  781  1.56e-03      3.33247e+01       1.36656e+00       2.26720e+01
  782  1.56e-03      3.33027e+01       1.22371e+00       2.26097e+01
  783  1.57e-03      3.32197e+01       1.45110e+00       2.26301e+01
  784  1.57e-03      3.34747e+01       1.62688e+00       2.28588e+01
  785  1.57e-03      3.33103e+01       1.41327e+00       2.26779e+01
  786  1.57e-03      3.35196e+01       1.35190e+00       2.27971e+01
  787  1.57e-03      3.35164e+01       1.22575e+00       2.27528e+01
  788  1.58e-03      3.34091e+01       1.08454e+00       2.26342e+01
  789  1.58e-03      3.35407e+01       1.16461e+00       2.27487e+01
  790  1.58e-03      3.36670e+01       1.46194e+00       2.29320e+01
  791  1.58e-03      3.35621e+01       1.37292e+00       2.28324e+01
  792  1.58e-03      3.37761e+01       1.06924e+00       2.28738e+01
  793  1.59e-03      3.39713e+01       1.21501e+00       2.30526e+01
  794  1.59e-03      3.40586e+01       1.29014e+00       2.31358e+01
  795  1.59e-03      3.44179e+01       1.43649e+00       2.34241e+01
  796  1.59e-03      3.44102e+01       1.44578e+00       2.34221e+01
  797  1.59e-03      3.42922e+01       1.25053e+00       2.32783e+01
  798  1.60e-03      3.45861e+01       1.42831e+00       2.35335e+01
  799  1.60e-03      3.44788e+01       1.46133e+00       2.34730e+01
  800  1.60e-03      3.46320e+01       1.41227e+00       2.35588e+01
  801  1.60e-03      3.49123e+01       1.43799e+00       2.37542e+01
  802  1.60e-03      3.49022e+01       1.22369e+00       2.36760e+01
  803  1.61e-03      3.48586e+01       1.40001e+00       2.37057e+01
  804  1.61e-03      3.49580e+01       1.39792e+00       2.37713e+01
  805  1.61e-03      3.48067e+01       1.22447e+00       2.36126e+01
  806  1.61e-03      3.50083e+01       1.14266e+00       2.37198e+01
  807  1.61e-03      3.52729e+01       1.45014e+00       2.39987e+01
  808  1.62e-03      3.53496e+01       1.05238e+00       2.39172e+01
  809  1.62e-03      3.54857e+01       1.31659e+00       2.40960e+01
  810  1.62e-03      3.55845e+01       1.30316e+00       2.41574e+01
  811  1.62e-03      3.56504e+01       1.55760e+00       2.42861e+01
  812  1.62e-03      3.56470e+01       1.37208e+00       2.42221e+01
  813  1.63e-03      3.56907e+01       1.34520e+00       2.42422e+01
  814  1.63e-03      3.58816e+01       1.38680e+00       2.43834e+01
  815  1.63e-03      3.61008e+01       1.39385e+00       2.45318e+01
  816  1.63e-03      3.60311e+01       1.35623e+00       2.44728e+01
  817  1.63e-03      3.60405e+01       1.59424e+00       2.45584e+01
  818  1.64e-03      3.61786e+01       1.21363e+00       2.45236e+01
  819  1.64e-03      3.63181e+01       1.47602e+00       2.47041e+01
  820  1.64e-03      3.64057e+01       1.41554e+00       2.47423e+01
  821  1.64e-03      3.66341e+01       1.17888e+00       2.48157e+01
  822  1.64e-03      3.65268e+01       1.57355e+00       2.48757e+01
  823  1.65e-03      3.66087e+01       1.34224e+00       2.48532e+01
  824  1.65e-03      3.66826e+01       1.44256e+00       2.49359e+01
  825  1.65e-03      3.68036e+01       1.50228e+00       2.50365e+01
  826  1.65e-03      3.68177e+01       1.34196e+00       2.49925e+01
  827  1.65e-03      3.68913e+01       1.22166e+00       2.50014e+01
  828  1.66e-03      3.68295e+01       1.54581e+00       2.50683e+01
  829  1.66e-03      3.71201e+01       1.22334e+00       2.51545e+01
  830  1.66e-03      3.71306e+01       1.52771e+00       2.52630e+01
  831  1.66e-03      3.73548e+01       1.35304e+00       2.53542e+01
  832  1.66e-03      3.73999e+01       1.28136e+00       2.53604e+01
  833  1.67e-03      3.75223e+01       1.37598e+00       2.54735e+01
  834  1.67e-03      3.75034e+01       1.27279e+00       2.54265e+01
  835  1.67e-03      3.76185e+01       1.34594e+00       2.55276e+01
  836  1.67e-03      3.77026e+01       1.34936e+00       2.55848e+01
  837  1.67e-03      3.79950e+01       1.46451e+00       2.58181e+01
  838  1.68e-03      3.78300e+01       1.34186e+00       2.56673e+01
  839  1.68e-03      3.78836e+01       1.38115e+00       2.57161e+01
  840  1.68e-03      3.79804e+01       1.35340e+00       2.57714e+01
  841  1.68e-03      3.80628e+01       1.57081e+00       2.58988e+01
  842  1.68e-03      3.82398e+01       1.41248e+00       2.59640e+01
  843  1.69e-03      3.84447e+01       1.58451e+00       2.61580e+01
  844  1.69e-03      3.83985e+01       1.35494e+00       2.60507e+01
  845  1.69e-03      3.85954e+01       1.44910e+00       2.62133e+01
  846  1.69e-03      3.86744e+01       1.30048e+00       2.62165e+01
  847  1.69e-03      3.86738e+01       1.45015e+00       2.62659e+01
  848  1.70e-03      3.88955e+01       1.32099e+00       2.63706e+01
  849  1.70e-03      3.88812e+01       1.22783e+00       2.63300e+01
  850  1.70e-03      3.88912e+01       1.63484e+00       2.64724e+01
  851  1.70e-03      3.89620e+01       1.21482e+00       2.63796e+01
  852  1.70e-03      3.90621e+01       1.45643e+00       2.65269e+01
  853  1.71e-03      3.91718e+01       1.53647e+00       2.66267e+01
  854  1.71e-03      3.92801e+01       1.41141e+00       2.66572e+01
  855  1.71e-03      3.94076e+01       1.52477e+00       2.67800e+01
  856  1.71e-03      3.94336e+01       1.67717e+00       2.68481e+01
  857  1.71e-03      3.95385e+01       1.44381e+00       2.68403e+01
  858  1.72e-03      3.97023e+01       1.45928e+00       2.69546e+01
  859  1.72e-03      3.97870e+01       1.58234e+00       2.70521e+01
  860  1.72e-03      3.99945e+01       1.42928e+00       2.71394e+01
  861  1.72e-03      4.01268e+01       1.52692e+00       2.72602e+01
  862  1.72e-03      4.03086e+01       1.18717e+00       2.72681e+01
  863  1.73e-03      4.04902e+01       1.30958e+00       2.74300e+01
  864  1.73e-03      4.05010e+01       1.39958e+00       2.74672e+01
  865  1.73e-03      4.03507e+01       1.30046e+00       2.73340e+01
  866  1.73e-03      4.06078e+01       1.34763e+00       2.75211e+01
  867  1.73e-03      4.04426e+01       1.35813e+00       2.74144e+01
  868  1.74e-03      4.05730e+01       1.38730e+00       2.75111e+01
  869  1.74e-03      4.06903e+01       1.39843e+00       2.75930e+01
  870  1.74e-03      4.07135e+01       1.26719e+00       2.75647e+01
  871  1.74e-03      4.08424e+01       1.46441e+00       2.77164e+01
  872  1.74e-03      4.11575e+01       1.35270e+00       2.78892e+01
  873  1.75e-03      4.09458e+01       1.71166e+00       2.78677e+01
  874  1.75e-03      4.11735e+01       1.31925e+00       2.78888e+01
  875  1.75e-03      4.11673e+01       1.67233e+00       2.80023e+01
  876  1.75e-03      4.11892e+01       1.55034e+00       2.79762e+01
  877  1.75e-03      4.14036e+01       1.42343e+00       2.80769e+01
  878  1.76e-03      4.14802e+01       1.69655e+00       2.82190e+01
  879  1.76e-03      4.13368e+01       1.39659e+00       2.80234e+01
  880  1.76e-03      4.16855e+01       1.27145e+00       2.82141e+01
  881  1.76e-03      4.16280e+01       1.54131e+00       2.82658e+01
  882  1.76e-03      4.17755e+01       1.35430e+00       2.83017e+01
  883  1.77e-03      4.19414e+01       1.66962e+00       2.85175e+01
  884  1.77e-03      4.19697e+01       1.49419e+00       2.84779e+01
  885  1.77e-03      4.20403e+01       1.69112e+00       2.85906e+01
  886  1.77e-03      4.22228e+01       1.63633e+00       2.86940e+01
  887  1.77e-03      4.22190e+01       1.63176e+00       2.86899e+01
  888  1.78e-03      4.23969e+01       1.53776e+00       2.87772e+01
  889  1.78e-03      4.27508e+01       1.50147e+00       2.90010e+01
  890  1.78e-03      4.29887e+01       1.31853e+00       2.90986e+01
  891  1.78e-03      4.29791e+01       1.45103e+00       2.91364e+01
  892  1.78e-03      4.31765e+01       1.62506e+00       2.93260e+01
  893  1.79e-03      4.29901e+01       1.21921e+00       2.90665e+01
  894  1.79e-03      4.32555e+01       1.40158e+00       2.93042e+01
  895  1.79e-03      4.33039e+01       1.47011e+00       2.93593e+01
  896  1.79e-03      4.35252e+01       1.47733e+00       2.95092e+01
  897  1.79e-03      4.37160e+01       1.65700e+00       2.96964e+01
  898  1.80e-03      4.39292e+01       1.46583e+00       2.97748e+01
  899  1.80e-03      4.40728e+01       1.53610e+00       2.98939e+01
  900  1.80e-03      4.41149e+01       1.45099e+00       2.98936e+01
  901  1.80e-03      4.41060e+01       1.63846e+00       2.99502e+01
  902  1.80e-03      4.41614e+01       1.50446e+00       2.99424e+01
  903  1.81e-03      4.43395e+01       1.97208e+00       3.02171e+01
  904  1.81e-03      4.44256e+01       1.71627e+00       3.01891e+01
  905  1.81e-03      4.45082e+01       1.54843e+00       3.01882e+01
  906  1.81e-03      4.45022e+01       1.64756e+00       3.02173e+01
  907  1.81e-03      4.44533e+01       1.41849e+00       3.01084e+01
  908  1.82e-03      4.47048e+01       1.36281e+00       3.02575e+01
  909  1.82e-03      4.46665e+01       1.90249e+00       3.04119e+01
  910  1.82e-03      4.48226e+01       1.36585e+00       3.03370e+01
  911  1.82e-03      4.51784e+01       1.46313e+00       3.06066e+01
  912  1.82e-03      4.52621e+01       1.74943e+00       3.07579e+01
  913  1.83e-03      4.54815e+01       1.63567e+00       3.08662e+01
  914  1.83e-03      4.54296e+01       1.61796e+00       3.08257e+01
  915  1.83e-03      4.55504e+01       1.55148e+00       3.08841e+01
  916  1.83e-03      4.57689e+01       1.67907e+00       3.10723e+01
  917  1.83e-03      4.59087e+01       1.37575e+00       3.10644e+01
  918  1.84e-03      4.61491e+01       1.66862e+00       3.13223e+01
  919  1.84e-03      4.64547e+01       1.55380e+00       3.14877e+01
  920  1.84e-03      4.63680e+01       1.44471e+00       3.13935e+01
  921  1.84e-03      4.64556e+01       1.53886e+00       3.14834e+01
  922  1.84e-03      4.64705e+01       1.64008e+00       3.15270e+01
  923  1.85e-03      4.66477e+01       1.68515e+00       3.16602e+01
  924  1.85e-03      4.68834e+01       1.42231e+00       3.17297e+01
  925  1.85e-03      4.69386e+01       1.50084e+00       3.17927e+01
  926  1.85e-03      4.69399e+01       1.40615e+00       3.17620e+01
  927  1.85e-03      4.70746e+01       1.67493e+00       3.19413e+01
  928  1.86e-03      4.71993e+01       1.62840e+00       3.20090e+01
  929  1.86e-03      4.75058e+01       1.64771e+00       3.22198e+01
  930  1.86e-03      4.75469e+01       1.59066e+00       3.22282e+01
  931  1.86e-03      4.76924e+01       1.71833e+00       3.23677e+01
  932  1.86e-03      4.77299e+01       1.39338e+00       3.22844e+01
  933  1.87e-03      4.79863e+01       1.70944e+00       3.25607e+01
  934  1.87e-03      4.83008e+01       1.53255e+00       3.27114e+01
  935  1.87e-03      4.84721e+01       1.70563e+00       3.28833e+01
  936  1.87e-03      4.84981e+01       1.33828e+00       3.27782e+01
  937  1.87e-03      4.88926e+01       1.75820e+00       3.31811e+01
  938  1.88e-03      4.90354e+01       1.55554e+00       3.32087e+01
  939  1.88e-03      4.93627e+01       1.16189e+00       3.32958e+01
  940  1.88e-03      4.95349e+01       1.81027e+00       3.36267e+01
  941  1.88e-03      4.94379e+01       1.29208e+00       3.33893e+01
  942  1.88e-03      4.98390e+01       1.73160e+00       3.38032e+01
  943  1.89e-03      5.00765e+01       1.72406e+00       3.39590e+01
  944  1.89e-03      4.99511e+01       1.61577e+00       3.38393e+01
  945  1.89e-03      5.03143e+01       1.68324e+00       3.41039e+01
  946  1.89e-03      5.02531e+01       1.48187e+00       3.39960e+01
  947  1.89e-03      5.03277e+01       1.70825e+00       3.41212e+01
  948  1.90e-03      5.04476e+01       1.55800e+00       3.41511e+01
  949  1.90e-03      5.04275e+01       1.82658e+00       3.42272e+01
  950  1.90e-03      5.04351e+01       1.73305e+00       3.42011e+01
  951  1.90e-03      5.07188e+01       1.45645e+00       3.42980e+01
  952  1.90e-03      5.07293e+01       1.53638e+00       3.43317e+01
  953  1.91e-03      5.10022e+01       1.78035e+00       3.45949e+01
  954  1.91e-03      5.11084e+01       1.52235e+00       3.45797e+01
  955  1.91e-03      5.10949e+01       1.73657e+00       3.46421e+01
  956  1.91e-03      5.11589e+01       1.67843e+00       3.46654e+01
  957  1.91e-03      5.13380e+01       1.52116e+00       3.47324e+01
  958  1.92e-03      5.12672e+01       1.49199e+00       3.46755e+01
  959  1.92e-03      5.15129e+01       1.74330e+00       3.49231e+01
  960  1.92e-03      5.15587e+01       1.31945e+00       3.48123e+01
  961  1.92e-03      5.15927e+01       1.68312e+00       3.49562e+01
  962  1.92e-03      5.20766e+01       1.76062e+00       3.53046e+01
  963  1.93e-03      5.18849e+01       1.72128e+00       3.51637e+01
  964  1.93e-03      5.20044e+01       1.77925e+00       3.52627e+01
  965  1.93e-03      5.22293e+01       1.48758e+00       3.53154e+01
  966  1.93e-03      5.23097e+01       1.72568e+00       3.54484e+01
  967  1.93e-03      5.24347e+01       1.54190e+00       3.54704e+01
  968  1.94e-03      5.27442e+01       2.04472e+00       3.58444e+01
  969  1.94e-03      5.25983e+01       1.45734e+00       3.55513e+01
  970  1.94e-03      5.27333e+01       1.64461e+00       3.57037e+01
  971  1.94e-03      5.25614e+01       1.76168e+00       3.56281e+01
  972  1.94e-03      5.26243e+01       1.47778e+00       3.55755e+01
  973  1.95e-03      5.28958e+01       1.80527e+00       3.58656e+01
  974  1.95e-03      5.30401e+01       1.71705e+00       3.59324e+01
  975  1.95e-03      5.28521e+01       1.68554e+00       3.57966e+01
  976  1.95e-03      5.32851e+01       1.86137e+00       3.61438e+01
  977  1.95e-03      5.31881e+01       1.65518e+00       3.60104e+01
  978  1.96e-03      5.32753e+01       1.40643e+00       3.59857e+01
  979  1.96e-03      5.34250e+01       1.71176e+00       3.61872e+01
  980  1.96e-03      5.35694e+01       1.51213e+00       3.62170e+01
  981  1.96e-03      5.37992e+01       1.78375e+00       3.64607e+01
  982  1.96e-03      5.41345e+01       1.81910e+00       3.66961e+01
  983  1.97e-03      5.38139e+01       1.98019e+00       3.65360e+01
  984  1.97e-03      5.41040e+01       1.92698e+00       3.67116e+01
  985  1.97e-03      5.39509e+01       1.51223e+00       3.64713e+01
  986  1.97e-03      5.41137e+01       1.55996e+00       3.65958e+01
  987  1.97e-03      5.43350e+01       1.76413e+00       3.68114e+01
  988  1.98e-03      5.42794e+01       1.67302e+00       3.67439e+01
  989  1.98e-03      5.43125e+01       1.75684e+00       3.67940e+01
  990  1.98e-03      5.45319e+01       1.95061e+00       3.70048e+01
  991  1.98e-03      5.42521e+01       1.55020e+00       3.66848e+01
  992  1.98e-03      5.45120e+01       1.76379e+00       3.69292e+01
  993  1.99e-03      5.46681e+01       1.75461e+00       3.70302e+01
  994  1.99e-03      5.46695e+01       1.46461e+00       3.69345e+01
  995  1.99e-03      5.49160e+01       1.84548e+00       3.72258e+01
  996  1.99e-03      5.50078e+01       1.75020e+00       3.72553e+01
  997  1.99e-03      5.48893e+01       1.50617e+00       3.70949e+01
  998  2.00e-03      5.51363e+01       1.89421e+00       3.73889e+01
  999  2.00e-03      5.50757e+01       1.79190e+00       3.73144e+01
