Delta = -5.789e+00 gamma
 step      t        T_in_plane/mK   T_out_of_plane/mK   T_tot/mK
    0  0.00e+00      5.53660e+00       0.00000e+00       3.69107e+00
    1  2.00e-06      5.41301e+00       9.19272e-04       3.60898e+00
    2  4.00e-06      5.41383e+00       1.77037e-03       3.60981e+00
    3  6.00e-06      5.47420e+00       2.95936e-03       3.65045e+00
    4  8.00e-06      5.48301e+00       4.03564e-03       3.65669e+00
    5  1.00e-05      5.48361e+00       3.64401e-03       3.65695e+00
    6  1.20e-05      5.52097e+00       5.43803e-03       3.68246e+00
    7  1.40e-05      5.51220e+00       7.92376e-03       3.67744e+00
    8  1.60e-05      5.53857e+00       1.08281e-02       3.69599e+00
    9  1.80e-05      5.57199e+00       1.00444e-02       3.71800e+00
   10  2.00e-05      5.52985e+00       1.15316e-02       3.69041e+00
   11  2.20e-05      5.53785e+00       1.31747e-02       3.69629e+00
   12  2.40e-05      5.52876e+00       9.94832e-03       3.68916e+00
   13  2.60e-05      5.52545e+00       1.39931e-02       3.68830e+00
   14  2.80e-05      5.48865e+00       1.49459e-02       3.66408e+00
   15  3.00e-05      5.48377e+00       1.77482e-02       3.66176e+00
   16  3.20e-05      5.50953e+00       1.94767e-02       3.67951e+00
   17  3.40e-05      5.50504e+00       1.88055e-02       3.67630e+00
   18  3.60e-05      5.47188e+00       2.43928e-02       3.65605e+00
   19  3.80e-05      5.44635e+00       2.68562e-02       3.63985e+00
   20  4.00e-05      5.47909e+00       2.41936e-02       3.66079e+00
   21  4.20e-05      5.49276e+00       2.25006e-02       3.66934e+00
   22  4.40e-05      5.54635e+00       2.56127e-02       3.70610e+00
   23  4.60e-05      5.50501e+00       2.27620e-02       3.67760e+00
   24  4.80e-05      5.51167e+00       2.64146e-02       3.68325e+00
   25  5.00e-05      5.48529e+00       2.84737e-02       3.66635e+00
   26  5.20e-05      5.47741e+00       3.02102e-02       3.66168e+00
   27  5.40e-05      5.47779e+00       2.78609e-02       3.66115e+00
   28  5.60e-05      5.48845e+00       2.94549e-02       3.66878e+00
   29  5.80e-05      5.49180e+00       3.95027e-02       3.67436e+00
   30  6.00e-05      5.53192e+00       3.85822e-02       3.70081e+00
   31  6.20e-05      5.52486e+00       3.37687e-02       3.69449e+00
   32  6.40e-05      5.52302e+00       3.58562e-02       3.69397e+00
   33  6.60e-05      5.56441e+00       4.42564e-02       3.72436e+00
   34  6.80e-05      5.52524e+00       4.35865e-02       3.69802e+00
   35  7.00e-05      5.50514e+00       4.71562e-02       3.68581e+00
   36  7.20e-05      5.46058e+00       4.07411e-02       3.65397e+00
   37  7.40e-05      5.48804e+00       4.24569e-02       3.67284e+00
   38  7.60e-05      5.46155e+00       4.90199e-02       3.65738e+00
   39  7.80e-05      5.45307e+00       4.48598e-02       3.65033e+00
   40  8.00e-05      5.47794e+00       5.03595e-02       3.66875e+00
   41  8.20e-05      5.49310e+00       5.41168e-02       3.68011e+00
   42  8.40e-05      5.50420e+00       5.51381e-02       3.68785e+00
   43  8.60e-05      5.48118e+00       5.18527e-02       3.67140e+00
   44  8.80e-05      5.48669e+00       5.21151e-02       3.67517e+00
   45  9.00e-05      5.51867e+00       5.39878e-02       3.69711e+00
   46  9.20e-05      5.47879e+00       5.38985e-02       3.67049e+00
   47  9.40e-05      5.46102e+00       5.21146e-02       3.65805e+00
   48  9.60e-05      5.41924e+00       5.84522e-02       3.63231e+00
   49  9.80e-05      5.43304e+00       5.17527e-02       3.63928e+00
   50  1.00e-04      5.40665e+00       4.87951e-02       3.62070e+00
   51  1.02e-04      5.39421e+00       6.81464e-02       3.61886e+00
   52  1.04e-04      5.42057e+00       7.15975e-02       3.63758e+00
   53  1.06e-04      5.42022e+00       5.43636e-02       3.63160e+00
   54  1.08e-04      5.40498e+00       5.77200e-02       3.62256e+00
   55  1.10e-04      5.37454e+00       5.97561e-02       3.60295e+00
   56  1.12e-04      5.38817e+00       6.29583e-02       3.61310e+00
   57  1.14e-04      5.35187e+00       6.38797e-02       3.58921e+00
   58  1.16e-04      5.35417e+00       6.69334e-02       3.59176e+00
   59  1.18e-04      5.38757e+00       7.28624e-02       3.61600e+00
   60  1.20e-04      5.39104e+00       7.95493e-02       3.62054e+00
   61  1.22e-04      5.40496e+00       8.18525e-02       3.63059e+00
   62  1.24e-04      5.36242e+00       8.52013e-02       3.60335e+00
   63  1.26e-04      5.33267e+00       8.31625e-02       3.58283e+00
   64  1.28e-04      5.33323e+00       7.81692e-02       3.58154e+00
   65  1.30e-04      5.38630e+00       7.68881e-02       3.61650e+00
   66  1.32e-04      5.40196e+00       8.50510e-02       3.62966e+00
   67  1.34e-04      5.39428e+00       6.80384e-02       3.61887e+00
   68  1.36e-04      5.42262e+00       7.76871e-02       3.64098e+00
   69  1.38e-04      5.39355e+00       8.19297e-02       3.62301e+00
   70  1.40e-04      5.39714e+00       8.31198e-02       3.62580e+00
   71  1.42e-04      5.37018e+00       9.33534e-02       3.61124e+00
   72  1.44e-04      5.39534e+00       7.91556e-02       3.62328e+00
   73  1.46e-04      5.38281e+00       8.60745e-02       3.61723e+00
   74  1.48e-04      5.40212e+00       9.16691e-02       3.63197e+00
   75  1.50e-04      5.38370e+00       8.84692e-02       3.61862e+00
   76  1.52e-04      5.34994e+00       8.08508e-02       3.59357e+00
   77  1.54e-04      5.35684e+00       8.79203e-02       3.60053e+00
   78  1.56e-04      5.36633e+00       8.89727e-02       3.60721e+00
   79  1.58e-04      5.30734e+00       7.87769e-02       3.56449e+00
   80  1.60e-04      5.32927e+00       1.02860e-01       3.58713e+00
   81  1.62e-04      5.30399e+00       9.04495e-02       3.56615e+00
   82  1.64e-04      5.31123e+00       9.25488e-02       3.57167e+00
   83  1.66e-04      5.32153e+00       9.93432e-02       3.58080e+00
   84  1.68e-04      5.33867e+00       9.44600e-02       3.59060e+00
   85  1.70e-04      5.36277e+00       1.15342e-01       3.61363e+00
   86  1.72e-04      5.36164e+00       8.71031e-02       3.60346e+00
   87  1.74e-04      5.36551e+00       9.35124e-02       3.60818e+00
   88  1.76e-04      5.39932e+00       1.09406e-01       3.63601e+00
   89  1.78e-04      5.44509e+00       1.24536e-01       3.67157e+00
   90  1.80e-04      5.44424e+00       9.24637e-02       3.66032e+00
   91  1.82e-04      5.46625e+00       1.12288e-01       3.68160e+00
   92  1.84e-04      5.46719e+00       1.16855e-01       3.68374e+00
   93  1.86e-04      5.44886e+00       1.14261e-01       3.67066e+00
   94  1.88e-04      5.42213e+00       1.25460e-01       3.65657e+00
   95  1.90e-04      5.41964e+00       1.07464e-01       3.64892e+00
   96  1.92e-04      5.41178e+00       1.11900e-01       3.64515e+00
   97  1.94e-04      5.38786e+00       1.09100e-01       3.62827e+00
   98  1.96e-04      5.37415e+00       9.33655e-02       3.61389e+00
   99  1.98e-04      5.36488e+00       1.07864e-01       3.61254e+00
  100  2.00e-04      5.36479e+00       1.18896e-01       3.61616e+00
  101  2.02e-04      5.36627e+00       1.11168e-01       3.61457e+00
  102  2.04e-04      5.34750e+00       1.05511e-01       3.60017e+00
  103  2.06e-04      5.34323e+00       9.90156e-02       3.59516e+00
  104  2.08e-04      5.33007e+00       1.02213e-01       3.58745e+00
  105  2.10e-04      5.32302e+00       1.01462e-01       3.58250e+00
  106  2.12e-04      5.32945e+00       8.79932e-02       3.58230e+00
  107  2.14e-04      5.33086e+00       9.54705e-02       3.58573e+00
  108  2.16e-04      5.33140e+00       1.16323e-01       3.59304e+00
  109  2.18e-04      5.32329e+00       1.12025e-01       3.58620e+00
  110  2.20e-04      5.30747e+00       1.22935e-01       3.57929e+00
  111  2.22e-04      5.29059e+00       1.25519e-01       3.56890e+00
  112  2.24e-04      5.29336e+00       1.21644e-01       3.56945e+00
  113  2.26e-04      5.30151e+00       1.25222e-01       3.57608e+00
  114  2.28e-04      5.31144e+00       1.18577e-01       3.58048e+00
  115  2.30e-04      5.36764e+00       1.20045e-01       3.61844e+00
  116  2.32e-04      5.37989e+00       1.04616e-01       3.62147e+00
  117  2.34e-04      5.36687e+00       1.20157e-01       3.61797e+00
  118  2.36e-04      5.36049e+00       1.40274e-01       3.62042e+00
  119  2.38e-04      5.35353e+00       1.18164e-01       3.60841e+00
  120  2.40e-04      5.34743e+00       1.26900e-01       3.60725e+00
  121  2.42e-04      5.38507e+00       1.37660e-01       3.63594e+00
  122  2.44e-04      5.37712e+00       1.23725e-01       3.62599e+00
  123  2.46e-04      5.37763e+00       1.36126e-01       3.63046e+00
  124  2.48e-04      5.37623e+00       1.35437e-01       3.62930e+00
  125  2.50e-04      5.36119e+00       1.10887e-01       3.61109e+00
  126  2.52e-04      5.37819e+00       1.31936e-01       3.62944e+00
  127  2.54e-04      5.37168e+00       1.30330e-01       3.62457e+00
  128  2.56e-04      5.39383e+00       9.81155e-02       3.62859e+00
  129  2.58e-04      5.41071e+00       1.32244e-01       3.65122e+00
  130  2.60e-04      5.42158e+00       1.28714e-01       3.65729e+00
  131  2.62e-04      5.40219e+00       1.14287e-01       3.63955e+00
  132  2.64e-04      5.36499e+00       1.54587e-01       3.62819e+00
  133  2.66e-04      5.37007e+00       1.51341e-01       3.63050e+00
  134  2.68e-04      5.37024e+00       1.28202e-01       3.62289e+00
  135  2.70e-04      5.35709e+00       1.65405e-01       3.62653e+00
  136  2.72e-04      5.36778e+00       1.56334e-01       3.63063e+00
  137  2.74e-04      5.40017e+00       1.32741e-01       3.64436e+00
  138  2.76e-04      5.41312e+00       1.45457e-01       3.65723e+00
  139  2.78e-04      5.41546e+00       1.42688e-01       3.65787e+00
  140  2.80e-04      5.40249e+00       1.27486e-01       3.64416e+00
  141  2.82e-04      5.40705e+00       1.41059e-01       3.65172e+00
  142  2.84e-04      5.42307e+00       1.52229e-01       3.66612e+00
  143  2.86e-04      5.41815e+00       1.40356e-01       3.65888e+00
  144  2.88e-04      5.41679e+00       1.66361e-01       3.66665e+00
  145  2.90e-04      5.35437e+00       1.71868e-01       3.62687e+00
  146  2.92e-04      5.37008e+00       1.54146e-01       3.63143e+00
  147  2.94e-04      5.34620e+00       1.48727e-01       3.61371e+00
  148  2.96e-04      5.29391e+00       1.52026e-01       3.57995e+00
  149  2.98e-04      5.27961e+00       1.43317e-01       3.56751e+00
  150  3.00e-04      5.26209e+00       1.52512e-01       3.55890e+00
  151  3.02e-04      5.23936e+00       1.61567e-01       3.54676e+00
  152  3.04e-04      5.26958e+00       1.52071e-01       3.56375e+00
  153  3.06e-04      5.24016e+00       1.72719e-01       3.55101e+00
  154  3.08e-04      5.25473e+00       1.73880e-01       3.56112e+00
  155  3.10e-04      5.22161e+00       1.51718e-01       3.53164e+00
  156  3.12e-04      5.20054e+00       1.85114e-01       3.52873e+00
  157  3.14e-04      5.26276e+00       1.74690e-01       3.56674e+00
  158  3.16e-04      5.26302e+00       1.62509e-01       3.56285e+00
  159  3.18e-04      5.24774e+00       2.04440e-01       3.56664e+00
  160  3.20e-04      5.23276e+00       1.66052e-01       3.54386e+00
  161  3.22e-04      5.22118e+00       1.54263e-01       3.53221e+00
  162  3.24e-04      5.18286e+00       1.77350e-01       3.51436e+00
  163  3.26e-04      5.20111e+00       1.47797e-01       3.51667e+00
  164  3.28e-04      5.16876e+00       1.46514e-01       3.49468e+00
  165  3.30e-04      5.15164e+00       1.82705e-01       3.49533e+00
  166  3.32e-04      5.16548e+00       2.17454e-01       3.51614e+00
  167  3.34e-04      5.16720e+00       1.94216e-01       3.50954e+00
  168  3.36e-04      5.14904e+00       1.87004e-01       3.49502e+00
  169  3.38e-04      5.15036e+00       1.61223e-01       3.48731e+00
  170  3.40e-04      5.13650e+00       1.75258e-01       3.48275e+00
  171  3.42e-04      5.13174e+00       1.88357e-01       3.48395e+00
  172  3.44e-04      5.14746e+00       1.42297e-01       3.47907e+00
  173  3.46e-04      5.12093e+00       1.84474e-01       3.47545e+00
  174  3.48e-04      5.12903e+00       1.96747e-01       3.48493e+00
  175  3.50e-04      5.11266e+00       1.73525e-01       3.46628e+00
  176  3.52e-04      5.08153e+00       1.80751e-01       3.44794e+00
  177  3.54e-04      5.08225e+00       1.59764e-01       3.44142e+00
  178  3.56e-04      5.07033e+00       1.92740e-01       3.44447e+00
  179  3.58e-04      5.04745e+00       1.64747e-01       3.41988e+00
  180  3.60e-04      5.05307e+00       1.78857e-01       3.42833e+00
  181  3.62e-04      5.04991e+00       1.69270e-01       3.42303e+00
  182  3.64e-04      5.07027e+00       1.85942e-01       3.44216e+00
  183  3.66e-04      5.06049e+00       2.15016e-01       3.44533e+00
  184  3.68e-04      5.05577e+00       1.77312e-01       3.42962e+00
  185  3.70e-04      5.07283e+00       2.09430e-01       3.45169e+00
  186  3.72e-04      5.10736e+00       2.15451e-01       3.47673e+00
  187  3.74e-04      5.14169e+00       1.82721e-01       3.48870e+00
  188  3.76e-04      5.14902e+00       1.77790e-01       3.49194e+00
  189  3.78e-04      5.11503e+00       2.08866e-01       3.47964e+00
  190  3.80e-04      5.13346e+00       1.81864e-01       3.48293e+00
  191  3.82e-04      5.14442e+00       1.44091e-01       3.47765e+00
  192  3.84e-04      5.16508e+00       2.25972e-01       3.51871e+00
  193  3.86e-04      5.17939e+00       1.86702e-01       3.51516e+00
  194  3.88e-04      5.19686e+00       1.95230e-01       3.52965e+00
  195  3.90e-04      5.20790e+00       2.31682e-01       3.54916e+00
  196  3.92e-04      5.18266e+00       1.85082e-01       3.51680e+00
  197  3.94e-04      5.20605e+00       1.87587e-01       3.53323e+00
  198  3.96e-04      5.21488e+00       2.06078e-01       3.54528e+00
  199  3.98e-04      5.21559e+00       1.91051e-01       3.54074e+00
  200  4.00e-04      5.19775e+00       1.97820e-01       3.53111e+00
  201  4.02e-04      5.19841e+00       2.18979e-01       3.53860e+00
  202  4.04e-04      5.20072e+00       2.14815e-01       3.53875e+00
  203  4.06e-04      5.22669e+00       2.16157e-01       3.55651e+00
  204  4.08e-04      5.22589e+00       1.96173e-01       3.54932e+00
  205  4.10e-04      5.27577e+00       1.74364e-01       3.57530e+00
  206  4.12e-04      5.27997e+00       2.01970e-01       3.58730e+00
  207  4.14e-04      5.32909e+00       2.19220e-01       3.62580e+00
  208  4.16e-04      5.30839e+00       2.20613e-01       3.61246e+00
  209  4.18e-04      5.29629e+00       2.42120e-01       3.61157e+00
  210  4.20e-04      5.25098e+00       2.20593e-01       3.57418e+00
  211  4.22e-04      5.23930e+00       2.29363e-01       3.56932e+00
  212  4.24e-04      5.23602e+00       1.98905e-01       3.55698e+00
  213  4.26e-04      5.20195e+00       1.79106e-01       3.52767e+00
  214  4.28e-04      5.20353e+00       1.92099e-01       3.53305e+00
  215  4.30e-04      5.19706e+00       1.83957e-01       3.52602e+00
  216  4.32e-04      5.19373e+00       1.95780e-01       3.52775e+00
  217  4.34e-04      5.17503e+00       2.19868e-01       3.52331e+00
  218  4.36e-04      5.18237e+00       2.03034e-01       3.52259e+00
  219  4.38e-04      5.21108e+00       2.08564e-01       3.54357e+00
  220  4.40e-04      5.22206e+00       2.28596e-01       3.55757e+00
  221  4.42e-04      5.22625e+00       2.59660e-01       3.57072e+00
  222  4.44e-04      5.20915e+00       2.23577e-01       3.54729e+00
  223  4.46e-04      5.16883e+00       2.26274e-01       3.52131e+00
  224  4.48e-04      5.10654e+00       2.05455e-01       3.47284e+00
  225  4.50e-04      5.11866e+00       2.40673e-01       3.49266e+00
  226  4.52e-04      5.11155e+00       2.21661e-01       3.48159e+00
  227  4.54e-04      5.09132e+00       1.96882e-01       3.45984e+00
  228  4.56e-04      5.04554e+00       2.13911e-01       3.43499e+00
  229  4.58e-04      5.02396e+00       2.00067e-01       3.41600e+00
  230  4.60e-04      4.98107e+00       2.35389e-01       3.39917e+00
  231  4.62e-04      4.98516e+00       2.20115e-01       3.39681e+00
  232  4.64e-04      4.95483e+00       2.26891e-01       3.37885e+00
  233  4.66e-04      4.96445e+00       2.59245e-01       3.39605e+00
  234  4.68e-04      4.99998e+00       1.96901e-01       3.39895e+00
  235  4.70e-04      5.01250e+00       2.31882e-01       3.41896e+00
  236  4.72e-04      4.98665e+00       2.35550e-01       3.40295e+00
  237  4.74e-04      4.95123e+00       2.23567e-01       3.37534e+00
  238  4.76e-04      4.99120e+00       2.22710e-01       3.40170e+00
  239  4.78e-04      4.97511e+00       1.98525e-01       3.38291e+00
  240  4.80e-04      4.94146e+00       2.22744e-01       3.36856e+00
  241  4.82e-04      4.92530e+00       2.18845e-01       3.35648e+00
  242  4.84e-04      4.93098e+00       2.10794e-01       3.35758e+00
  243  4.86e-04      4.93732e+00       2.40333e-01       3.37166e+00
  244  4.88e-04      4.95336e+00       2.56329e-01       3.38769e+00
  245  4.90e-04      5.00646e+00       2.20677e-01       3.41120e+00
  246  4.92e-04      4.97894e+00       2.08571e-01       3.38882e+00
  247  4.94e-04      4.96149e+00       2.23743e-01       3.38224e+00
  248  4.96e-04      4.98584e+00       2.22117e-01       3.39793e+00
  249  4.98e-04      4.98583e+00       2.29726e-01       3.40046e+00
  250  5.00e-04      4.98440e+00       2.65139e-01       3.41131e+00
  251  5.02e-04      4.99764e+00       2.47658e-01       3.41431e+00
  252  5.04e-04      5.00717e+00       3.00504e-01       3.43828e+00
  253  5.06e-04      4.99846e+00       2.24297e-01       3.40707e+00
  254  5.08e-04      4.98982e+00       2.47680e-01       3.40911e+00
  255  5.10e-04      4.98601e+00       2.12438e-01       3.39482e+00
  256  5.12e-04      5.00215e+00       2.33928e-01       3.41274e+00
  257  5.14e-04      4.99615e+00       2.16104e-01       3.40280e+00
  258  5.16e-04      4.99655e+00       2.32485e-01       3.40853e+00
  259  5.18e-04      5.02315e+00       2.80054e-01       3.44212e+00
  260  5.20e-04      5.01711e+00       2.66487e-01       3.43357e+00
  261  5.22e-04      5.02646e+00       2.25419e-01       3.42611e+00
  262  5.24e-04      4.99194e+00       2.36550e-01       3.40681e+00
  263  5.26e-04      5.02296e+00       2.36173e-01       3.42737e+00
  264  5.28e-04      4.98755e+00       2.51697e-01       3.40893e+00
  265  5.30e-04      4.97702e+00       2.42246e-01       3.39876e+00
  266  5.32e-04      4.97704e+00       2.52951e-01       3.40235e+00
  267  5.34e-04      5.00140e+00       2.40929e-01       3.41457e+00
  268  5.36e-04      4.98013e+00       3.00000e-01       3.42009e+00
  269  5.38e-04      4.98864e+00       2.28844e-01       3.40204e+00
  270  5.40e-04      4.99678e+00       2.50524e-01       3.41469e+00
  271  5.42e-04      4.97871e+00       3.01174e-01       3.41953e+00
  272  5.44e-04      4.96621e+00       1.84472e-01       3.37230e+00
  273  5.46e-04      4.98995e+00       2.54647e-01       3.41152e+00
  274  5.48e-04      4.98765e+00       3.02470e-01       3.42592e+00
  275  5.50e-04      5.00428e+00       2.84238e-01       3.43093e+00
  276  5.52e-04      4.98592e+00       2.80671e-01       3.41750e+00
  277  5.54e-04      5.01675e+00       3.02395e-01       3.44530e+00
  278  5.56e-04      4.99277e+00       2.79689e-01       3.42175e+00
  279  5.58e-04      4.99821e+00       3.22844e-01       3.43975e+00
  280  5.60e-04      4.97331e+00       2.26078e-01       3.39090e+00
  281  5.62e-04      4.96962e+00       2.81163e-01       3.40680e+00
  282  5.64e-04      4.97028e+00       2.30107e-01       3.39022e+00
  283  5.66e-04      4.98879e+00       2.92848e-01       3.42348e+00
  284  5.68e-04      5.00500e+00       2.45584e-01       3.41853e+00
  285  5.70e-04      5.00002e+00       2.84552e-01       3.42820e+00
  286  5.72e-04      4.95830e+00       2.73684e-01       3.39676e+00
  287  5.74e-04      4.95730e+00       3.17623e-01       3.41074e+00
  288  5.76e-04      4.94573e+00       2.48907e-01       3.38012e+00
  289  5.78e-04      4.93332e+00       2.76244e-01       3.38096e+00
  290  5.80e-04      4.93589e+00       2.85585e-01       3.38579e+00
  291  5.82e-04      4.98479e+00       2.75250e-01       3.41494e+00
  292  5.84e-04      4.93969e+00       2.63251e-01       3.38088e+00
  293  5.86e-04      4.94719e+00       3.33642e-01       3.40934e+00
  294  5.88e-04      4.93198e+00       2.62628e-01       3.37553e+00
  295  5.90e-04      4.92393e+00       3.37539e-01       3.39514e+00
  296  5.92e-04      4.91541e+00       2.81194e-01       3.37067e+00
  297  5.94e-04      4.94338e+00       3.46355e-01       3.41104e+00
  298  5.96e-04      4.91053e+00       3.40764e-01       3.38727e+00
  299  5.98e-04      4.91962e+00       2.69634e-01       3.36963e+00
  300  6.00e-04      4.92285e+00       3.38698e-01       3.39480e+00
  301  6.02e-04      4.94726e+00       3.33342e-01       3.40928e+00
  302  6.04e-04      4.93667e+00       3.13766e-01       3.39570e+00
  303  6.06e-04      4.89637e+00       3.30171e-01       3.37430e+00
  304  6.08e-04      4.86924e+00       3.65265e-01       3.36791e+00
  305  6.10e-04      4.85643e+00       2.66586e-01       3.32648e+00
  306  6.12e-04      4.84689e+00       3.21127e-01       3.33830e+00
  307  6.14e-04      4.84765e+00       2.95620e-01       3.33031e+00
  308  6.16e-04      4.81107e+00       3.32114e-01       3.31808e+00
  309  6.18e-04      4.83962e+00       3.37399e-01       3.33888e+00
  310  6.20e-04      4.84137e+00       3.26717e-01       3.33649e+00
  311  6.22e-04      4.80090e+00       2.74552e-01       3.29212e+00
  312  6.24e-04      4.77852e+00       3.91124e-01       3.31606e+00
  313  6.26e-04      4.79928e+00       2.76912e-01       3.29182e+00
  314  6.28e-04      4.79115e+00       3.26280e-01       3.30286e+00
  315  6.30e-04      4.79641e+00       2.93793e-01       3.29554e+00
  316  6.32e-04      4.78861e+00       3.72671e-01       3.31663e+00
  317  6.34e-04      4.82184e+00       2.88553e-01       3.31075e+00
  318  6.36e-04      4.78268e+00       3.32389e-01       3.29925e+00
  319  6.38e-04      4.80684e+00       3.11770e-01       3.30848e+00
  320  6.40e-04      4.77429e+00       3.69729e-01       3.30610e+00
  321  6.42e-04      4.77129e+00       2.87072e-01       3.27655e+00
  322  6.44e-04      4.72982e+00       3.28442e-01       3.26269e+00
  323  6.46e-04      4.69138e+00       3.26935e-01       3.23657e+00
  324  6.48e-04      4.70524e+00       3.42440e-01       3.25097e+00
  325  6.50e-04      4.72224e+00       2.84333e-01       3.24294e+00
  326  6.52e-04      4.68970e+00       3.55579e-01       3.24499e+00
  327  6.54e-04      4.66686e+00       3.22276e-01       3.21867e+00
  328  6.56e-04      4.66884e+00       3.78414e-01       3.23870e+00
  329  6.58e-04      4.67863e+00       3.50946e-01       3.23607e+00
  330  6.60e-04      4.71422e+00       3.09928e-01       3.24612e+00
  331  6.62e-04      4.68182e+00       3.75075e-01       3.24624e+00
  332  6.64e-04      4.68529e+00       3.26802e-01       3.23246e+00
  333  6.66e-04      4.66193e+00       3.13055e-01       3.21231e+00
  334  6.68e-04      4.62126e+00       2.56304e-01       3.16628e+00
  335  6.70e-04      4.63196e+00       3.23083e-01       3.19567e+00
  336  6.72e-04      4.66005e+00       2.78905e-01       3.19967e+00
  337  6.74e-04      4.61674e+00       3.00982e-01       3.17815e+00
  338  6.76e-04      4.61248e+00       2.99200e-01       3.17472e+00
  339  6.78e-04      4.63045e+00       3.01339e-01       3.18742e+00
  340  6.80e-04      4.61112e+00       2.75319e-01       3.16585e+00
  341  6.82e-04      4.63568e+00       3.23241e-01       3.19820e+00
  342  6.84e-04      4.65370e+00       3.17430e-01       3.20827e+00
  343  6.86e-04      4.62769e+00       3.43751e-01       3.19971e+00
  344  6.88e-04      4.60645e+00       3.03295e-01       3.17207e+00
  345  6.90e-04      4.58959e+00       3.95364e-01       3.19152e+00
  346  6.92e-04      4.55805e+00       2.74467e-01       3.13019e+00
  347  6.94e-04      4.54876e+00       3.04641e-01       3.13406e+00
  348  6.96e-04      4.52963e+00       2.89640e-01       3.11630e+00
  349  6.98e-04      4.54472e+00       2.70155e-01       3.11986e+00
  350  7.00e-04      4.54377e+00       3.05062e-01       3.13087e+00
  351  7.02e-04      4.53731e+00       3.62620e-01       3.14574e+00
  352  7.04e-04      4.55034e+00       3.37108e-01       3.14593e+00
  353  7.06e-04      4.53950e+00       3.76479e-01       3.15183e+00
  354  7.08e-04      4.50619e+00       4.36701e-01       3.14970e+00
  355  7.10e-04      4.51878e+00       3.37903e-01       3.12515e+00
  356  7.12e-04      4.50776e+00       2.66040e-01       3.09385e+00
  357  7.14e-04      4.51384e+00       3.44918e-01       3.12420e+00
  358  7.16e-04      4.50863e+00       2.86135e-01       3.10113e+00
  359  7.18e-04      4.53495e+00       2.87766e-01       3.11922e+00
  360  7.20e-04      4.53021e+00       3.33689e-01       3.13137e+00
  361  7.22e-04      4.53080e+00       3.50941e-01       3.13751e+00
  362  7.24e-04      4.58043e+00       3.69069e-01       3.17664e+00
  363  7.26e-04      4.57413e+00       3.25348e-01       3.15787e+00
  364  7.28e-04      4.61905e+00       3.51368e-01       3.19649e+00
  365  7.30e-04      4.62512e+00       2.82331e-01       3.17752e+00
  366  7.32e-04      4.61130e+00       3.47131e-01       3.18991e+00
  367  7.34e-04      4.61826e+00       3.20227e-01       3.18558e+00
  368  7.36e-04      4.59456e+00       3.15511e-01       3.16821e+00
  369  7.38e-04      4.59880e+00       3.47523e-01       3.18171e+00
  370  7.40e-04      4.60289e+00       3.57042e-01       3.18760e+00
  371  7.42e-04      4.61442e+00       2.87698e-01       3.17218e+00
  372  7.44e-04      4.62470e+00       3.40828e-01       3.19674e+00
  373  7.46e-04      4.62312e+00       3.46741e-01       3.19766e+00
  374  7.48e-04      4.61631e+00       3.27149e-01       3.18659e+00
  375  7.50e-04      4.60926e+00       2.86693e-01       3.16841e+00
  376  7.52e-04      4.61825e+00       3.79490e-01       3.20533e+00
  377  7.54e-04      4.62678e+00       3.30308e-01       3.19463e+00
  378  7.56e-04      4.60049e+00       3.75023e-01       3.19200e+00
  379  7.58e-04      4.62509e+00       3.75371e-01       3.20851e+00
  380  7.60e-04      4.63844e+00       3.70957e-01       3.21595e+00
  381  7.62e-04      4.61102e+00       3.78277e-01       3.20010e+00
  382  7.64e-04      4.63476e+00       3.40454e-01       3.20332e+00
  383  7.66e-04      4.64458e+00       3.26073e-01       3.20508e+00
  384  7.68e-04      4.63163e+00       3.29761e-01       3.19767e+00
  385  7.70e-04      4.69170e+00       3.41984e-01       3.24180e+00
  386  7.72e-04      4.69101e+00       3.57054e-01       3.24636e+00
  387  7.74e-04      4.70053e+00       4.22472e-01       3.27451e+00
  388  7.76e-04      4.70911e+00       3.58409e-01       3.25888e+00
  389  7.78e-04      4.71569e+00       3.52277e-01       3.26122e+00
  390  7.80e-04      4.68539e+00       3.23408e-01       3.23140e+00
  391  7.82e-04      4.67423e+00       3.36989e-01       3.22848e+00
  392  7.84e-04      4.65937e+00       3.40091e-01       3.21961e+00
  393  7.86e-04      4.67394e+00       3.87859e-01       3.24525e+00
  394  7.88e-04      4.69962e+00       2.88409e-01       3.22922e+00
  395  7.90e-04      4.70196e+00       3.81056e-01       3.26166e+00
  396  7.92e-04      4.67274e+00       4.17324e-01       3.25427e+00
  397  7.94e-04      4.69852e+00       4.37246e-01       3.27810e+00
  398  7.96e-04      4.70149e+00       3.65104e-01       3.25603e+00
  399  7.98e-04      4.71221e+00       3.92572e-01       3.27233e+00
  400  8.00e-04      4.64854e+00       3.28715e-01       3.20860e+00
  401  8.02e-04      4.65546e+00       3.67189e-01       3.22604e+00
  402  8.04e-04      4.65733e+00       3.29835e-01       3.21483e+00
  403  8.06e-04      4.65066e+00       3.65080e-01       3.22213e+00
  404  8.08e-04      4.66772e+00       3.88166e-01       3.24120e+00
  405  8.10e-04      4.62376e+00       4.10308e-01       3.21928e+00
  406  8.12e-04      4.61037e+00       4.25296e-01       3.21535e+00
  407  8.14e-04      4.60620e+00       3.48999e-01       3.18713e+00
  408  8.16e-04      4.61044e+00       3.43061e-01       3.18798e+00
  409  8.18e-04      4.60541e+00       3.13824e-01       3.17488e+00
  410  8.20e-04      4.58995e+00       3.73079e-01       3.18433e+00
  411  8.22e-04      4.62913e+00       3.55360e-01       3.20454e+00
  412  8.24e-04      4.61010e+00       3.92277e-01       3.20416e+00
  413  8.26e-04      4.67046e+00       3.55411e-01       3.23211e+00
  414  8.28e-04      4.68397e+00       3.97617e-01       3.25519e+00
  415  8.30e-04      4.69366e+00       3.83185e-01       3.25684e+00
  416  8.32e-04      4.73240e+00       3.35372e-01       3.26673e+00
  417  8.34e-04      4.74696e+00       3.02529e-01       3.26549e+00
  418  8.36e-04      4.71666e+00       4.09397e-01       3.28090e+00
  419  8.38e-04      4.71020e+00       3.18321e-01       3.24624e+00
  420  8.40e-04      4.76610e+00       3.83461e-01       3.30522e+00
  421  8.42e-04      4.74178e+00       3.58458e-01       3.28067e+00
  422  8.44e-04      4.74473e+00       4.09165e-01       3.29954e+00
  423  8.46e-04      4.75464e+00       4.02026e-01       3.30377e+00
  424  8.48e-04      4.74072e+00       3.75219e-01       3.28556e+00
  425  8.50e-04      4.73835e+00       3.90552e-01       3.28909e+00
  426  8.52e-04      4.75082e+00       3.77569e-01       3.29307e+00
  427  8.54e-04      4.74044e+00       3.84113e-01       3.28833e+00
  428  8.56e-04      4.74062e+00       3.70627e-01       3.28396e+00
  429  8.58e-04      4.72339e+00       4.09169e-01       3.28531e+00
  430  8.60e-04      4.69850e+00       3.99297e-01       3.26543e+00
  431  8.62e-04      4.70876e+00       4.71359e-01       3.29629e+00
  432  8.64e-04      4.68538e+00       4.40800e-01       3.27052e+00
  433  8.66e-04      4.68611e+00       3.74485e-01       3.24890e+00
  434  8.68e-04      4.69444e+00       4.34697e-01       3.27453e+00
  435  8.70e-04      4.71209e+00       3.67631e-01       3.26394e+00
  436  8.72e-04      4.72306e+00       3.20097e-01       3.25541e+00
  437  8.74e-04      4.71938e+00       4.30293e-01       3.28968e+00
  438  8.76e-04      4.68875e+00       4.00503e-01       3.25933e+00
  439  8.78e-04      4.63941e+00       4.58427e-01       3.24575e+00
  440  8.80e-04      4.62928e+00       4.29602e-01       3.22939e+00
  441  8.82e-04      4.63526e+00       4.33420e-01       3.23465e+00
  442  8.84e-04      4.66155e+00       4.26867e-01       3.24999e+00
  443  8.86e-04      4.62294e+00       4.09596e-01       3.21849e+00
  444  8.88e-04      4.59809e+00       4.52009e-01       3.21606e+00
  445  8.90e-04      4.59397e+00       4.18678e-01       3.20221e+00
  446  8.92e-04      4.59008e+00       4.19878e-01       3.20001e+00
  447  8.94e-04      4.56374e+00       3.83869e-01       3.17045e+00
  448  8.96e-04      4.56151e+00       4.18066e-01       3.18036e+00
  449  8.98e-04      4.54550e+00       4.57861e-01       3.18295e+00
  450  9.00e-04      4.53938e+00       4.46850e-01       3.17520e+00
  451  9.02e-04      4.56190e+00       4.85329e-01       3.20304e+00
  452  9.04e-04      4.53214e+00       3.70167e-01       3.14482e+00
  453  9.06e-04      4.52454e+00       4.95253e-01       3.18144e+00
  454  9.08e-04      4.50571e+00       4.23893e-01       3.14511e+00
  455  9.10e-04      4.53773e+00       4.73227e-01       3.18290e+00
  456  9.12e-04      4.55016e+00       5.00181e-01       3.20017e+00
  457  9.14e-04      4.54513e+00       4.93268e-01       3.19451e+00
  458  9.16e-04      4.55000e+00       4.72225e-01       3.19074e+00
  459  9.18e-04      4.54495e+00       4.51713e-01       3.18054e+00
  460  9.20e-04      4.54301e+00       4.34940e-01       3.17366e+00
  461  9.22e-04      4.52385e+00       3.72172e-01       3.13996e+00
  462  9.24e-04      4.55499e+00       3.78568e-01       3.16285e+00
  463  9.26e-04      4.53418e+00       4.85171e-01       3.18451e+00
  464  9.28e-04      4.59826e+00       4.44311e-01       3.21361e+00
  465  9.30e-04      4.58480e+00       4.44863e-01       3.20482e+00
  466  9.32e-04      4.58567e+00       5.03035e-01       3.22479e+00
  467  9.34e-04      4.56269e+00       4.88513e-01       3.20463e+00
  468  9.36e-04      4.58052e+00       4.71682e-01       3.21090e+00
  469  9.38e-04      4.60975e+00       4.28168e-01       3.21589e+00
  470  9.40e-04      4.60326e+00       5.19858e-01       3.24213e+00
  471  9.42e-04      4.61113e+00       3.95658e-01       3.20597e+00
  472  9.44e-04      4.59702e+00       4.57590e-01       3.21721e+00
  473  9.46e-04      4.59293e+00       3.93790e-01       3.19322e+00
  474  9.48e-04      4.57799e+00       4.76432e-01       3.21081e+00
  475  9.50e-04      4.57880e+00       4.60763e-01       3.20612e+00
  476  9.52e-04      4.55947e+00       5.10739e-01       3.20989e+00
  477  9.54e-04      4.56409e+00       4.78450e-01       3.20221e+00
  478  9.56e-04      4.55669e+00       5.07644e-01       3.20701e+00
  479  9.58e-04      4.59014e+00       4.74740e-01       3.21834e+00
  480  9.60e-04      4.56185e+00       4.54926e-01       3.19288e+00
  481  9.62e-04      4.53702e+00       4.23895e-01       3.16598e+00
  482  9.64e-04      4.59438e+00       4.89970e-01       3.22624e+00
  483  9.66e-04      4.58999e+00       5.29543e-01       3.23651e+00
  484  9.68e-04      4.58204e+00       4.47492e-01       3.20386e+00
  485  9.70e-04      4.54929e+00       4.95316e-01       3.19797e+00
  486  9.72e-04      4.55597e+00       4.84394e-01       3.19878e+00
  487  9.74e-04      4.55246e+00       4.58677e-01       3.18786e+00
  488  9.76e-04      4.51215e+00       3.88683e-01       3.13766e+00
  489  9.78e-04      4.48967e+00       5.23614e-01       3.16765e+00
  490  9.80e-04      4.45303e+00       4.42386e-01       3.11615e+00
  491  9.82e-04      4.50002e+00       4.56432e-01       3.15215e+00
  492  9.84e-04      4.50522e+00       4.74818e-01       3.16175e+00
  493  9.86e-04      4.47460e+00       4.38392e-01       3.12920e+00
  494  9.88e-04      4.49280e+00       4.19519e-01       3.13504e+00
  495  9.90e-04      4.49487e+00       5.54994e-01       3.18158e+00
  496  9.92e-04      4.47718e+00       4.70319e-01       3.14156e+00
  497  9.94e-04      4.48735e+00       5.17376e-01       3.16403e+00
  498  9.96e-04      4.47173e+00       5.05412e-01       3.14963e+00
  499  9.98e-04      4.51434e+00       5.45138e-01       3.19128e+00
  500  1.00e-03      4.50798e+00       5.30444e-01       3.18213e+00
  501  1.00e-03      4.49253e+00       5.25330e-01       3.17013e+00
  502  1.00e-03      4.48146e+00       5.93727e-01       3.18555e+00
  503  1.01e-03      4.49397e+00       4.46598e-01       3.14484e+00
  504  1.01e-03      4.45227e+00       5.29760e-01       3.14477e+00
  505  1.01e-03      4.46217e+00       4.54066e-01       3.12614e+00
  506  1.01e-03      4.45926e+00       4.79210e-01       3.13257e+00
  507  1.01e-03      4.45315e+00       4.01149e-01       3.10249e+00
  508  1.02e-03      4.45893e+00       4.54182e-01       3.12401e+00
  509  1.02e-03      4.44623e+00       4.65090e-01       3.11918e+00
  510  1.02e-03      4.42743e+00       4.68124e-01       3.10766e+00
  511  1.02e-03      4.43417e+00       5.36063e-01       3.13480e+00
  512  1.02e-03      4.42703e+00       5.10310e-01       3.12146e+00
  513  1.03e-03      4.43365e+00       5.30330e-01       3.13255e+00
  514  1.03e-03      4.43866e+00       5.15501e-01       3.13094e+00
  515  1.03e-03      4.42001e+00       5.30883e-01       3.12364e+00
  516  1.03e-03      4.42228e+00       5.38037e-01       3.12753e+00
  517  1.03e-03      4.43123e+00       4.79426e-01       3.11397e+00
  518  1.04e-03      4.42297e+00       4.86253e-01       3.11073e+00
  519  1.04e-03      4.41734e+00       5.22609e-01       3.11910e+00
  520  1.04e-03      4.43494e+00       4.73160e-01       3.11435e+00
  521  1.04e-03      4.47749e+00       5.84322e-01       3.17977e+00
  522  1.04e-03      4.44776e+00       4.45270e-01       3.11360e+00
  523  1.05e-03      4.42090e+00       5.60188e-01       3.13399e+00
  524  1.05e-03      4.41905e+00       5.20908e-01       3.11967e+00
  525  1.05e-03      4.41215e+00       5.23140e-01       3.11581e+00
  526  1.05e-03      4.41986e+00       4.59171e-01       3.09963e+00
  527  1.05e-03      4.42560e+00       5.11039e-01       3.12075e+00
  528  1.06e-03      4.42728e+00       6.02884e-01       3.15248e+00
  529  1.06e-03      4.40482e+00       5.64269e-01       3.12463e+00
  530  1.06e-03      4.41254e+00       5.86249e-01       3.13711e+00
  531  1.06e-03      4.37677e+00       5.45539e-01       3.09969e+00
  532  1.06e-03      4.41053e+00       5.50515e-01       3.12386e+00
  533  1.07e-03      4.37372e+00       4.24329e-01       3.05725e+00
  534  1.07e-03      4.37523e+00       4.69693e-01       3.07338e+00
  535  1.07e-03      4.40118e+00       4.81586e-01       3.09465e+00
  536  1.07e-03      4.39890e+00       5.33051e-01       3.11028e+00
  537  1.07e-03      4.39807e+00       5.42615e-01       3.11292e+00
  538  1.08e-03      4.41792e+00       5.61756e-01       3.13253e+00
  539  1.08e-03      4.40049e+00       5.19230e-01       3.10674e+00
  540  1.08e-03      4.40090e+00       5.14353e-01       3.10539e+00
  541  1.08e-03      4.38744e+00       5.21899e-01       3.09893e+00
  542  1.08e-03      4.39090e+00       4.85542e-01       3.08911e+00
  543  1.09e-03      4.40905e+00       5.24196e-01       3.11410e+00
  544  1.09e-03      4.46235e+00       6.46339e-01       3.19034e+00
  545  1.09e-03      4.46590e+00       5.33978e-01       3.15526e+00
  546  1.09e-03      4.46145e+00       5.64843e-01       3.16258e+00
  547  1.09e-03      4.49322e+00       6.09598e-01       3.19868e+00
  548  1.10e-03      4.48809e+00       5.49329e-01       3.17517e+00
  549  1.10e-03      4.49644e+00       5.38685e-01       3.17719e+00
  550  1.10e-03      4.47658e+00       5.08052e-01       3.15374e+00
  551  1.10e-03      4.48154e+00       5.31864e-01       3.16498e+00
  552  1.10e-03      4.48404e+00       4.48849e-01       3.13898e+00
  553  1.11e-03      4.47763e+00       6.20767e-01       3.19201e+00
  554  1.11e-03      4.48628e+00       5.60035e-01       3.17753e+00
  555  1.11e-03      4.52783e+00       5.63081e-01       3.20625e+00
  556  1.11e-03      4.51886e+00       5.82405e-01       3.20671e+00
  557  1.11e-03      4.52890e+00       6.79974e-01       3.24592e+00
  558  1.12e-03      4.52559e+00       5.05371e-01       3.18552e+00
  559  1.12e-03      4.49744e+00       4.78650e-01       3.15784e+00
  560  1.12e-03      4.45376e+00       5.81528e-01       3.16302e+00
  561  1.12e-03      4.44699e+00       4.50428e-01       3.11480e+00
  562  1.12e-03      4.42761e+00       5.71133e-01       3.14212e+00
  563  1.13e-03      4.44592e+00       5.55456e-01       3.14910e+00
  564  1.13e-03      4.49415e+00       5.74218e-01       3.18750e+00
  565  1.13e-03      4.50228e+00       5.22784e-01       3.17578e+00
  566  1.13e-03      4.46619e+00       5.66919e-01       3.16644e+00
  567  1.13e-03      4.47831e+00       4.58660e-01       3.13843e+00
  568  1.14e-03      4.49028e+00       5.56575e-01       3.17904e+00
  569  1.14e-03      4.48340e+00       5.65199e-01       3.17733e+00
  570  1.14e-03      4.49330e+00       6.80984e-01       3.22253e+00
  571  1.14e-03      4.53493e+00       5.28259e-01       3.19937e+00
  572  1.14e-03      4.51164e+00       6.29498e-01       3.21759e+00
  573  1.15e-03      4.53508e+00       6.21999e-01       3.23072e+00
  574  1.15e-03      4.49796e+00       6.05310e-01       3.20041e+00
  575  1.15e-03      4.50402e+00       5.38095e-01       3.18204e+00
  576  1.15e-03      4.49334e+00       5.76212e-01       3.18763e+00
  577  1.15e-03      4.50689e+00       5.37006e-01       3.18359e+00
  578  1.16e-03      4.45028e+00       4.75319e-01       3.12529e+00
  579  1.16e-03      4.43793e+00       5.64040e-01       3.14663e+00
  580  1.16e-03      4.41908e+00       5.22685e-01       3.12028e+00
  581  1.16e-03      4.43148e+00       6.51222e-01       3.17139e+00
  582  1.16e-03      4.43069e+00       5.66681e-01       3.14269e+00
  583  1.17e-03      4.46311e+00       6.32465e-01       3.18623e+00
  584  1.17e-03      4.41244e+00       5.35340e-01       3.12007e+00
  585  1.17e-03      4.42682e+00       6.33197e-01       3.16228e+00
  586  1.17e-03      4.39859e+00       4.84483e-01       3.09389e+00
  587  1.17e-03      4.40660e+00       6.07820e-01       3.14034e+00
  588  1.18e-03      4.40492e+00       5.24787e-01       3.11154e+00
  589  1.18e-03      4.40755e+00       6.57065e-01       3.15739e+00
  590  1.18e-03      4.39323e+00       5.88852e-01       3.12510e+00
  591  1.18e-03      4.38745e+00       6.41935e-01       3.13895e+00
  592  1.18e-03      4.36465e+00       5.32145e-01       3.08715e+00
  593  1.19e-03      4.37109e+00       5.98699e-01       3.11362e+00
  594  1.19e-03      4.32894e+00       6.18168e-01       3.09202e+00
  595  1.19e-03      4.35209e+00       5.17748e-01       3.07398e+00
  596  1.19e-03      4.36869e+00       6.71024e-01       3.13614e+00
  597  1.19e-03      4.39883e+00       5.00095e-01       3.09925e+00
  598  1.20e-03      4.38576e+00       6.07081e-01       3.12620e+00
  599  1.20e-03      4.40976e+00       5.60744e-01       3.12675e+00
  600  1.20e-03      4.40435e+00       6.96268e-01       3.16832e+00
  601  1.20e-03      4.38145e+00       4.58974e-01       3.07396e+00
  602  1.20e-03      4.37676e+00       6.96147e-01       3.14989e+00
  603  1.21e-03      4.39085e+00       5.56604e-01       3.11277e+00
  604  1.21e-03      4.40920e+00       5.93791e-01       3.13739e+00
  605  1.21e-03      4.41949e+00       5.64981e-01       3.13465e+00
  606  1.21e-03      4.41020e+00       6.49843e-01       3.15675e+00
  607  1.21e-03      4.41782e+00       6.16051e-01       3.15056e+00
  608  1.22e-03      4.40216e+00       5.69561e-01       3.12462e+00
  609  1.22e-03      4.39124e+00       6.69916e-01       3.15080e+00
  610  1.22e-03      4.41563e+00       6.20118e-01       3.15046e+00
  611  1.22e-03      4.43914e+00       5.52955e-01       3.14375e+00
  612  1.22e-03      4.42324e+00       5.92957e-01       3.14648e+00
  613  1.23e-03      4.44770e+00       6.60867e-01       3.18542e+00
  614  1.23e-03      4.44753e+00       5.38726e-01       3.14460e+00
  615  1.23e-03      4.40821e+00       6.64905e-01       3.16044e+00
  616  1.23e-03      4.39022e+00       5.87266e-01       3.12257e+00
  617  1.23e-03      4.39999e+00       6.76706e-01       3.15890e+00
  618  1.24e-03      4.39486e+00       6.29840e-01       3.13985e+00
  619  1.24e-03      4.37947e+00       7.20499e-01       3.15981e+00
  620  1.24e-03      4.40111e+00       6.24107e-01       3.14211e+00
  621  1.24e-03      4.37968e+00       6.69462e-01       3.14294e+00
  622  1.24e-03      4.41483e+00       6.03136e-01       3.14427e+00
  623  1.25e-03      4.38199e+00       5.61665e-01       3.10855e+00
  624  1.25e-03      4.37965e+00       6.24072e-01       3.12779e+00
  625  1.25e-03      4.37336e+00       6.79484e-01       3.14207e+00
  626  1.25e-03      4.37936e+00       6.43866e-01       3.13419e+00
  627  1.25e-03      4.36992e+00       6.02322e-01       3.11406e+00
  628  1.26e-03      4.42171e+00       7.91024e-01       3.21148e+00
  629  1.26e-03      4.41671e+00       5.96447e-01       3.14329e+00
  630  1.26e-03      4.42677e+00       6.16173e-01       3.15657e+00
  631  1.26e-03      4.43494e+00       6.38143e-01       3.16934e+00
  632  1.26e-03      4.46210e+00       6.56602e-01       3.19360e+00
  633  1.27e-03      4.43835e+00       6.02789e-01       3.15983e+00
  634  1.27e-03      4.43925e+00       6.84855e-01       3.18779e+00
  635  1.27e-03      4.45357e+00       6.97991e-01       3.20171e+00
  636  1.27e-03      4.49523e+00       6.92333e-01       3.22760e+00
  637  1.27e-03      4.44315e+00       6.81925e-01       3.18941e+00
  638  1.28e-03      4.44404e+00       6.23028e-01       3.17037e+00
  639  1.28e-03      4.45836e+00       6.96058e-01       3.20426e+00
  640  1.28e-03      4.47704e+00       5.96645e-01       3.18357e+00
  641  1.28e-03      4.46041e+00       6.11128e-01       3.17732e+00
  642  1.28e-03      4.47642e+00       5.96027e-01       3.18296e+00
  643  1.29e-03      4.45574e+00       7.13364e-01       3.20828e+00
  644  1.29e-03      4.44704e+00       6.85737e-01       3.19327e+00
  645  1.29e-03      4.44756e+00       6.75455e-01       3.19019e+00
  646  1.29e-03      4.44508e+00       7.51707e-01       3.21395e+00
  647  1.29e-03      4.44171e+00       7.35846e-01       3.20642e+00
  648  1.30e-03      4.48684e+00       6.91511e-01       3.22173e+00
  649  1.30e-03      4.45318e+00       5.74999e-01       3.16045e+00
  650  1.30e-03      4.43226e+00       6.73437e-01       3.17932e+00
  651  1.30e-03      4.40307e+00       7.09932e-01       3.17202e+00
  652  1.30e-03      4.41119e+00       6.41883e-01       3.15476e+00
  653  1.31e-03      4.37498e+00       5.62489e-01       3.10415e+00
  654  1.31e-03      4.32290e+00       7.45953e-01       3.13059e+00
  655  1.31e-03      4.33819e+00       7.02109e-01       3.12617e+00
  656  1.31e-03      4.37513e+00       5.84435e-01       3.11157e+00
  657  1.31e-03      4.41163e+00       6.83261e-01       3.16884e+00
  658  1.32e-03      4.41047e+00       6.93364e-01       3.17143e+00
  659  1.32e-03      4.41901e+00       6.80723e-01       3.17292e+00
  660  1.32e-03      4.45068e+00       6.50150e-01       3.18383e+00
  661  1.32e-03      4.49146e+00       6.86385e-01       3.22310e+00
  662  1.32e-03      4.47096e+00       8.22619e-01       3.25485e+00
  663  1.33e-03      4.47715e+00       7.08280e-01       3.22086e+00
  664  1.33e-03      4.49599e+00       7.70034e-01       3.25401e+00
  665  1.33e-03      4.48145e+00       7.90173e-01       3.25102e+00
  666  1.33e-03      4.48834e+00       6.07941e-01       3.19487e+00
  667  1.33e-03      4.46824e+00       6.67269e-01       3.20125e+00
  668  1.34e-03      4.46914e+00       6.64983e-01       3.20109e+00
  669  1.34e-03      4.46887e+00       5.89324e-01       3.17569e+00
  670  1.34e-03      4.48114e+00       7.12517e-01       3.22493e+00
  671  1.34e-03      4.49245e+00       6.91061e-01       3.22532e+00
  672  1.34e-03      4.49009e+00       6.43171e-01       3.20779e+00
  673  1.35e-03      4.46377e+00       7.84104e-01       3.23722e+00
  674  1.35e-03      4.46488e+00       6.85697e-01       3.20515e+00
  675  1.35e-03      4.48010e+00       7.59729e-01       3.23998e+00
  676  1.35e-03      4.45935e+00       6.12351e-01       3.17701e+00
  677  1.35e-03      4.47201e+00       7.29526e-01       3.22452e+00
  678  1.36e-03      4.45495e+00       6.38187e-01       3.18270e+00
  679  1.36e-03      4.47253e+00       7.84281e-01       3.24311e+00
  680  1.36e-03      4.44680e+00       7.06325e-01       3.19997e+00
  681  1.36e-03      4.49335e+00       7.49955e-01       3.24555e+00
  682  1.36e-03      4.46412e+00       6.39752e-01       3.18933e+00
  683  1.37e-03      4.44850e+00       6.50826e-01       3.18261e+00
  684  1.37e-03      4.44697e+00       7.24321e-01       3.20608e+00
  685  1.37e-03      4.45199e+00       5.53775e-01       3.15258e+00
  686  1.37e-03      4.46521e+00       7.64925e-01       3.23178e+00
  687  1.37e-03      4.46871e+00       6.17900e-01       3.18510e+00
  688  1.38e-03      4.46146e+00       8.62892e-01       3.26194e+00
  689  1.38e-03      4.41592e+00       6.10395e-01       3.14741e+00
  690  1.38e-03      4.38607e+00       7.69100e-01       3.18041e+00
  691  1.38e-03      4.38199e+00       6.95637e-01       3.15320e+00
  692  1.38e-03      4.39899e+00       7.10007e-01       3.16933e+00
  693  1.39e-03      4.39576e+00       5.98551e-01       3.13003e+00
  694  1.39e-03      4.40697e+00       7.31158e-01       3.18170e+00
  695  1.39e-03      4.41364e+00       6.52656e-01       3.15998e+00
  696  1.39e-03      4.40510e+00       6.81313e-01       3.16384e+00
  697  1.39e-03      4.41332e+00       6.48221e-01       3.15829e+00
  698  1.40e-03      4.42689e+00       7.02705e-01       3.18550e+00
  699  1.40e-03      4.42331e+00       7.06246e-01       3.18429e+00
  700  1.40e-03      4.43897e+00       6.88290e-01       3.18874e+00
  701  1.40e-03      4.47195e+00       7.41867e-01       3.22859e+00
  702  1.40e-03      4.49870e+00       5.82694e-01       3.19336e+00
  703  1.41e-03      4.50838e+00       8.29160e-01       3.28198e+00
  704  1.41e-03      4.51534e+00       6.11854e-01       3.21418e+00
  705  1.41e-03      4.54684e+00       6.88390e-01       3.26069e+00
  706  1.41e-03      4.54458e+00       6.56156e-01       3.24844e+00
  707  1.41e-03      4.54618e+00       9.42105e-01       3.34482e+00
  708  1.42e-03      4.54812e+00       5.86927e-01       3.22772e+00
  709  1.42e-03      4.55212e+00       8.09648e-01       3.30463e+00
  710  1.42e-03      4.53205e+00       6.50865e-01       3.23832e+00
  711  1.42e-03      4.51915e+00       6.63994e-01       3.23410e+00
  712  1.42e-03      4.54093e+00       7.73601e-01       3.28515e+00
  713  1.43e-03      4.52039e+00       5.81528e-01       3.20744e+00
  714  1.43e-03      4.49655e+00       7.03217e-01       3.23211e+00
  715  1.43e-03      4.49352e+00       6.37383e-01       3.20814e+00
  716  1.43e-03      4.46685e+00       7.81602e-01       3.23843e+00
  717  1.43e-03      4.46906e+00       6.16687e-01       3.18494e+00
  718  1.44e-03      4.48564e+00       7.91444e-01       3.25424e+00
  719  1.44e-03      4.51054e+00       7.14245e-01       3.24511e+00
  720  1.44e-03      4.52459e+00       7.98112e-01       3.28243e+00
  721  1.44e-03      4.52046e+00       5.94164e-01       3.21169e+00
  722  1.44e-03      4.47933e+00       7.34804e-01       3.23116e+00
  723  1.45e-03      4.48464e+00       7.18942e-01       3.22940e+00
  724  1.45e-03      4.50438e+00       6.90219e-01       3.23299e+00
  725  1.45e-03      4.47535e+00       6.99932e-01       3.21688e+00
  726  1.45e-03      4.47691e+00       8.02145e-01       3.25199e+00
  727  1.45e-03      4.47548e+00       6.99584e-01       3.21685e+00
  728  1.46e-03      4.44666e+00       7.23126e-01       3.20548e+00
  729  1.46e-03      4.42374e+00       6.13366e-01       3.15361e+00
  730  1.46e-03      4.46624e+00       6.68008e-01       3.20016e+00
  731  1.46e-03      4.45292e+00       7.43881e-01       3.21657e+00
  732  1.46e-03      4.47690e+00       6.78984e-01       3.21093e+00
  733  1.47e-03      4.49436e+00       6.53077e-01       3.21393e+00
  734  1.47e-03      4.47949e+00       6.50747e-01       3.20324e+00
  735  1.47e-03      4.51050e+00       7.84482e-01       3.26849e+00
  736  1.47e-03      4.50653e+00       6.30890e-01       3.21465e+00
  737  1.47e-03      4.43585e+00       8.40602e-01       3.23743e+00
  738  1.48e-03      4.44732e+00       5.38003e-01       3.14421e+00
  739  1.48e-03      4.47899e+00       8.39636e-01       3.26587e+00
  740  1.48e-03      4.53301e+00       6.95720e-01       3.25391e+00
  741  1.48e-03      4.52761e+00       7.71426e-01       3.27555e+00
  742  1.48e-03      4.56907e+00       7.24147e-01       3.28743e+00
  743  1.49e-03      4.53469e+00       8.39245e-01       3.30287e+00
  744  1.49e-03      4.50645e+00       6.73483e-01       3.22879e+00
  745  1.49e-03      4.51806e+00       7.34575e-01       3.25690e+00
  746  1.49e-03      4.47512e+00       8.30515e-01       3.26025e+00
  747  1.49e-03      4.43145e+00       6.39290e-01       3.16740e+00
  748  1.50e-03      4.45170e+00       7.55580e-01       3.21966e+00
  749  1.50e-03      4.45966e+00       6.71609e-01       3.19697e+00
  750  1.50e-03      4.46558e+00       7.10457e-01       3.21387e+00
  751  1.50e-03      4.45375e+00       6.41835e-01       3.18311e+00
  752  1.50e-03      4.46052e+00       6.81506e-01       3.20085e+00
  753  1.51e-03      4.42474e+00       7.52940e-01       3.20080e+00
  754  1.51e-03      4.40313e+00       8.49626e-01       3.21863e+00
  755  1.51e-03      4.44052e+00       6.44482e-01       3.17518e+00
  756  1.51e-03      4.43892e+00       9.34151e-01       3.27066e+00
  757  1.51e-03      4.42155e+00       7.47041e-01       3.19672e+00
  758  1.52e-03      4.40921e+00       7.35790e-01       3.18474e+00
  759  1.52e-03      4.41477e+00       7.16763e-01       3.18210e+00
  760  1.52e-03      4.39691e+00       7.48188e-01       3.18067e+00
  761  1.52e-03      4.41817e+00       6.89209e-01       3.17518e+00
  762  1.52e-03      4.41685e+00       6.91249e-01       3.17498e+00
  763  1.53e-03      4.43808e+00       6.82740e-01       3.18630e+00
  764  1.53e-03      4.43001e+00       6.75787e-01       3.17860e+00
  765  1.53e-03      4.45879e+00       8.56081e-01       3.25789e+00
  766  1.53e-03      4.45969e+00       5.40490e-01       3.15329e+00
  767  1.53e-03      4.42070e+00       7.85932e-01       3.20911e+00
  768  1.54e-03      4.45287e+00       6.83155e-01       3.19630e+00
  769  1.54e-03      4.43795e+00       8.54189e-01       3.24336e+00
  770  1.54e-03      4.43946e+00       7.62173e-01       3.21370e+00
  771  1.54e-03      4.45554e+00       7.33274e-01       3.21479e+00
  772  1.54e-03      4.44576e+00       8.07161e-01       3.23290e+00
  773  1.55e-03      4.43807e+00       8.41181e-01       3.23911e+00
  774  1.55e-03      4.42354e+00       8.79947e-01       3.24234e+00
  775  1.55e-03      4.46717e+00       7.43339e-01       3.22590e+00
  776  1.55e-03      4.44050e+00       8.76777e-01       3.25259e+00
  777  1.55e-03      4.43639e+00       5.50975e-01       3.14125e+00
  778  1.56e-03      4.42299e+00       8.87842e-01       3.24461e+00
  779  1.56e-03      4.42281e+00       7.79676e-01       3.20843e+00
  780  1.56e-03      4.40300e+00       7.40283e-01       3.18210e+00
  781  1.56e-03      4.39470e+00       8.07174e-01       3.19886e+00
  782  1.56e-03      4.37984e+00       8.20650e-01       3.19344e+00
  783  1.57e-03      4.37689e+00       8.09991e-01       3.18792e+00
  784  1.57e-03      4.39783e+00       8.14949e-01       3.20353e+00
  785  1.57e-03      4.38862e+00       7.70336e-01       3.18253e+00
  786  1.57e-03      4.38341e+00       8.09619e-01       3.19215e+00
  787  1.57e-03      4.39524e+00       9.38436e-01       3.24297e+00
  788  1.58e-03      4.41017e+00       7.77596e-01       3.19931e+00
  789  1.58e-03      4.40613e+00       8.33204e-01       3.21516e+00
  790  1.58e-03      4.38327e+00       8.41973e-01       3.20284e+00
  791  1.58e-03      4.41321e+00       9.59689e-01       3.26203e+00
  792  1.58e-03      4.44541e+00       7.51847e-01       3.21423e+00
  793  1.59e-03      4.41854e+00       8.93328e-01       3.24347e+00
  794  1.59e-03      4.41233e+00       8.26951e-01       3.21720e+00
  795  1.59e-03      4.40768e+00       8.50956e-01       3.22210e+00
  796  1.59e-03      4.41047e+00       6.76877e-01       3.16594e+00
  797  1.59e-03      4.39891e+00       8.56308e-01       3.21805e+00
  798  1.60e-03      4.38087e+00       9.99421e-01       3.25372e+00
  799  1.60e-03      4.37682e+00       8.27358e-01       3.19367e+00
  800  1.60e-03      4.37490e+00       8.72105e-01       3.20730e+00
  801  1.60e-03      4.35752e+00       7.53789e-01       3.15627e+00
  802  1.60e-03      4.34194e+00       9.85638e-01       3.22317e+00
  803  1.61e-03      4.29941e+00       8.21749e-01       3.14019e+00
  804  1.61e-03      4.35614e+00       8.34811e-01       3.18237e+00
  805  1.61e-03      4.31449e+00       7.42264e-01       3.12375e+00
  806  1.61e-03      4.34006e+00       9.41949e-01       3.20735e+00
  807  1.61e-03      4.34299e+00       8.11656e-01       3.16588e+00
  808  1.62e-03      4.35975e+00       8.54317e-01       3.19128e+00
  809  1.62e-03      4.33865e+00       8.69917e-01       3.18241e+00
  810  1.62e-03      4.34443e+00       8.11738e-01       3.16686e+00
  811  1.62e-03      4.31744e+00       9.66160e-01       3.20035e+00
  812  1.62e-03      4.32672e+00       8.67214e-01       3.17355e+00
  813  1.63e-03      4.33787e+00       7.50951e-01       3.14223e+00
  814  1.63e-03      4.31181e+00       8.72841e-01       3.16549e+00
  815  1.63e-03      4.28119e+00       9.26211e-01       3.16286e+00
  816  1.63e-03      4.27017e+00       8.19751e-01       3.12003e+00
  817  1.63e-03      4.24035e+00       9.80336e-01       3.15368e+00
  818  1.64e-03      4.26854e+00       8.61937e-01       3.13301e+00
  819  1.64e-03      4.25762e+00       8.70066e-01       3.12843e+00
  820  1.64e-03      4.26678e+00       9.07664e-01       3.14708e+00
  821  1.64e-03      4.24125e+00       1.01590e+00       3.16613e+00
  822  1.64e-03      4.26530e+00       8.13880e-01       3.11482e+00
  823  1.65e-03      4.25108e+00       9.52823e-01       3.15166e+00
  824  1.65e-03      4.28314e+00       7.65237e-01       3.11050e+00
  825  1.65e-03      4.27300e+00       9.62826e-01       3.16961e+00
  826  1.65e-03      4.27626e+00       8.66737e-01       3.13975e+00
  827  1.65e-03      4.28765e+00       8.57131e-01       3.14414e+00
  828  1.66e-03      4.33172e+00       8.90908e-01       3.18478e+00
  829  1.66e-03      4.32717e+00       8.23719e-01       3.15935e+00
  830  1.66e-03      4.37255e+00       8.63166e-01       3.20275e+00
  831  1.66e-03      4.33345e+00       8.69958e-01       3.17895e+00
  832  1.66e-03      4.34426e+00       9.50956e-01       3.21316e+00
  833  1.67e-03      4.33794e+00       7.69366e-01       3.14842e+00
  834  1.67e-03      4.34246e+00       1.06870e+00       3.25120e+00
  835  1.67e-03      4.32716e+00       8.56831e-01       3.17038e+00
  836  1.67e-03      4.33806e+00       1.07323e+00       3.24978e+00
  837  1.67e-03      4.33274e+00       9.36031e-01       3.20050e+00
  838  1.68e-03      4.34415e+00       1.04811e+00       3.24547e+00
  839  1.68e-03      4.33849e+00       9.99570e-01       3.22552e+00
  840  1.68e-03      4.34696e+00       9.86968e-01       3.22696e+00
  841  1.68e-03      4.39340e+00       9.19007e-01       3.23527e+00
  842  1.68e-03      4.40858e+00       9.70679e-01       3.26261e+00
  843  1.69e-03      4.40425e+00       9.08652e-01       3.23905e+00
  844  1.69e-03      4.39596e+00       8.98000e-01       3.22998e+00
  845  1.69e-03      4.41930e+00       9.59186e-01       3.26593e+00
  846  1.69e-03      4.40660e+00       8.57814e-01       3.22367e+00
  847  1.69e-03      4.35511e+00       1.01218e+00       3.24080e+00
  848  1.70e-03      4.40527e+00       8.54228e-01       3.22159e+00
  849  1.70e-03      4.41007e+00       1.04839e+00       3.28951e+00
  850  1.70e-03      4.41666e+00       7.93219e-01       3.20885e+00
  851  1.70e-03      4.41708e+00       1.18125e+00       3.33847e+00
  852  1.70e-03      4.38578e+00       9.75828e-01       3.24913e+00
  853  1.71e-03      4.39795e+00       1.03885e+00       3.27825e+00
  854  1.71e-03      4.39316e+00       9.26114e-01       3.23748e+00
  855  1.71e-03      4.42462e+00       1.21258e+00       3.35394e+00
  856  1.71e-03      4.38888e+00       1.01692e+00       3.26489e+00
  857  1.71e-03      4.37947e+00       8.15413e-01       3.19145e+00
  858  1.72e-03      4.38808e+00       1.08163e+00       3.28593e+00
  859  1.72e-03      4.40297e+00       1.00875e+00       3.27156e+00
  860  1.72e-03      4.40172e+00       1.04002e+00       3.28115e+00
  861  1.72e-03      4.40685e+00       7.98374e-01       3.20402e+00
  862  1.72e-03      4.39124e+00       9.86700e-01       3.25639e+00
  863  1.73e-03      4.43019e+00       8.90115e-01       3.25016e+00
  864  1.73e-03      4.39557e+00       1.24238e+00       3.34450e+00
  865  1.73e-03      4.42911e+00       8.11228e-01       3.22315e+00
  866  1.73e-03      4.45167e+00       1.01708e+00       3.30680e+00
  867  1.73e-03      4.44449e+00       9.41881e-01       3.27695e+00
  868  1.74e-03      4.44113e+00       1.17726e+00       3.35317e+00
  869  1.74e-03      4.43049e+00       8.68518e-01       3.24317e+00
  870  1.74e-03      4.40902e+00       9.31999e-01       3.25001e+00
  871  1.74e-03      4.38994e+00       1.07619e+00       3.28536e+00
  872  1.74e-03      4.37595e+00       1.01457e+00       3.25549e+00
  873  1.75e-03      4.35982e+00       1.03592e+00       3.25185e+00
  874  1.75e-03      4.41580e+00       9.75750e-01       3.26912e+00
  875  1.75e-03      4.42464e+00       1.02907e+00       3.29278e+00
  876  1.75e-03      4.41044e+00       9.51096e-01       3.25732e+00
  877  1.75e-03      4.39819e+00       1.14999e+00       3.31546e+00
  878  1.76e-03      4.40683e+00       9.88670e-01       3.26744e+00
  879  1.76e-03      4.44127e+00       1.11933e+00       3.33395e+00
  880  1.76e-03      4.46833e+00       7.94352e-01       3.24367e+00
  881  1.76e-03      4.43327e+00       1.26216e+00       3.37623e+00
  882  1.76e-03      4.41446e+00       9.33503e-01       3.25414e+00
  883  1.77e-03      4.39354e+00       1.21829e+00       3.33512e+00
  884  1.77e-03      4.39280e+00       9.53830e-01       3.24647e+00
  885  1.77e-03      4.42054e+00       1.13018e+00       3.32376e+00
  886  1.77e-03      4.38833e+00       1.10653e+00       3.29440e+00
  887  1.77e-03      4.38292e+00       9.91189e-01       3.25234e+00
  888  1.78e-03      4.36249e+00       1.12240e+00       3.28246e+00
  889  1.78e-03      4.36034e+00       1.02352e+00       3.24807e+00
  890  1.78e-03      4.37826e+00       1.27876e+00       3.34509e+00
  891  1.78e-03      4.37892e+00       8.45671e-01       3.20117e+00
  892  1.78e-03      4.36390e+00       1.21775e+00       3.31518e+00
  893  1.79e-03      4.35103e+00       9.96846e-01       3.23297e+00
  894  1.79e-03      4.36553e+00       1.12354e+00       3.28487e+00
  895  1.79e-03      4.37363e+00       8.98953e-01       3.21540e+00
  896  1.79e-03      4.37191e+00       1.05747e+00       3.26709e+00
  897  1.79e-03      4.34653e+00       9.57439e-01       3.21683e+00
  898  1.80e-03      4.35051e+00       1.20118e+00       3.30073e+00
  899  1.80e-03      4.37089e+00       1.05421e+00       3.26533e+00
  900  1.80e-03      4.39959e+00       1.13677e+00       3.31198e+00
  901  1.80e-03      4.40737e+00       1.06245e+00       3.29240e+00
  902  1.80e-03      4.44781e+00       1.07756e+00       3.32439e+00
  903  1.81e-03      4.40236e+00       1.08064e+00       3.29512e+00
  904  1.81e-03      4.39261e+00       9.55124e-01       3.24678e+00
  905  1.81e-03      4.38541e+00       1.13585e+00       3.30222e+00
  906  1.81e-03      4.39087e+00       9.50262e-01       3.24400e+00
  907  1.81e-03      4.37581e+00       1.19550e+00       3.31570e+00
  908  1.82e-03      4.38540e+00       8.24879e-01       3.19856e+00
  909  1.82e-03      4.36574e+00       1.24009e+00       3.32385e+00
  910  1.82e-03      4.36881e+00       7.60240e-01       3.16595e+00
  911  1.82e-03      4.34672e+00       1.24637e+00       3.31327e+00
  912  1.82e-03      4.38020e+00       1.00602e+00       3.25547e+00
  913  1.83e-03      4.31155e+00       1.06488e+00       3.22933e+00
  914  1.83e-03      4.30406e+00       1.04835e+00       3.21882e+00
  915  1.83e-03      4.29670e+00       1.10172e+00       3.23171e+00
  916  1.83e-03      4.31964e+00       1.01044e+00       3.21658e+00
  917  1.83e-03      4.32539e+00       1.03658e+00       3.22912e+00
  918  1.84e-03      4.30081e+00       1.20258e+00       3.26806e+00
  919  1.84e-03      4.24954e+00       9.31797e-01       3.14363e+00
  920  1.84e-03      4.26839e+00       1.31667e+00       3.28448e+00
  921  1.84e-03      4.26743e+00       8.92400e-01       3.14242e+00
  922  1.84e-03      4.29240e+00       1.25334e+00       3.27938e+00
  923  1.85e-03      4.27437e+00       1.00729e+00       3.18535e+00
  924  1.85e-03      4.30024e+00       1.24427e+00       3.28158e+00
  925  1.85e-03      4.28457e+00       1.04078e+00       3.20331e+00
  926  1.85e-03      4.28732e+00       1.21102e+00       3.26189e+00
  927  1.85e-03      4.25177e+00       9.38121e-01       3.14722e+00
  928  1.86e-03      4.30296e+00       1.08252e+00       3.22948e+00
  929  1.86e-03      4.30227e+00       1.08318e+00       3.22924e+00
  930  1.86e-03      4.33167e+00       9.36761e-01       3.20004e+00
  931  1.86e-03      4.33440e+00       1.24339e+00       3.30406e+00
  932  1.86e-03      4.34569e+00       9.99726e-01       3.23037e+00
  933  1.87e-03      4.31902e+00       9.03466e-01       3.18050e+00
  934  1.87e-03      4.33612e+00       1.07948e+00       3.25057e+00
  935  1.87e-03      4.35932e+00       1.28508e+00       3.33458e+00
  936  1.87e-03      4.33961e+00       9.89210e-01       3.22281e+00
  937  1.87e-03      4.33659e+00       1.30419e+00       3.32579e+00
  938  1.88e-03      4.36782e+00       9.99256e-01       3.24497e+00
  939  1.88e-03      4.36081e+00       1.45105e+00       3.39089e+00
  940  1.88e-03      4.35222e+00       1.09485e+00       3.26643e+00
  941  1.88e-03      4.31416e+00       1.18655e+00       3.27162e+00
  942  1.88e-03      4.29340e+00       1.07532e+00       3.22071e+00
  943  1.89e-03      4.33468e+00       1.25146e+00       3.30694e+00
  944  1.89e-03      4.35581e+00       1.05488e+00       3.25550e+00
  945  1.89e-03      4.34483e+00       1.02785e+00       3.23917e+00
  946  1.89e-03      4.32504e+00       1.20122e+00       3.28377e+00
  947  1.89e-03      4.31953e+00       9.71887e-01       3.20365e+00
  948  1.90e-03      4.33442e+00       1.22966e+00       3.29950e+00
  949  1.90e-03      4.29165e+00       8.36674e-01       3.13999e+00
  950  1.90e-03      4.27295e+00       1.26301e+00       3.26964e+00
  951  1.90e-03      4.25527e+00       1.21110e+00       3.24055e+00
  952  1.90e-03      4.27299e+00       1.10817e+00       3.21805e+00
  953  1.91e-03      4.26988e+00       8.96428e-01       3.14540e+00
  954  1.91e-03      4.27421e+00       1.41831e+00       3.32224e+00
  955  1.91e-03      4.23759e+00       1.06731e+00       3.18083e+00
  956  1.91e-03      4.24418e+00       1.23371e+00       3.24069e+00
  957  1.91e-03      4.23896e+00       1.04437e+00       3.17410e+00
  958  1.92e-03      4.22383e+00       1.30639e+00       3.25135e+00
  959  1.92e-03      4.24672e+00       1.21532e+00       3.23625e+00
  960  1.92e-03      4.20472e+00       1.07369e+00       3.16104e+00
  961  1.92e-03      4.19964e+00       1.13200e+00       3.17709e+00
  962  1.92e-03      4.18895e+00       1.09872e+00       3.15887e+00
  963  1.93e-03      4.18279e+00       1.23100e+00       3.19886e+00
  964  1.93e-03      4.17252e+00       1.03508e+00       3.12671e+00
  965  1.93e-03      4.20210e+00       1.32123e+00       3.24181e+00
  966  1.93e-03      4.17402e+00       9.83253e-01       3.11043e+00
  967  1.93e-03      4.14223e+00       1.32675e+00       3.20374e+00
  968  1.94e-03      4.16640e+00       1.00877e+00       3.11386e+00
  969  1.94e-03      4.21296e+00       1.19231e+00       3.20608e+00
  970  1.94e-03      4.19360e+00       1.04817e+00       3.14512e+00
  971  1.94e-03      4.20346e+00       1.28516e+00       3.23069e+00
  972  1.94e-03      4.15392e+00       1.30287e+00       3.20357e+00
  973  1.95e-03      4.16144e+00       1.13749e+00       3.15346e+00
  974  1.95e-03      4.17402e+00       1.04285e+00       3.13030e+00
  975  1.95e-03      4.16150e+00       1.28809e+00       3.20369e+00
  976  1.95e-03      4.16612e+00       1.41164e+00       3.24796e+00
  977  1.95e-03      4.17257e+00       9.93730e-01       3.11295e+00
  978  1.96e-03      4.17374e+00       1.29826e+00       3.21524e+00
  979  1.96e-03      4.19781e+00       1.11146e+00       3.16903e+00
  980  1.96e-03      4.21046e+00       1.24564e+00       3.22218e+00
  981  1.96e-03      4.21001e+00       1.06719e+00       3.16240e+00
  982  1.96e-03      4.22703e+00       1.18236e+00       3.21214e+00
  983  1.97e-03      4.19711e+00       1.03252e+00       3.14225e+00
  984  1.97e-03      4.22993e+00       1.22307e+00       3.22764e+00
  985  1.97e-03      4.23633e+00       1.20408e+00       3.22558e+00
  986  1.97e-03      4.23644e+00       1.07815e+00       3.18368e+00
  987  1.97e-03      4.21311e+00       1.15531e+00       3.19384e+00
  988  1.98e-03      4.21450e+00       1.21975e+00       3.21625e+00
  989  1.98e-03      4.20303e+00       1.19665e+00       3.20091e+00
  990  1.98e-03      4.21597e+00       1.10984e+00       3.18059e+00
  991  1.98e-03      4.21346e+00       1.24849e+00       3.22513e+00
  992  1.98e-03      4.23827e+00       1.23332e+00       3.23662e+00
  993  1.99e-03      4.21374e+00       1.12299e+00       3.18349e+00
  994  1.99e-03      4.19697e+00       1.10249e+00       3.16548e+00
  995  1.99e-03      4.17534e+00       1.29778e+00       3.21616e+00
  996  1.99e-03      4.16685e+00       1.02928e+00       3.12099e+00
  997  1.99e-03      4.13502e+00       1.20805e+00       3.15936e+00
  998  2.00e-03      4.17731e+00       1.24974e+00       3.20145e+00
  999  2.00e-03      4.14694e+00       1.16979e+00       3.15456e+00
